5 0.4330289193302892 0.40460081190798375 0.007610350076103458 0.018944519621109636
6 0.3097718253968254 0.34435626102292766 0.03720238095238095 0.15079365079365073
1 0.1197916666666666 0.4528218694885362 0.23958333333333326 0.14021164021164004
6 0.22048611111111108 0.9431216931216927 0.22073412698412692 0.11375661375661371
4 0.515625 0.5718694885361552 0.06696428571428577 0.17901234567901234
4 0.4374999999999997 0.4894179894179893 0.1140873015873016 0.15696649029982343
4 0.6063988095238095 0.4828042328042328 0.0927579365079366 0.15255731922398588
4 0.8623511904761907 0.663139329805996 0.11755952380952386 0.21164021164021116
4 0.7899305555555556 0.38183421516754845 0.056051587301587345 0.13403880070546742
4 0.7470238095238096 0.39506172839506176 0.047619047619047734 0.11816578483245145
4 0.6939484126984126 0.36067019400352734 0.05456349206349188 0.12345679012345681
0 0.8422619047619034 0.7874779541446202 0.31547619047619047 0.3509700176366833
