5 0.7573049999999999 0.637085 0.016234 0.010101
6 0.23487103174603174 0.29012345679012347 0.03422619047619044 0.13756613756613764
4 0.5007440476190477 0.3844797178130511 0.09871031746031747 0.14991181657848326
4 0.8120039682539684 0.5952380952380952 0.10912698412698418 0.20811287477954146
4 0.35267857142857145 0.5145502645502645 0.11011904761904763 0.16313932980599646
4 0.1996527777777778 0.6428571428571428 0.09573412698412699 0.21693121693121684
4 0.12251984126984126 0.4744268077601411 0.05456349206349206 0.17460317460317462
4 0.0716765873015873 0.4281305114638448 0.050099206349206345 0.16843033509700178
4 0.02703373015873016 0.41093474426807747 0.05406746031746032 0.17107583774250437
1 0.40054563492063494 0.4417989417989417 0.4389880952380952 0.15167548500881803
1 0.0853174603174602 0.7164902998236323 0.1706349206349204 0.26895943562610264
