5 0.6107305936073059 0.49391069012178623 0.008371385083713817 0.013531799729364025
3 0.6927083333333333 0.533068783068783 0.04315476190476204 0.14197530864197538
2 0.748015873015873 0.5405643738977072 0.11706349206349216 0.14109347442680778
4 0.8767361111111112 0.5194003527336861 0.07688492063492064 0.1322751322751322
4 0.6822916666666667 0.46604938271604934 0.04216269841269849 0.09611992945326278
4 0.5538194444444444 0.42901234567901236 0.046130952380952335 0.09611992945326278
4 0.5081845238095238 0.44620811287477957 0.050099206349206324 0.07936507936507936
4 0.4350198412698413 0.48500881834215165 0.04960317460317462 0.12345679012345677
4 0.32713293650793646 0.47398589065255736 0.047123015873015886 0.12081128747795418
6 0.06175595238095237 0.46604938271604934 0.04811507936507936 0.1243386243386243
1 0.2554563492063493 0.5842151675485008 0.47519841269841295 0.15079365079365029
4 0.6021825396825398 0.8615520282186949 0.08234126984126995 0.2627865961199295
4 0.11855158730158731 0.9052028218694885 0.06845238095238095 0.18253968253968253
1 0.7447916666666665 0.8465608465608462 0.5054563492063492 0.30335097001763606
