5 0.3900159999999999 0.845599 0.015422 0.017316
6 0.44420264623955424 0.27158774373259054 0.04387186629526454 0.12534818941504178
3 0.21034993036211694 0.38579387186629527 0.06815807799442897 0.13649025069637888
2 0.14297527855153203 0.37116991643454045 0.1120299442896936 0.17409470752089143
4 0.13200731197771584 0.4491643454038997 0.06032381615598885 0.15459610027855156
4 0.16060236768802227 0.4143454038997214 0.05483983286908078 0.1573816155988858
4 0.30671135097493035 0.4038997214484679 0.06502437325905294 0.16155988857938716
4 0.3286472841225626 0.42200557103064074 0.0603238161559889 0.16713091922005574
4 0.48141538997214484 0.46100278551532037 0.06345752089136482 0.17827298050139276
4 0.5292043871866295 0.4728412256267409 0.06972493036211695 0.20473537604456823
4 0.6565111420612812 0.5682451253481894 0.07520891364902503 0.2116991643454039
4 0.9267931754874651 0.6142061281337047 0.10497910863509759 0.24233983286908078
4 0.09949512534818947 0.786908077994429 0.19899025069637893 0.2757660167130918
1 0.20682451253481893 0.6991643454038996 0.41364902506963785 0.30919220055710345
1 0.40150591922005574 0.6963788300835654 0.024286211699164326 0.008356545961002694
1 0.6623868384401106 0.42270194986072424 0.483373955431755 0.15181058495821723
