5 0.270292 0.6948050000000001 0.008117 0.010101
4 0.8953488372093023 0.5813953488372092 0.09011627906976756 0.18087855297157623
4 0.6460755813953489 0.7493540051679587 0.2034883720930233 0.2041343669250645
4 0.7605377906976745 0.563953488372093 0.058866279069767415 0.189922480620155
4 0.7776162790697674 0.48385012919896636 0.052325581395348875 0.17700258397932814
4 0.6638808139534885 0.5180878552971576 0.045784883720930196 0.19896640826873388
4 0.42332848837209297 0.7939276485788114 0.17078488372093026 0.23643410852713173
3 0.532703488372093 0.5581395348837209 0.07848837209302324 0.12403100775193793
2 0.5243459302325582 0.5322997416020673 0.13299418604651167 0.1782945736434109
4 0.37100290697674415 0.5536175710594315 0.11555232558139533 0.17183462532299743
4 0.24382267441860464 0.5587855297157622 0.11845930232558138 0.17183462532299734
1 0.9120639534883709 0.5943152454780359 0.17587209302325477 0.2170542635658914
1 0.49999999999999983 0.8656330749353996 0.7543604651162787 0.2661498708010334
