5 0.8112633181126333 0.4979702300405953 0.012176560121765618 0.010825439783491219
3 0.01801880222841225 0.511142061281337 0.0360376044568245 0.15041782729805006
4 0.10145369080779944 0.4930362116991644 0.043088440111420614 0.15598885793871864
4 0.25735550139275765 0.39415041782729804 0.028986768802228405 0.10863509749303624
4 0.24442896935933148 0.44568245125348194 0.04073816155988862 0.11977715877437334
4 0.23776984679665739 0.5515320334261838 0.06815807799442897 0.13927576601671304
4 0.44381093314763226 0.6545961002785515 0.05875696378830085 0.1754874651810586
4 0.6020630222841225 0.5417827298050139 0.05092270194986071 0.13927576601671304
4 0.7250609331476322 0.47493036211699163 0.13709958217270185 0.0417827298050139
4 0.7579648328690807 0.4756267409470752 0.036821030640668655 0.1295264623955431
4 0.5303795264623955 0.8753481894150417 0.09714484679665737 0.13788300835654596
1 0.39406337047353723 0.5313370473537603 0.3901462395543171 0.13788300835654568
1 0.12495647632311964 0.8119777158774367 0.24991295264623928 0.2785515320334255
6 0.5292043871866293 0.956824512534819 0.0618906685236768 0.08635097493036177
