5 0.3949447077409162 0.678370786516854 0.007898894154818308 0.022471910112359553
0 0.029378481894150398 0.9129526462395541 0.058756963788300795 0.17409470752089068
4 0.3807451253481894 0.4798050139275766 0.04387186629526461 0.09888579387186631
4 0.6032381615598885 0.4665738161559888 0.07364206128133702 0.1281337047353761
4 0.7571814066852367 0.483983286908078 0.055623259052924826 0.1183844011142061
4 0.9032903899721447 0.41364902506963785 0.05483983286908071 0.11977715877437334
4 0.9534296657381615 0.5814763231197771 0.08774373259052921 0.13509749303621163
4 0.790477019498607 0.6441504178272982 0.11281337047353773 0.1462395543175488
1 0.7712830779944287 0.5766016713091919 0.45517061281337023 0.16155988857938725
1 0.9588701253481889 0.8892757660167129 0.08225974930362115 0.22144846796657341
4 0.34039867688022285 0.6337047353760447 0.1041956824512535 0.15320334261838447
