5 0.8451293759512939 0.5013531799729364 0.006849315068493098 0.012178619756427693
6 0.8570682451253481 0.282033426183844 0.05013927576601674 0.11002785515320333
4 0.6416260445682451 0.3022284122562674 0.06737465181058498 0.1030640668523676
4 0.5456563370473537 0.2465181058495819 0.022719359331476355 0.1114206128133704
4 0.8210306406685235 0.46448467966573814 0.08147632311977702 0.15459610027855156
4 0.6600365598885793 0.4352367688022284 0.07912604456824504 0.12116991643454035
4 0.40542305013927576 0.35863509749303624 0.06815807799442901 0.10724233983286911
4 0.5648502785515319 0.5285515320334262 0.0861768802228412 0.1545961002785515
4 0.4610463091922005 0.633008356545961 0.10576253481894142 0.2158774373259053
4 0.3027942200557103 0.7764623955431756 0.11986420612813373 0.24930362116991645
4 0.28751740947075205 0.5243732590529248 0.12221448467966578 0.17409470752089135
4 0.11163823119777155 0.6427576601671309 0.1073293871866295 0.20194986072423396
4 0.43832694986072424 0.9422005571030643 0.07129178272980503 0.11559888579387177
0 0.6580779944289691 0.5926183844011138 0.5045264623955431 0.2548746518105854
