5 0.23696682464454974 0.6453651685393258 0.01579778830963665 0.026685393258427018
6 0.9335317460317459 0.38932980599647266 0.028769841269841265 0.11728395061728392
4 0.8506944444444444 0.626984126984127 0.05257936507936506 0.15873015873015867
0 0.7909226190476173 0.6741622574955903 0.4181547619047609 0.2654320987654317
4 0.640625 0.8858024691358025 0.07589285714285708 0.2160493827160495
4 0.4717261904761905 0.7094356261022928 0.0674603174603174 0.17901234567901242
4 0.32167658730158727 0.5974426807760141 0.05505952380952376 0.12257495590828923
4 0.28893849206349204 0.5458553791887125 0.054067460317460306 0.13051146384479725
6 0.015376984126984126 0.35978835978835977 0.030753968253968252 0.10934744268077601
4 0.04067460317460317 0.9444444444444445 0.08134920634920634 0.10934744268077608
1 0.13219246031746026 0.4281305114638448 0.26339285714285704 0.13139329805996489
