5 0.301136 0.808081 0.008117 0.008658
6 0.6096230158730158 0.27601410934744264 0.04265873015873025 0.1322751322751324
3 0.31125992063492064 0.3977072310405644 0.04613095238095241 0.14638447971781304
4 0.3325892857142857 0.42416225749559083 0.04414682539682538 0.1604938271604938
2 0.30257936507936506 0.39285714285714285 0.11507936507936506 0.14021164021164026
4 0.39657738095238104 0.42151675485008816 0.051091269841269805 0.14814814814814808
4 0.4461805555555556 0.429453262786596 0.05704365079365068 0.15696649029982404
4 0.4761904761904762 0.4400352733686067 0.05853174603174541 0.17989417989417988
4 0.6242559523809523 0.4775132275132276 0.07192460317460334 0.17724867724867713
4 0.7234623015873015 0.554673721340388 0.09176587301587304 0.17813051146384482
4 0.8065476190476191 0.4541446208112875 0.06646825396825391 0.18165784832451506
4 0.2244543650793651 0.7111992945326279 0.07490079365079368 0.25661375661375646
1 0.2805059523809524 0.6975308641975312 0.5600198412698413 0.30335097001763783
1 0.7785218253968236 0.4444444444444444 0.4350198412698405 0.15696649029982362
