5 0.69558599695586 0.6278755074424899 0.010654490106544756 0.013531799729364025
6 0.9422123015873015 0.4682539682539683 0.060019841269841265 0.15873015873015872
4 0.7733134920634922 0.5612874779541446 0.12797619047619052 0.18077601410934746
4 0.7001488095238083 0.4479717813051148 0.10863095238095316 0.13403880070546748
4 0.5081845238095238 0.4519400352733686 0.03521825396825399 0.14197530864197538
4 0.48412698412698413 0.441358024691358 0.04067460317460316 0.14726631393298056
4 0.4409722222222222 0.43738977072310403 0.05257936507936506 0.14109347442680778
4 0.3871527777777778 0.44797178130511467 0.05406746031746039 0.1428571428571429
4 0.49851190476190477 0.6208112874779542 0.05555555555555557 0.1798941798941798
4 0.29117063492063494 0.6071428571428571 0.09523809523809522 0.19664902998236322
3 0.16517857142857142 0.5617283950617283 0.07638888888888891 0.18518518518518526
2 0.07738095238095236 0.5917107583774248 0.15277777777777773 0.1675485008818346
4 0.9506448412698405 0.7261904761904762 0.0987103174603173 0.2301587301587298
1 0.6274801587301588 0.6172839506172838 0.517857142857143 0.172839506172839
1 0.18080357142857142 0.8800705467372134 0.36160714285714285 0.23985890652557315
