5 0.184253 0.501443 0.00487 0.012987
4 0.873015873015873 0.4281305114638448 0.043650793650793676 0.13844797178130505
4 0.8003472222222223 0.4338624338624338 0.03918650793650798 0.13403880070546742
4 0.625 0.5480599647266314 0.04861111111111114 0.12962962962962962
4 0.5783730158730158 0.4541446208112875 0.03472222222222222 0.13227513227513235
4 0.36259920634920634 0.5233686067019401 0.06845238095238095 0.11199294532627874
4 0.3630952380952381 0.44973544973544977 0.038690476190476136 0.12345679012345677
4 0.13566468253968253 0.7843915343915344 0.061011904761904746 0.21075837742504405
0 0.21924603174603155 0.8655202821869485 0.4355158730158727 0.26895943562610264
1 0.9216269841269841 0.5771604938271605 0.15476190476190468 0.15255731922398588
