5 0.490064 0.560494 0.005342 0.006078
6 0.30778769841269843 0.4880952380952381 0.029265873015873006 0.14197530864197533
1 0.1808035714285714 0.6172839506172842 0.3586309523809523 0.16049382716049324
1 0.03323412698412699 0.9241622574955909 0.06250000000000001 0.14638447971781304
4 0.6302083333333333 0.5035273368606702 0.04315476190476197 0.11111111111111115
4 0.6994047619047619 0.49382716049382713 0.042658730158730125 0.11111111111111115
4 0.8725198412698413 0.5418871252204586 0.042658730158730125 0.13139329805996483
4 0.9035218253968254 0.6490299823633157 0.04017857142857153 0.1499118165784833
4 0.6354166666666666 0.6534391534391534 0.056547619047619124 0.13227513227513213
4 0.7991071428571429 0.9250440917107583 0.05853174603174608 0.14285714285714277
0 0.9231150793650794 0.8791887125220458 0.15376984126984128 0.2239858906525572
