5 0.3834910000000001 0.576548 0.006748 0.010996
3 0.44990079365079366 0.595679012345679 0.05753968253968253 0.13492063492063494
2 0.3680555555555556 0.6097883597883598 0.10416666666666671 0.1649029982363315
6 0.26884920634920634 0.8262786596119929 0.06845238095238092 0.2786596119929453
1 0.4479166666666661 0.89021164021164 0.6398809523809518 0.21957671957672015
4 0.47842261904761907 0.5383597883597884 0.02728174603174594 0.12962962962962962
4 0.5141369047619048 0.5194003527336861 0.03720238095238095 0.13580246913580254
4 0.4913194444444444 0.6635802469135803 0.0431547619047619 0.19135802469135804
4 0.5900297619047619 0.626984126984127 0.051091269841269875 0.1710758377425043
4 0.6681547619047619 0.5590828924162259 0.046626984126984045 0.16049382716049387
4 0.6857638888888888 0.6362433862433862 0.04017857142857153 0.1948853615520281
4 0.7172619047619048 0.6631393298059964 0.03174603174603177 0.21164021164021166
4 0.8754960317460317 0.6106701940035273 0.04067460317460331 0.18253968253968245
1 0.8075396825396826 0.6225749559082893 0.3789682539682539 0.1710758377425043
