5 0.573235 0.538597 0.008394 0.013114
4 0.6948990250696377 0.5884401114206128 0.08931058495821731 0.16295264623955424
4 0.6263492339832868 0.697075208913649 0.09322771587743738 0.19080779944289702
4 0.4312761142061281 0.7562674094707521 0.11516364902506965 0.20612813370473546
4 0.5652419916434542 0.8969359331476322 0.13709958217270196 0.20612813370473493
4 0.39484679665738154 0.43454038997214484 0.04700557103064071 0.11977715877437319
4 0.36272632311977715 0.4359331476323119 0.042305013927576664 0.13370473537604455
4 0.24482068245125344 0.552924791086351 0.08382660167130915 0.18384401114206142
4 0.16216922005571027 0.6016713091922006 0.10497910863509748 0.18941504178272986
0 0.2914345403899721 0.8544568245125341 0.5828690807799441 0.2910863509749296
