5 0.579951 0.7813849999999999 0.017045 0.012987
4 0.8115079365079364 0.623015873015873 0.13194444444444442 0.25661375661375657
4 0.5265376984126984 0.582010582010582 0.07688492063492064 0.20811287477954152
6 0.33779761904761907 0.2839506172839506 0.04861111111111114 0.13580246913580246
4 0.35342261904761907 0.5119047619047619 0.04513888888888886 0.22310405643738973
4 0.3821924603174603 0.4713403880070547 0.07787698412698418 0.16843033509700178
4 0.22966269841269843 0.4316578483245149 0.05059523809523807 0.1807760141093474
4 0.20634920634920634 0.41490299823633153 0.04265873015873016 0.15961199294532627
3 0.12127976190476192 0.419753086419753 0.07787698412698414 0.14814814814814817
2 0.05902777777777778 0.38888888888888884 0.1001984126984127 0.15167548500881833
4 0.022569444444444448 0.47751322751322756 0.043154761904761904 0.1613756613756614
4 0.0339781746031746 0.4413580246913581 0.06696428571428571 0.1578483245149912
1 0.1631944444444445 0.7239858906525575 0.326388888888889 0.3280423280423278
1 0.5850694444444442 0.4312169312169307 0.4459325396825395 0.15343915343915346
