5 0.2919340000000001 0.6714150000000001 0.0069440000000000005 0.010446
6 0.7697162256267408 0.4192200557103064 0.044655292479108655 0.15598885793871864
4 0.9424616991643453 0.4526462395543176 0.04700557103064071 0.1643454038997215
4 0.8688196378830082 0.6357938718662953 0.054839832869080854 0.1629526462395544
4 0.8488422701949859 0.7325905292479109 0.15276810584958211 0.16713091922005574
4 0.8864467270194969 0.9394150417827294 0.08382660167130913 0.12116991643454006
4 0.7246692200557102 0.9303621169916434 0.06110724233983291 0.13927576601671304
4 0.6012795961002785 0.66016713091922 0.08696030640668533 0.18662952646239547
3 0.3991556406685237 0.6030640668523677 0.05092270194986078 0.20055710306406696
2 0.37330257660167127 0.6309192200557103 0.1229979108635098 0.1922005571030641
1 0.4633965877437325 0.9087743732590525 0.7152681058495819 0.18245125348189353
1 0.8260793871866282 0.6434540389972141 0.3478412256267404 0.19777158774373269
