5 0.45901 0.551227 0.008929 0.01443
6 0.2487378133704735 0.41991643454039 0.04465529247910862 0.17409470752089135
4 0.638492339832869 0.4505571030640669 0.06424094707520894 0.19080779944289689
3 0.6941155988857938 0.5981894150417827 0.05954038997214482 0.24373259052924787
2 0.7791173398328681 0.6441504178272979 0.1700034818941507 0.21030640668523656
4 0.5221535515320334 0.48816155988857934 0.10419568245125348 0.1573816155988858
4 0.4363683844011142 0.6462395543175486 0.08774373259052921 0.1838440111420612
4 0.3047527855153203 0.5619777158774373 0.05797353760445681 0.24094707520891367
4 0.28634227019498604 0.6727019498607243 0.1292653203342618 0.23955431754874668
1 0.7195334261838439 0.944986072423398 0.5609331476323116 0.11002785515320265
1 0.19820682451253485 0.7054317548746519 0.39641364902506965 0.27158774373259015
