5 0.49369299999999994 0.604877 0.004136 0.007965
4 0.1214310584958217 0.6998607242339833 0.05797353760445682 0.20194986072423404
4 0.47867339832869077 0.5201949860724234 0.05797353760445681 0.1713091922005571
4 0.5585828690807799 0.5146239554317549 0.08304317548746525 0.12395543175487461
4 0.6134227019498606 0.5640668523676879 0.09401114206128128 0.12534818941504178
4 0.6616034122562674 0.4944289693593315 0.06345752089136489 0.12256267409470752
4 0.7450383008356545 0.5153203342618384 0.05797353760445688 0.13370473537604455
4 0.5977541782729804 0.6532033426183844 0.10497910863509731 0.13370473537604455
4 0.7321117688022284 0.754874651810585 0.06189066852367702 0.17827298050139276
6 0.634966922005571 0.9477715877437326 0.04622214484679674 0.09331476323119774
1 0.1844968662952646 0.6204735376044569 0.3689937325905292 0.18523676880222845
1 0.02193593314763231 0.9380222841225628 0.04387186629526462 0.12395543175487383
0 0.9510358635097487 0.9018105849582168 0.0979282729805022 0.19637883008356544
