5 0.293536 0.6718900000000001 0.008013 0.011396
6 0.7713293650793651 0.41666666666666663 0.04861111111111114 0.1649029982363315
3 0.40401785714285715 0.6014109347442681 0.052083333333333426 0.19223985890652556
2 0.37648809523809523 0.6322751322751323 0.12301587301587304 0.1798941798941798
4 0.6049107142857143 0.6547619047619048 0.06597222222222221 0.1719576719576719
4 0.9337797619047619 0.4523809523809524 0.04613095238095241 0.17460317460317462
4 0.871031746031746 0.6516754850088183 0.05853174603174608 0.16931216931216939
4 0.8893849206349206 0.7407407407407408 0.07440476190476204 0.1887125220458553
4 0.8779761904761904 0.9334215167548501 0.08234126984126973 0.12610229276895935
4 0.7199900793650794 0.9272486772486772 0.06299603174603163 0.14550264550264544
1 0.46577380952380953 0.9069664902998237 0.7222222222222223 0.18606701940035272
1 0.8263888888888888 0.6490299823633157 0.34722222222222215 0.20634920634920634
