5 0.649756 0.652237 0.012175 0.008658
4 0.7867063492063491 0.5815696649029982 0.05952380952380949 0.14373897707231037
4 0.6398809523809523 0.548941798941799 0.061507936507936595 0.16313932980599646
4 0.4613095238095238 0.513668430335097 0.06746031746031747 0.1737213403880071
4 0.40699404761904767 0.5679012345679012 0.04811507936507937 0.1657848324514991
4 0.4181547619047619 0.5057319223985891 0.08234126984126988 0.13315696649029996
4 0.2497519841269841 0.4673721340388008 0.09771825396825395 0.14991181657848324
4 0.08606150793650791 0.509700176366843 0.08482142857142855 0.15873015873015842
4 0.5188492063492063 0.7579365079365078 0.0575396825396826 0.20546737213403887
1 0.26934523809523825 0.7032627865961188 0.5386904761904765 0.20899470899470923
