5 0.43141199999999996 0.453102 0.010552 0.017316
6 0.43154761904761907 0.2865961199294533 0.038690476190476206 0.13403880070546742
4 0.5369543650793651 0.35802469135802467 0.06597222222222221 0.14814814814814814
4 0.5721726190476191 0.45634920634920634 0.09375 0.17548500881834223
4 0.667906746031746 0.5268959435626103 0.10664682539682538 0.1825396825396826
4 0.4350198412698413 0.4091710758377425 0.07936507936507936 0.15873015873015872
4 0.29712301587301587 0.5414462081128748 0.06547619047619044 0.24514991181657847
4 0.2614087301587302 0.4157848324514991 0.057539682539682564 0.18606701940035278
4 0.21775793650793648 0.42724867724867716 0.04563492063492056 0.18077601410934732
3 0.18998015873015872 0.41402116402116407 0.060515873015873 0.13844797178130513
2 0.14384920634920637 0.3972663139329806 0.12698412698412698 0.17901234567901234
4 0.03546626984126985 0.5546737213403881 0.0699404761904762 0.26455026455026454
1 0.21949404761904778 0.7508818342151676 0.43898809523809557 0.3553791887125212
1 0.7065972222222218 0.4519400352733685 0.5332341269841268 0.1772486772486771
