5 0.49180099999999993 0.6249229999999999 0.008129 0.008258
6 0.6647371169916434 0.951949860724234 0.05092270194986079 0.09610027855153205
4 0.7587482590529249 0.5355153203342619 0.035254178272980566 0.12395543175487461
4 0.6768802228412255 0.733983286908078 0.05954038997214482 0.15598885793871872
0 0.9784557799442898 0.9011142061281333 0.0430884401114204 0.14763231197771565
4 0.5719011142061281 0.637883008356546 0.07990947075208908 0.15041782729805014
4 0.6275243732590529 0.5807799442896936 0.07050835654596099 0.1364902506963788
4 0.6502437325905293 0.5188022284122563 0.04700557103064064 0.13231197771587752
4 0.5562325905292478 0.5647632311977716 0.06267409470752092 0.15459610027855156
4 0.5123607242339833 0.5146239554317549 0.06580779944289696 0.1295264623955432
4 0.15942722841225623 0.6685236768802229 0.04778899721448468 0.18662952646239567
1 0.21426706128133688 0.6121169916434531 0.42853412256267376 0.17130919220055707
6 0.010184540389972137 0.9352367688022286 0.020369080779944274 0.1295264623955425
1 0.0564066852367688 0.9164345403899722 0.11281337047353757 0.16713091922005546
