5 0.6301369863013697 0.7929634641407307 0.013698630136986268 0.021650879566982438
6 0.5825892857142857 0.25573192239858905 0.03422619047619051 0.13580246913580252
3 0.34598214285714285 0.41490299823633153 0.08680555555555557 0.11022927689594361
4 0.361359126984127 0.40828924162257496 0.046130952380952335 0.17107583774250443
2 0.32217261904761907 0.3831569664902998 0.11656746031746028 0.1472663139329806
4 0.2371031746031746 0.4281305114638448 0.0625 0.18430335097001765
4 0.40724206349206354 0.48721340388007056 0.05456349206349209 0.13668430335097
4 0.5553075396825397 0.4351851851851852 0.06498015873015874 0.16843033509700184
4 0.6133432539682541 0.49823633156966496 0.06398809523809526 0.19047619047619052
4 0.7229662698412699 0.34832451499118167 0.04613095238095241 0.15696649029982365
4 0.9377480158730158 0.35317460317460314 0.08283730158730152 0.13139329805996477
4 0.9675099206349206 0.568342151675485 0.06498015873015874 0.2319223985890652
1 0.792658730158729 0.4351851851851851 0.4146825396825393 0.16137566137566137
1 0.2914186507936508 0.6997354497354499 0.5828373015873016 0.3165784832451503
4 0.7093253968253969 0.6940035273368607 0.08730158730158735 0.2539682539682539
4 0.7450396825396826 0.6234567901234568 0.08234126984126973 0.17460317460317454
