5 0.329311 0.528462 0.00817 0.010614000000000002
6 0.7281946378830082 0.4045961002785515 0.033687325905292484 0.12395543175487468
4 0.8457085654596099 0.5452646239554317 0.06345752089136497 0.1100278551532034
4 0.9299268802228411 0.49164345403899723 0.0564066852367688 0.1476323119777159
3 0.9765407381615597 0.6086350974930361 0.04622214484679674 0.16434540389972135
4 0.3494080779944289 0.8537604456824514 0.13004874651810586 0.21448467966573814
4 0.2973102367688022 0.6420612813370474 0.07285863509749305 0.16155988857938708
4 0.356458913649025 0.616991643454039 0.06267409470752092 0.14484679665738162
4 0.33491469359331477 0.47214484679665747 0.06659122562674093 0.11699164345403894
4 0.14963440111420612 0.5383008356545961 0.11751392757660167 0.14902506963788298
1 0.536255222841226 0.6051532033426179 0.45673746518105834 0.16016713091922022
1 0.8135445682451248 0.8934540389972134 0.3729108635097484 0.21309192200557003
