5 0.170455 0.497114 0.00487 0.010101
4 0.8318452380952379 0.4113756613756614 0.03968253968253961 0.13139329805996475
4 0.7693452380952381 0.4281305114638448 0.036706349206349104 0.13844797178130505
4 0.5815972222222222 0.5335097001763668 0.11458333333333329 0.13580246913580254
4 0.5493551587301587 0.44885361552028225 0.03224206349206348 0.13403880070546748
4 0.3286210317460318 0.5282186948853616 0.1125992063492064 0.11463844797178126
4 0.3199404761904762 0.45282186948853614 0.03968253968253976 0.1243386243386243
6 0.2951388888888889 0.4642857142857143 0.028769841269841265 0.08906525573192248
4 0.1259920634920635 0.7808641975308642 0.08035714285714285 0.19664902998236328
1 0.9037698412698413 0.5811287477954145 0.19246031746031747 0.18694885361552033
0 0.1924603174603174 0.8716931216931217 0.3819444444444443 0.2513227513227512
