5 0.5121765601217656 0.4269282814614344 0.009132420091324249 0.01217861975642755
6 0.4841269841269842 0.3985890652557319 0.041666666666666644 0.1322751322751322
4 0.4605654761904762 0.37081128747795417 0.02728174603174601 0.13139329805996475
4 0.4102182539682539 0.35185185185185186 0.0575396825396826 0.06172839506172835
4 0.3965773809523808 0.42328042328042303 0.05009920634920632 0.13932980599647285
4 0.8506944444444443 0.5008818342151676 0.05555555555555557 0.20282186948853614
4 0.23710317460317484 0.5881834215167548 0.05158730158730162 0.22398589065255733
4 0.14756944444444445 0.48941798941798936 0.05109126984126984 0.16225749559082892
4 0.15376984126984128 0.496031746031746 0.06646825396825397 0.13492063492063494
3 0.051587301587301584 0.5326278659611993 0.06845238095238095 0.13227513227513227
2 0.030009920634920636 0.5202821869488536 0.06001984126984127 0.14991181657848324
4 0.03968253968253968 0.7641093474426808 0.07936507936507936 0.2548500881834215
1 0.14484126984126985 0.8553791887125216 0.28968253968253965 0.2892416225749558
1 0.5458829365079356 0.5573192239858904 0.5014880952380945 0.16931216931216875
