5 0.593076 0.541989 0.006868 0.011758
4 0.09871169916434538 0.5626740947075209 0.09401114206128133 0.16713091922005574
4 0.21348363509749302 0.46657381615598886 0.04778899721448468 0.13649025069637888
4 0.28790912256267404 0.44637883008356555 0.06972493036211698 0.14623955431754873
4 0.29260967966573814 0.5278551532033425 0.08852715877437327 0.14206128133704732
4 0.353716922005571 0.6504178272980502 0.055623259052924826 0.15598885793871864
4 0.6318332172701949 0.5306406685236769 0.06972493036211709 0.12256267409470759
4 0.6388840529247911 0.6789693593314763 0.10419568245125341 0.1685236768802229
4 0.4727977019498607 0.8607242339832868 0.10106197771587745 0.24791086350974936
1 0.9357590529247898 0.5947075208913649 0.12848189415041777 0.15320334261838484
0 0.1758791782729804 0.8662952646239535 0.3517583565459608 0.2674094707520885
