5 0.481737 0.81746 0.013799 0.015873
6 0.3834871169916434 0.2785515320334262 0.04622214484679667 0.12813370473537603
3 0.1551183844011142 0.41364902506963785 0.06894150417827298 0.1337047353760446
2 0.10576253481894149 0.3850974930362117 0.11594707520891362 0.1183844011142061
4 0.0912691504178273 0.42966573816155995 0.03995473537604457 0.14902506963788298
4 0.06659122562674094 0.46448467966573814 0.08461002785515319 0.16573816155988852
4 0.25265494428969354 0.41155988857938725 0.05405640668523677 0.16016713091922008
4 0.2698903203342618 0.4289693593314763 0.052489554317548724 0.17548746518105843
4 0.42579213091922 0.4665738161559888 0.06032381615598886 0.16155988857938716
4 0.4351932451253482 0.49930362116991645 0.043088440111420566 0.20752089136490248
4 0.5930536211699163 0.5870473537604457 0.06894150417827291 0.2103064066852368
4 0.8558931058495821 0.6232590529247911 0.13396587743732583 0.23537604456824504
1 0.6032381615598885 0.4261838440111419 0.47475626740947086 0.15598885793871864
1 0.18293001392757657 0.7144846796657375 0.36586002785515315 0.3259052924791081
