5 0.5920221169036335 0.3441011235955056 0.015007898894154863 0.019662921348314627
3 0.4176587301587301 0.4228395061728395 0.043650793650793676 0.11728395061728392
2 0.3866567460317461 0.42592592592592593 0.08779761904761905 0.13580246913580246
6 0.10143849206349205 0.4554673721340388 0.02628968253968253 0.13315696649029973
4 0.15699404761904762 0.652557319223986 0.07093253968253971 0.13051146384479723
4 0.253968253968254 0.5758377425044092 0.05654761904761901 0.1657848324514991
4 0.5071924603174603 0.7923280423280423 0.05307539682539684 0.19488536155202824
4 0.5528273809523809 0.541005291005291 0.04910714285714277 0.16313932980599646
4 0.6453373015873016 0.5229276895943563 0.06150793650793652 0.11463844797178141
1 0.7991071428571415 0.4735449735449737 0.40079365079365054 0.20634920634920634
1 0.3454861111111099 0.7680776014109347 0.527281746031744 0.3633156966490293
