5 0.586024 0.5363860000000001 0.007123000000000001 0.011607
4 0.6500496031746031 0.5449735449735449 0.09275793650793653 0.13051146384479723
4 0.6282242063492063 0.6798941798941799 0.10664682539682552 0.14285714285714277
4 0.390625 0.6741622574955909 0.08482142857142862 0.1878306878306877
4 0.4846230158730158 0.8721340388007054 0.12797619047619044 0.2557319223985891
4 0.12549603174603174 0.5798059964726632 0.09027777777777776 0.18606701940035272
4 0.2614087301587301 0.5515873015873015 0.08531746031746028 0.17195767195767198
4 0.2586805555555556 0.44797178130511467 0.058035714285714274 0.13580246913580254
4 0.30803571428571425 0.44223985890652556 0.04960317460317462 0.16666666666666657
0 0.20634920634920634 0.8611111111111112 0.4126984126984127 0.27777777777777773
1 0.9697420634920636 0.5895061728395061 0.060515873015873044 0.13492063492063494
