5 0.272169 0.655745 0.01015 0.015195
6 0.7641369047619048 0.42548500881834217 0.04513888888888886 0.1649029982363315
4 0.9479166666666665 0.45943562610229277 0.03968253968253961 0.1657848324514991
4 0.8990575396825398 0.6516754850088183 0.05009920634920647 0.19223985890652556
4 0.9541170634920636 0.7416225749559082 0.051091269841269736 0.20811287477954146
4 0.9479166666666667 0.9585537918871252 0.10019841269841265 0.0776014109347443
4 0.7368551587301587 0.9382716049382717 0.05406746031746024 0.1128747795414462
4 0.662202380952381 0.6529982363315696 0.06547619047619051 0.17901234567901234
1 0.818452380952381 0.6516754850088183 0.3630952380952381 0.19753086419753088
3 0.3816964285714286 0.6058201058201058 0.046130952380952335 0.2098765432098765
2 0.3514384920634921 0.6331569664902998 0.11954365079365079 0.17813051146384468
1 0.44518849206349204 0.9087301587301587 0.712797619047619 0.18253968253968267
