5 0.474708 0.601761 0.0063690000000000005 0.004383
4 0.8452380952380952 0.5930335097001764 0.04662698412698418 0.15432098765432087
6 0.9451884920634922 0.945326278659612 0.0669642857142857 0.10405643738977062
4 0.7123015873015873 0.6428571428571428 0.04960317460317469 0.17460317460317454
4 0.6919642857142857 0.6058201058201058 0.04960317460317469 0.15873015873015867
4 0.6364087301587301 0.5498236331569665 0.06051587301587297 0.154320987654321
4 0.5610119047619048 0.7283950617283951 0.11309523809523818 0.18342151675485005
4 0.5218253968253969 0.5828924162257496 0.08035714285714285 0.11463844797178141
4 0.5307539682539683 0.5207231040564374 0.05654761904761905 0.10317460317460331
4 0.41592261904761896 0.6746031746031745 0.11160714285714285 0.15343915343915335
6 0.19171626984126985 0.849647266313933 0.05704365079365076 0.2742504409171076
3 0.24082341269841273 0.6014109347442681 0.04712301587301585 0.12698412698412703
2 0.15500992063492064 0.6084656084656085 0.10466269841269842 0.15520282186948856
1 0.6118551587301582 0.6089065255731924 0.4389880952380949 0.1560846560846558
1 0.2606646825396825 0.8791887125220454 0.5213293650793649 0.2416225749559077
