5 0.532468 0.555556 0.006494 0.011544
3 0.5973624651810584 0.605849582172702 0.07912604456824518 0.2534818941504179
2 0.700383008356546 0.6302228412256268 0.17392061281337048 0.2270194986072424
4 0.562108286908078 0.4387186629526462 0.0775591922005571 0.18941504178272986
6 0.30240250696378823 0.39484679665738154 0.056406685236768755 0.19080779944289694
4 0.4696639972144847 0.5550139275766017 0.09479456824512532 0.22144846796657391
4 0.42775069637883006 0.7298050139275766 0.07990947075208915 0.2701949860724235
4 0.20525766016713087 0.8530640668523677 0.12534818941504175 0.2883008356545962
4 0.013318245125348188 0.6023676880222841 0.026636490250696376 0.26044568245125355
1 0.14493384401114195 0.7040389972144844 0.2898676880222839 0.2827298050139272
1 0.6866295264623957 0.947771587743732 0.6267409470752087 0.10445682451253595
