5 0.315747 0.8650789999999999 0.016234 0.012987
6 0.48102367688022285 0.25974930362116994 0.04073816155988858 0.13231197771587744
4 0.2181841922005571 0.41016713091922 0.04622214484679663 0.15181058495821723
4 0.18763057103064062 0.4401114206128134 0.06345752089136493 0.13370473537604455
0 0.24364554317548742 0.3885793871866294 0.09714484679665744 0.128133704735376
2 0.18488857938718653 0.3830083565459607 0.12064763231197788 0.153203342618384
4 0.3290389972144847 0.40250696378830086 0.04700557103064064 0.15877437325905291
4 0.36625174094707513 0.41852367688022285 0.05248955431754872 0.16295264623955433
4 0.5452646239554316 0.45752089136490254 0.12691504178272972 0.1991643454038998
4 0.5797353760445682 0.4721448467966573 0.04857242339832865 0.20891364902506956
4 0.6890233286908078 0.5661559888579383 0.08382660167130916 0.21030640668523654
4 0.971796657381615 0.6121169916434538 0.05640668523676858 0.25766016713091905
4 0.12182277158774373 0.7715877437325906 0.21230849582172698 0.25069637883008355
1 0.2248433147632311 0.6915041782729804 0.4496866295264621 0.29944289693593346
1 0.6980327298050142 0.42339832869080785 0.4857242339832868 0.1504178272980501
