5 0.5302544102159029 0.8099362404137688 0.017046095689461253 0.021884846323048254
6 0.8521825396825398 0.9241622574955909 0.07341269841269848 0.14638447971781304
4 0.9094742063492066 0.6009700176366843 0.0897817460317458 0.24603174603174602
4 0.617311507936508 0.13007054673721338 0.052083333333333426 0.10846560846560845
4 0.4650297619047619 0.21825396825396826 0.055059523809523864 0.14726631393298065
4 0.44766865079365076 0.3708112874779541 0.1006944444444445 0.1578483245149911
4 0.4308035714285714 0.6715167548500881 0.07390873015873019 0.2213403880070546
4 0.21750992063492064 0.7821869488536156 0.1294642857142857 0.21516754850088177
4 0.27604166666666663 0.21649029982363313 0.08482142857142858 0.1419753086419753
4 0.14756944444444445 0.2429453262786596 0.09077380952380952 0.13139329805996472
4 0.06175595238095239 0.3421516754850088 0.055059523809523815 0.17989417989417988
3 0.00992063492063492 0.25220458553791886 0.017857142857142856 0.13932980599647266
1 0.4136904761904762 0.24426807760141103 0.41170634920634924 0.17813051146384504
1 0.14980158730158696 0.6040564373897707 0.29761904761904695 0.3403880070546736
