5 0.9072509370545067 0.7154499540863176 0.006457302043092596 0.011478420569329587
3 0.30902777777777773 0.5141093474426808 0.07142857142857145 0.12698412698412695
2 0.32787698412698413 0.49823633156966496 0.12003968253968253 0.16931216931216939
4 0.5969742063492063 0.6049382716049382 0.055059523809523794 0.18342151675485005
4 0.855406746031746 0.6044973544973545 0.05803571428571431 0.17019400352733677
4 0.75 0.5890652557319225 0.051587301587301654 0.11111111111111115
4 0.7046130952380952 0.5921516754850088 0.041170634920634795 0.19841269841269835
4 0.6820436507936507 0.5542328042328043 0.037698412698412655 0.1578483245149912
4 0.29365079365079366 0.7667548500881834 0.06448412698412699 0.2442680776014109
4 0.019345238095238096 0.5264550264550265 0.03869047619047619 0.2116402116402117
1 0.321924603174603 0.851410934744268 0.643849206349206 0.2971781305114637
