5 0.7475650000000001 0.640693 0.011364 0.008658
6 0.2380952380952381 0.28880070546737213 0.03174603174603174 0.12610229276895943
4 0.4868551587301587 0.38403880070546736 0.052083333333333356 0.1507936507936508
4 0.8256448412698413 0.6000881834215168 0.08283730158730165 0.19488536155202824
4 0.3315972222222222 0.5189594356261023 0.06398809523809522 0.16313932980599652
1 0.40178571428571475 0.4457671957671956 0.43452380952381003 0.14373897707231034
4 0.17981150793650794 0.644620811287478 0.06498015873015874 0.21516754850088177
4 0.11805555555555555 0.468694885361552 0.04563492063492063 0.17019400352733682
4 0.0744047619047619 0.4347442680776014 0.0486111111111111 0.1534391534391534
4 0.02132936507936508 0.41622574955908287 0.034722222222222224 0.1657848324514991
1 0.08457341269841269 0.7147266313932978 0.16914682539682538 0.2636684303350971
