5 0.6074719999999999 0.545465 0.007011 0.011277000000000002
6 0.9784993036211695 0.4665738161559888 0.04230501392757659 0.14763231197771579
4 0.6706128133704735 0.6887186629526463 0.13004874651810583 0.16295264623955424
4 0.6298746518105849 0.5215877437325905 0.04857242339832865 0.12395543175487461
4 0.36742688022284115 0.6371866295264623 0.09401114206128135 0.14066852367688015
4 0.43362639275766013 0.8551532033426184 0.09166086350974936 0.2367688022284122
4 0.3125870473537604 0.5362116991643454 0.05483983286908074 0.1643454038997214
4 0.25853064066852366 0.4700557103064067 0.04387186629526461 0.13509749303621177
4 0.1617775069637883 0.4735376044568245 0.0430884401114206 0.13091922005571027
4 0.07207520891364902 0.5536211699164345 0.08147632311977715 0.16573816155988866
0 0.13827472144846792 0.8746518105849578 0.27654944289693584 0.2506963788300831
1 0.8973711699164343 0.6065459610027856 0.2052576601671306 0.16295264623955436
