5 0.6197240000000002 0.539683 0.007305000000000001 0.008658
3 0.9265873015873015 0.47927689594356265 0.042658730158730125 0.0820105820105821
2 0.986359126984127 0.46075837742504405 0.02728174603174608 0.0802469135802469
2 0.5863095238095238 0.3941798941798942 0.027777777777777787 0.05996472663139329
4 0.5677083333333334 0.5383597883597884 0.03422619047619051 0.08377425044091716
4 0.5885416666666665 0.5154320987654321 0.02529761904761905 0.07848324514991191
1 0.7098214285714276 0.45590828924162247 0.26686507936507925 0.10758377425044088
1 0.9129464285714286 0.6882716049382717 0.17311507936507936 0.22839506172839508
4 0.3554067460317461 0.47398589065255736 0.03323412698412703 0.0802469135802469
4 0.40104166666666663 0.7574955908289241 0.06795634920634924 0.12874779541446202
4 0.2336309523809524 0.5330687830687831 0.0505952380952381 0.09964726631393304
4 0.21180555555555558 0.4162257495590829 0.018849206349206362 0.0811287477954145
6 0.36929563492063494 0.38888888888888884 0.03025793650793645 0.07054673721340386
0 0.15674603174603155 0.7138447971781302 0.3124999999999996 0.2671957671957668
