5 0.877029 0.511544 0.008929 0.015873
3 0.17857142857142858 0.3126102292768959 0.030753968253968225 0.12610229276895943
4 0.16121031746031747 0.3337742504409171 0.0396825396825397 0.13139329805996475
2 0.14260912698412698 0.29056437389770723 0.08184523809523807 0.13315696649029984
4 0.2571924603174603 0.32848324514991184 0.050099206349206324 0.12081128747795418
4 0.2829861111111111 0.37610229276895946 0.05406746031746032 0.11728395061728396
4 0.6433531746031746 0.29850088183421514 0.04464285714285708 0.11552028218694882
4 0.6731150793650794 0.4104938271604938 0.04067460317460302 0.10317460317460309
4 0.6428571428571428 0.4113756613756614 0.04265873015873005 0.12610229276895943
1 0.5089285714285711 0.3033509700176365 0.34325396825396803 0.13932980599647277
1 0.18849206349206338 0.5551146384479718 0.3769841269841267 0.2671957671957668
4 0.5017361111111112 0.6781305114638448 0.06498015873015867 0.18871252204585523
4 0.6599702380952381 0.8355379188712522 0.09077380952380956 0.2389770723104057
