5 0.252029 0.641414 0.007305000000000001 0.012987
3 0.39980158730158727 0.6406525573192241 0.0744047619047619 0.15255731922398597
4 0.4345238095238095 0.5357142857142857 0.08234126984126981 0.15608465608465608
2 0.3638392857142857 0.6313932980599648 0.13839285714285715 0.1887125220458553
4 0.3214285714285714 0.5524691358024691 0.052579365079365024 0.16843033509700184
4 0.5287698412698413 0.6093474426807761 0.06944444444444443 0.20811287477954152
4 0.6572420634920636 0.5396825396825397 0.07837301587301582 0.19400352733686077
4 0.7976190476190476 0.611111111111111 0.11210317460317455 0.20282186948853606
4 0.8040674603174602 0.787037037037037 0.08234126984126988 0.2319223985890652
4 0.6254960317460317 0.6904761904761905 0.0962301587301588 0.21516754850088177
4 0.5912698412698413 0.943562610229277 0.07837301587301582 0.11111111111111129
1 0.8425099206349199 0.693562610229277 0.3149801587301586 0.24779541446208136
1 0.36235119047619047 0.9268077601410935 0.7247023809523809 0.14638447971781324
