5 0.5730593607305936 0.6833558863328822 0.012176560121765547 0.01623815967523683
6 0.8655753968253969 0.3236331569664903 0.06150793650793645 0.10934744268077598
0 0.949156746031746 0.7619047619047619 0.09871031746031747 0.26455026455026454
1 0.346230158730158 0.3888888888888886 0.371031746031745 0.13403880070546728
6 0.06200396825396825 0.6662257495590829 0.07242063492063493 0.22839506172839513
1 0.07986111111111109 0.6494708994708995 0.15972222222222218 0.25485008818342175
3 0.018353174603174604 0.37742504409171074 0.03670634920634921 0.10405643738977076
4 0.47817460317460314 0.5890652557319224 0.07142857142857138 0.14109347442680772
4 0.5290178571428572 0.5224867724867726 0.03720238095238102 0.1507936507936508
4 0.6061507936507937 0.5656966490299823 0.05257936507936499 0.1843033509700176
4 0.6857638888888888 0.5361552028218695 0.04910714285714292 0.1763668430335097
4 0.7167658730158731 0.528659611992945 0.04960317460317485 0.1790123456790123
4 0.7517361111111112 0.8095238095238095 0.07093253968253961 0.2222222222222223
