5 0.292259083728278 0.8117977528089887 0.011058451816745639 0.022471910112359553
6 0.17862116991643454 0.3565459610027855 0.02820334261838436 0.09470752089136489
1 0.04935584958217269 0.3795264623955432 0.09871169916434538 0.09888579387186622
6 0.7607068245125348 0.29108635097493035 0.026636490250696455 0.07520891364902507
0 0.575034818941504 0.5494428969359333 0.3666434540389973 0.21587743732590525
4 0.4579126044568234 0.5201949860724231 0.06659122562674064 0.1128133704735373
4 0.2953516713091922 0.5584958217270194 0.10497910863509748 0.1364902506963788
6 0.16451949860724235 0.9331476323119777 0.07520891364902506 0.12813370473537616
4 0.5754265320334261 0.6775766016713092 0.06972493036211695 0.16016713091922
4 0.6467183147632315 0.831476323119778 0.08225974930362147 0.1782729805013936
4 0.9730153203342619 0.6135097493036211 0.05170612813370482 0.12395543175487461
4 0.8304317548746518 0.871866295264624 0.1175139275766017 0.2534818941504179
