5 0.4561611374407583 0.7226123595505618 0.015007898894154792 0.023876404494382088
6 0.5262896825396826 0.4523809523809524 0.032738095238095254 0.1164021164021164
4 0.640625 0.5185185185185185 0.03224206349206355 0.10229276895943563
4 0.6351686507936507 0.6049382716049383 0.03720238095238095 0.10405643738977076
4 0.845734126984127 0.7283950617283952 0.05357142857142861 0.1358024691358024
6 0.8968253968253969 0.9268077601410935 0.043650793650793676 0.13403880070546734
6 0.41840277777777773 0.9241622574955909 0.046130952380952335 0.1375661375661376
4 0.5783730158730158 0.6278659611992946 0.05257936507936499 0.10934744268077601
4 0.5084325396825397 0.5762786596119929 0.034722222222222286 0.13139329805996475
4 0.4456845238095238 0.541005291005291 0.03521825396825399 0.11904761904761912
4 0.40079365079365076 0.6146384479717812 0.037698412698412724 0.11111111111111108
4 0.37276785714285715 0.558641975308642 0.03224206349206355 0.1049382716049383
3 0.3710317460317461 0.5665784832451499 0.05654761904761905 0.06790123456790134
2 0.3511904761904762 0.5299823633156966 0.08531746031746028 0.08994708994708994
4 0.31522817460317465 0.597442680776014 0.040178571428571425 0.10141093474426803
1 0.2056051587301588 0.7491181657848327 0.4112103174603176 0.19664902998236347
1 0.7274305555555542 0.6084656084656085 0.38541666666666663 0.1516754850088186
