5 0.832792 0.419913 0.011364 0.011544
4 0.9342757936507937 0.5224867724867726 0.12351190476190482 0.22839506172839513
4 0.8380456349206349 0.5912698412698413 0.13740079365079366 0.228395061728395
4 0.6887400793650794 0.5224867724867724 0.07093253968253975 0.20546737213403887
4 0.6324404761904762 0.5718694885361552 0.06150793650793652 0.23015873015873012
4 0.5558035714285715 0.6058201058201058 0.061011904761904816 0.2504409171075838
3 0.5213293650793651 0.5392416225749559 0.05357142857142861 0.20370370370370366
4 0.4809027777777778 0.687389770723104 0.07291666666666671 0.18253968253968253
4 0.6049107142857143 0.9206349206349206 0.11061507936507929 0.14462081128747797
4 0.4992559523809524 0.8659611992945326 0.07093253968253968 0.24691358024691354
2 0.4528769841269842 0.5599647266313933 0.14583333333333337 0.181657848324515
1 0.4283234126984125 0.8880070546737212 0.8249007936507933 0.22398589065255706
1 0.8923611111111112 0.6097883597883598 0.21527777777777785 0.2389770723104057
