5 0.49733637747336373 0.42557510148849803 0.009893455098934538 0.017591339648173162
4 0.8658234126984127 0.5070546737213404 0.06101190476190468 0.19929453262786595
4 0.7504960317460316 0.7724867724867724 0.1587301587301589 0.2857142857142857
4 0.5498511904761905 0.36860670194003525 0.03125 0.13403880070546734
4 0.5806051587301587 0.37213403880070545 0.0431547619047619 0.12698412698412695
4 0.38740079365079366 0.48368606701940037 0.038690476190476206 0.1578483245149912
4 0.26959325396825395 0.6340388007054674 0.06200396825396823 0.21693121693121697
4 0.14533730158730157 0.6031746031746031 0.07738095238095238 0.22751322751322753
6 0.31274801587301587 0.3778659611992945 0.0461309523809523 0.14373897707231034
4 0.07266865079365079 0.49029982363315694 0.06795634920634921 0.17460317460317454
3 0.023809523809523808 0.5008818342151676 0.047619047619047616 0.19753086419753088
4 0.08705357142857142 0.48544973544973546 0.05803571428571429 0.18077601410934754
1 0.4813988095238095 0.5529100529100531 0.47966269841269843 0.1622574955908293
1 0.11582341269841274 0.8553791887125212 0.2316468253968255 0.2892416225749555
