5 0.290033 0.670633 0.00817 0.011172999999999999
6 0.7688492063492063 0.4215167548500882 0.045634920634920494 0.16225749559082892
4 0.9340277777777777 0.4541446208112875 0.04166666666666671 0.17107583774250443
4 0.8737599206349208 0.6507936507936507 0.05803571428571431 0.1728395061728395
4 0.8898809523809524 0.7394179894179893 0.07142857142857154 0.187830687830688
1 0.8246527777777777 0.6490299823633157 0.3497023809523809 0.19753086419753088
4 0.6116071428571429 0.6556437389770723 0.05853174603174608 0.1772486772486772
3 0.3950892857142857 0.601410934744268 0.05704365079365076 0.19400352733686063
2 0.3705357142857143 0.6291887125220458 0.11706349206349205 0.1878306878306878
4 0.7224702380952381 0.9246031746031746 0.056051587301587345 0.14021164021164012
4 0.8876488095238095 0.939594356261023 0.08085317460317469 0.11199294532627874
1 0.46230158730158727 0.9091710758377425 0.7222222222222221 0.16931216931216922
