5 0.60836 0.6868689999999998 0.010552 0.017316
6 0.3452380952380952 0.2698412698412698 0.029761904761904746 0.14109347442680778
3 0.03794642857142857 0.390652557319224 0.046130952380952384 0.1746031746031746
2 0.03546626984126985 0.40035273368606694 0.0689484126984127 0.14109347442680778
4 0.08953373015873012 0.454144620811287 0.05109126984126989 0.19576719576719573
4 0.14781746031746032 0.40828924162257496 0.04960317460317462 0.14109347442680778
4 0.13293650793650794 0.404320987654321 0.043650793650793655 0.1701940035273369
4 0.18799603174603174 0.46252204585537915 0.08333333333333334 0.1913580246913581
4 0.06026785714285714 0.6706349206349206 0.07589285714285714 0.2707231040564374
4 0.23561507936507936 0.6803350970017636 0.10218253968253965 0.23192239858906533
4 0.41716269841269843 0.49823633156966496 0.1130952380952381 0.18518518518518526
4 0.6282242063492064 0.390652557319224 0.0927579365079366 0.17989417989417988
4 0.943452380952381 0.6344797178130511 0.11210317460317455 0.23897707231040563
1 0.517857142857143 0.4343033509700174 0.46428571428571436 0.1507936507936509
1 0.13839285714285712 0.7195767195767191 0.27678571428571425 0.3051146384479717
