5 0.6185060000000001 0.7243870000000001 0.008117 0.011544
6 0.6299603174603174 0.3430335097001763 0.038690476190476136 0.13756613756613753
1 0.770833333333332 0.44312169312169297 0.4583333333333325 0.15608465608465583
4 0.3757440476190476 0.4360670194003527 0.06498015873015874 0.15079365079365076
3 0.31101190476190477 0.39638447971781304 0.03869047619047617 0.15608465608465605
2 0.28348214285714285 0.3950617283950617 0.11855158730158731 0.15167548500881836
4 0.2881944444444445 0.4409171075837742 0.06051587301587297 0.1604938271604938
4 0.10664682539682539 0.5555555555555556 0.08333333333333331 0.16402116402116398
4 0.16617063492063494 0.7689594356261023 0.10218253968253971 0.2328042328042328
4 0.024057539682539684 0.7508818342151676 0.04811507936507937 0.2883597883597884
1 0.26661706349206304 0.6935626102292767 0.5282738095238085 0.29717813051146375
