5 0.642361 0.778727 0.012285999999999998 0.016144
6 0.8556547619047621 0.32451499118165783 0.03968253968253961 0.14109347442680775
4 0.9568452380952381 0.5718694885361552 0.05853174603174608 0.1507936507936508
4 0.6624503968253969 0.6221340388007054 0.055059523809523864 0.15255731922398583
4 0.8464781746031746 0.9462081128747795 0.09375 0.09700176366843025
1 0.8678075396825398 0.8505291005291005 0.25942460317460314 0.2954144620811286
1 0.6631944444444449 0.522045855379189 0.46527777777777773 0.15873015873015844
4 0.6277281746031746 0.40608465608465605 0.03621031746031747 0.13139329805996475
4 0.5181051587301587 0.45017636684303347 0.0481150793650793 0.09082892416225746
4 0.28670634920634924 0.46472663139329806 0.0674603174603175 0.11463844797178126
4 0.27182539682539686 0.6957671957671957 0.06448412698412692 0.17460317460317454
