5 0.6457345971563981 0.5617977528089888 0.01026856240126385 0.02247191011235962
4 0.6455431754874651 0.4798050139275766 0.06267409470752085 0.1295264623955431
4 0.7947858635097492 0.6455431754874651 0.066591225626741 0.18523676880222836
4 0.5154944289693593 0.5668523676880223 0.0830431754874651 0.1643454038997214
4 0.4774982590529247 0.7311977715877438 0.06345752089136489 0.16434540389972155
4 0.4876827994428969 0.8593314763231197 0.09949512534818936 0.24233983286908084
4 0.2530466573816153 0.7033426183844012 0.11124651810584946 0.22005571030640625
3 0.10772110027855153 0.6483286908077994 0.07912604456824512 0.19359331476323122
2 0.04230501392757655 0.6636490250696374 0.08461002785515309 0.18523676880222795
1 0.648285167130919 0.6859331476323117 0.5914867688022284 0.2298050139275764
1 0.19350626740947074 0.9491643454038976 0.3870125348189415 0.10167130919220024
