5 0.4458925750394945 0.5007022471910112 0.01026856240126378 0.018258426966292162
6 0.05679563492063492 0.2178130511463845 0.04414682539682539 0.13403880070546736
4 0.2666170634920635 0.38844797178130513 0.04513888888888893 0.13668430335097
4 0.5146329365079364 0.42945326278659607 0.051091269841269805 0.13932980599647266
4 0.5399305555555556 0.43915343915343913 0.046130952380952335 0.13051146384479714
4 0.6254960317460317 0.3813932980599647 0.04960317460317469 0.1049382716049383
4 0.6748511904761905 0.3373015873015873 0.03621031746031747 0.12610229276895943
4 0.8715277777777777 0.5317460317460317 0.04563492063492063 0.14285714285714285
0 0.9692460317460317 0.9431216931216931 0.06150793650793645 0.11375661375661367
1 0.24776785714285718 0.4660493827160495 0.4627976190476191 0.23192239858906524
1 0.0257936507936508 0.8721340388007054 0.05158730158730159 0.2310405643738977
