5 0.31371799999999994 0.804473 0.012175 0.015873
6 0.6212797619047619 0.2791005291005291 0.03323412698412703 0.14197530864197536
4 0.8452380952380952 0.45811287477954143 0.10714285714285722 0.17901234567901242
4 0.6907242063492063 0.5771604938271605 0.13839285714285715 0.2231040564373899
4 0.6021825396825398 0.4894179894179894 0.14880952380952386 0.19753086419753088
4 0.4880952380952381 0.44664902998236333 0.05853174603174608 0.17548500881834214
4 0.45262896825396814 0.4320987654320985 0.05505952380952383 0.16931216931216928
4 0.4015376984126985 0.42504409171075835 0.06398809523809526 0.16225749559082892
4 0.34350198412698413 0.431657848324515 0.03621031746031747 0.14197530864197533
3 0.3142361111111111 0.4025573192239859 0.03422619047619044 0.14373897707231037
2 0.30902777777777773 0.3981481481481481 0.11111111111111108 0.1455026455026455
4 0.26413690476190477 0.7054673721340388 0.12251984126984126 0.2539682539682539
1 0.7894345238095235 0.45458553791887113 0.4211309523809519 0.16313932980599635
1 0.2800099206349207 0.7054673721340373 0.5600198412698414 0.3033509700176368
