5 0.27527646129541866 0.6172752808988764 0.011848341232227498 0.015449438202247166
3 0.7177579365079364 0.5608465608465609 0.1240079365079366 0.3421516754850089
2 0.8338293650793643 0.615520282186949 0.19642857142857129 0.34038800705467387
4 0.6197916666666667 0.48677248677248686 0.07192460317460309 0.2063492063492064
4 0.5300099206349206 0.558641975308642 0.07986111111111108 0.2795414462081128
6 0.47147817460317465 0.4973544973544973 0.05208333333333329 0.24691358024691354
4 0.4263392857142857 0.5268959435626103 0.056051587301587345 0.1455026455026455
4 0.33085317460317454 0.5357142857142857 0.06150793650793652 0.1649029982363316
4 0.05530753968253968 0.5432098765432098 0.09077380952380952 0.16402116402116407
1 0.3745039682539681 0.642857142857143 0.6835317460317456 0.11111111111111076
1 0.12227182539682538 0.9162257495590831 0.24454365079365076 0.16754850088183382
