5 0.8526790000000001 0.4177489999999999 0.007305000000000001 0.010101
3 0.47098214285714285 0.5326278659611993 0.060019841269841265 0.1851851851851852
2 0.40624999999999983 0.5639329805996465 0.15674603174603144 0.18077601410934738
4 0.5208333333333333 0.5705467372134038 0.04960317460317448 0.1922398589065255
4 0.4754464285714286 0.6940035273368608 0.09275793650793653 0.22222222222222215
4 0.5024801587301587 0.8015873015873015 0.07738095238095234 0.3139329805996472
4 0.5582837301587302 0.8567019400352733 0.07589285714285708 0.283068783068783
4 0.6594742063492063 0.9268077601410935 0.08283730158730152 0.14285714285714277
4 0.8387896825396823 0.5723104056437384 0.17757936507936523 0.17460317460317454
4 0.9119543650793651 0.5035273368606702 0.1294642857142857 0.19047619047619052
4 0.6463293650793651 0.5132275132275133 0.06349206349206347 0.21164021164021166
4 0.5870535714285715 0.5930335097001763 0.0699404761904762 0.2213403880070546
1 0.8568948412698412 0.6261022927689589 0.28621031746031744 0.2522045855379187
1 0.3864087301587302 0.8924162257495587 0.7688492063492065 0.21516754850088135
