5 0.3710045662100457 0.6156968876860622 0.006849315068493169 0.018944519621109563
3 0.7162698412698413 0.2552910052910053 0.04662698412698418 0.09435626102292773
2 0.722718253968254 0.24911816578483248 0.08134920634920632 0.11022927689594358
4 0.8249007936507937 0.31922398589065254 0.060515873015873044 0.15167548500881833
4 0.6609623015873015 0.291005291005291 0.061011904761904746 0.13051146384479714
4 0.6143353174603176 0.32010582010582006 0.06299603174603177 0.13227513227513224
4 0.6981646825396826 0.5291005291005291 0.09077380952380949 0.19753086419753083
4 0.7142857142857143 0.5339506172839507 0.15773809523809526 0.23192239858906533
4 0.912202380952381 0.568342151675485 0.06845238095238088 0.18253968253968245
4 0.9117063492063491 0.5357142857142857 0.132936507936508 0.20370370370370366
4 0.4494047619047619 0.33641975308641975 0.0555555555555555 0.1596119929453262
4 0.36210317460317454 0.5758377425044091 0.06448412698412703 0.2169312169312169
4 0.1314484126984127 0.48412698412698413 0.0763888888888889 0.17813051146384482
1 0.3819444444444442 0.27116402116402116 0.31150793650793634 0.10317460317460304
1 0.769593253968254 0.4572310405643739 0.45585317460317465 0.20723104056437386
