5 0.7431506849315067 0.2584573748308525 0.015981735159817278 0.024357239512855178
6 0.059275793650793655 0.2275132275132275 0.029265873015873013 0.1164021164021164
1 0.10069444444444443 0.28747795414462085 0.20138888888888887 0.10934744268077601
4 0.12921626984126985 0.2962962962962963 0.030257936507936577 0.09523809523809523
4 0.13566468253968253 0.3915343915343915 0.05109126984126986 0.14109347442680772
4 0.10243055555555557 0.5630511463844797 0.05803571428571429 0.19664902998236336
4 0.2160218253968254 0.6181657848324515 0.08581349206349209 0.23456790123456792
4 0.2554563492063492 0.6834215167548501 0.062499999999999965 0.15520282186948847
4 0.16914682539682546 0.8668430335097002 0.136904761904762 0.2663139329805996
6 0.29017857142857145 0.9294532627865961 0.11706349206349205 0.13403880070546734
4 0.9729662698412699 0.6111111111111112 0.05406746031746039 0.21516754850088182
4 0.8673115079365078 0.4343033509700176 0.08085317460317455 0.1613756613756613
6 0.9047619047619048 0.2416225749559083 0.03174603174603177 0.09347442680776016
4 0.8008432539682541 0.5119047619047619 0.06498015873015874 0.1701940035273369
1 0.7576884920634904 0.5022045855379192 0.4806547619047613 0.2354497354497354
