5 0.18917851500789887 0.7036516853932585 0.015007898894154827 0.022471910112359553
3 0.6121031746031744 0.3289241622574954 0.058531746031746275 0.11992945326278649
2 0.6063988095238095 0.3082010582010582 0.0987103174603174 0.13139329805996475
4 0.4345238095238095 0.39065255731922405 0.042658730158730195 0.10934744268077601
4 0.26264880952380953 0.4576719576719577 0.05704365079365083 0.12169312169312164
4 0.12103174603174603 0.5961199294532628 0.0763888888888889 0.14462081128747792
3 0.0744047619047619 0.5740740740740741 0.04067460317460316 0.1375661375661376
4 0.8392857142857143 0.5105820105820107 0.06646825396825391 0.17460317460317462
4 0.9352678571428572 0.48192239858906527 0.06001984126984141 0.15255731922398597
1 0.9166666666666665 0.376984126984127 0.16468253968253962 0.20899470899470896
1 0.56845238095238 0.6582892416225741 0.5317460317460312 0.3694885361552025
