5 0.478612 0.567426 0.005958 0.008766
4 0.9186507936507937 0.662257495590829 0.045634920634920494 0.16578483245149905
4 0.8819444444444445 0.5476190476190479 0.09722222222222252 0.14991181657848332
4 0.8256448412698413 0.9294532627865962 0.09275793650793646 0.1358024691358024
4 0.6825396825396826 0.6419753086419753 0.10714285714285722 0.13227513227513213
4 0.7457837301587301 0.49029982363315694 0.047123015873015955 0.13227513227513227
4 0.6436011904761905 0.49779541446208114 0.07886904761904766 0.12786596119929455
6 0.3439980158730158 0.4797178130511464 0.03422619047619044 0.14462081128747797
1 0.20858134920634927 0.6194885361552026 0.41716269841269854 0.1684303350970017
1 0.056795634920634906 0.9126984126984122 0.11359126984126978 0.17460317460317382
0 0.9565972222222223 0.8835978835978843 0.08680555555555537 0.19753086419753077
