5 0.561216429699842 0.7401685393258427 0.013428120063191145 0.019662921348314627
6 0.5319463788300836 0.34958217270194986 0.034470752089136386 0.14484679665738168
4 0.6518105849582173 0.4310584958217271 0.053272980501392765 0.1350974930362117
4 0.7262360724233983 0.5724233983286908 0.05954038997214482 0.1671309192200556
4 0.7548311281337047 0.38231197771587744 0.04152158774373262 0.1183844011142061
4 0.9769324512534818 0.38927576601671304 0.04387186629526468 0.14623955431754873
4 0.4892496518105849 0.40947075208913647 0.04622214484679674 0.1337047353760446
4 0.4038561977715877 0.48050139275766013 0.11829735376044567 0.13927576601671313
4 0.26323119777158765 0.6302228412256267 0.053272980501392765 0.1406685236768802
4 0.11163823119777158 0.6671309192200557 0.0571901114206128 0.16155988857938725
0 0.2679317548746517 0.7959610027855151 0.5358635097493034 0.31337047353760417
