5 0.8413242009132421 0.5514208389715832 0.008371385083713817 0.01217861975642748
6 0.04588293650793651 0.4942680776014109 0.02827380952380953 0.1049382716049383
3 0.06696428571428573 0.5824514991181657 0.03472222222222223 0.13668430335097
4 0.15773809523809523 0.5833333333333333 0.03273809523809524 0.11728395061728399
4 0.16889880952380953 0.6723985890652557 0.03323412698412703 0.15255731922398597
4 0.31894841269841273 0.5890652557319224 0.035714285714285726 0.14814814814814817
4 0.33581349206349204 0.4916225749559084 0.037698412698412724 0.0925925925925926
1 0.34226190476190466 0.5864197530864196 0.35019841269841256 0.13580246913580266
1 0.14136904761904762 0.8602292768959435 0.2787698412698413 0.247795414462081
6 0.9476686507936507 0.4682539682539683 0.06696428571428584 0.13051146384479723
4 0.8953373015873015 0.5083774250440917 0.04563492063492063 0.1119929453262786
4 0.8844246031746031 0.5648148148148148 0.043650793650793676 0.13139329805996475
4 0.7993551587301587 0.6058201058201058 0.05902777777777786 0.11992945326278658
4 0.6098710317460317 0.5132275132275133 0.04017857142857139 0.10405643738977076
4 0.6312003968253967 0.5992063492063492 0.04414682539682545 0.12081128747795404
6 0.7083333333333333 0.9378306878306879 0.05158730158730151 0.12081128747795404
0 0.9635416666666665 0.8214285714285714 0.07192460317460317 0.1649029982363315
