5 0.771104 0.6139969999999999 0.019481 0.012987
4 0.25223214285714285 0.4814814814814815 0.027281746031746046 0.1287477954144621
4 0.2899305555555556 0.4929453262786596 0.04414682539682541 0.10405643738977076
4 0.35044642857142855 0.7592592592592595 0.09970238095238097 0.14991181657848326
4 0.7212301587301587 0.41710758377425045 0.05059523809523824 0.09523809523809518
4 0.7787698412698413 0.4682539682539682 0.09027777777777786 0.10758377425044088
4 0.9144345238095238 0.49206349206349204 0.057043650793650896 0.11992945326278664
1 0.24603174603174593 0.4206349206349202 0.288690476190476 0.11287477954144612
1 0.060763888888888895 0.6477072310405632 0.12152777777777779 0.2089947089947083
0 0.8343253968253967 0.6962081128747795 0.33134920634920645 0.28130511463844793
4 0.9357638888888884 0.9074074074074068 0.12847222222222127 0.185185185185185
