5 0.6268046198267565 0.5218135158254918 0.007218479307026016 0.0068434559452524015
6 0.6029265873015873 0.10846560846560846 0.02529761904761905 0.10405643738977073
4 0.7790178571428572 0.1693121693121693 0.045138888888889 0.09171075837742505
4 0.8266369047619048 0.34788359788359785 0.03521825396825392 0.15961199294532627
4 0.6111111111111112 0.4435626102292769 0.05654761904761891 0.15343915343915357
4 0.5642361111111112 0.3342151675485009 0.0629960317460317 0.15167548500881836
4 0.4841269841269842 0.49382716049382713 0.07440476190476197 0.16754850088183418
4 0.386656746031746 0.4814814814814815 0.07390873015873019 0.21340388007054678
4 0.26165674603174605 0.6970899470899471 0.12648809523809526 0.18783068783068785
4 0.2819940476190476 0.3090828924162258 0.07886904761904766 0.14197530864197536
4 0.12748015873015872 0.2310405643738977 0.04761904761904761 0.12345679012345677
4 0.07762896825396826 0.7213403880070547 0.1433531746031746 0.181657848324515
0 0.4871031746031744 0.5145502645502645 0.4434523809523807 0.3148148148148145
