5 0.561699 0.5379869999999999 0.0069440000000000005 0.015195
4 0.7847222222222223 0.6141975308641975 0.14682539682539683 0.1825396825396824
4 0.652281746031746 0.6979717813051147 0.06547619047619044 0.19135802469135804
4 0.6220238095238095 0.9210758377425045 0.1259920634920634 0.15784832451499115
4 0.4446924603174603 0.7804232804232805 0.06597222222222228 0.2328042328042328
4 0.43923611111111116 0.458994708994709 0.07093253968253968 0.10670194003527342
4 0.2266865079365079 0.5740740740740741 0.05654761904761901 0.1534391534391534
4 0.18799603174603174 0.6344797178130512 0.11607142857142855 0.20017636684303355
6 0.07341269841269842 0.43033509700176364 0.04662698412698412 0.15167548500881836
0 0.4037698412698413 0.8425925925925926 0.6071428571428572 0.283068783068783
