5 0.7345780000000001 0.7229440000000001 0.011364 0.011544
6 0.30679563492063494 0.2843915343915344 0.054067460317460354 0.13844797178130516
3 0.10937499999999996 0.41005291005290995 0.08382936507936499 0.15873015873015886
2 0.04563492063492063 0.38977072310405647 0.09126984126984126 0.17107583774250443
4 0.17832341269841273 0.4157848324514991 0.04613095238095237 0.18606701940035278
4 0.2075892857142857 0.43033509700176364 0.054067460317460354 0.1763668430335097
4 0.2785218253968254 0.541005291005291 0.061011904761904746 0.23192239858906533
4 0.3152281746031746 0.4713403880070547 0.05406746031746032 0.17901234567901234
4 0.4501488095238095 0.562610229276896 0.07986111111111115 0.17813051146384482
4 0.8229166666666665 0.6375661375661376 0.06944444444444443 0.24162257495590822
1 0.5396825396825394 0.42636684303350947 0.4702380952380954 0.15608465608465566
1 0.15376984126984125 0.7125220458553798 0.3075396825396825 0.317460317460317
