5 0.7444658325312801 0.8990590248075279 0.007699711260827655 0.011976047904191631
6 0.386656746031746 0.31746031746031744 0.04513888888888886 0.16578483245149914
4 0.4523809523809524 0.4925044091710758 0.05654761904761905 0.22663139329806
4 0.6106150793650794 0.41005291005291 0.06944444444444457 0.17107583774250437
4 0.6607142857142864 0.5211640211640208 0.05753968253968259 0.199294532627866
4 0.6111111111111106 0.5939153439153425 0.06349206349206475 0.19135802469135568
4 0.357390873015873 0.4343033509700176 0.07390873015873012 0.17372134038800702
4 0.3256448412698413 0.6031746031746031 0.09077380952380956 0.18871252204585537
4 0.27852182539682535 0.6089065255731922 0.06795634920634921 0.19664902998236336
4 0.28769841269841273 0.4832451499118166 0.04662698412698415 0.1693121693121693
3 0.2425595238095238 0.47927689594356265 0.06448412698412699 0.18606701940035286
2 0.18328373015873015 0.46957671957671954 0.13938492063492064 0.18783068783068785
1 0.7487599206349206 0.5008818342151674 0.5024801587301589 0.21164021164021152
1 0.27455357142857134 0.8324514991181663 0.5491071428571426 0.32275132275132196
