5 0.538073 0.541526 0.005828 0.008633
4 0.9692460317460316 0.5542328042328042 0.060515873015873044 0.13139329805996475
4 0.7170138888888888 0.6790123456790124 0.08283730158730152 0.1287477954144621
4 0.38417658730158727 0.7288359788359787 0.07490079365079368 0.14726631393298065
4 0.3392857142857143 0.5374779541446207 0.08730158730158735 0.13668430335097007
4 0.4868551587301587 0.4801587301587301 0.02628968253968253 0.10493827160493822
4 0.5736607142857143 0.4832451499118166 0.04513888888888886 0.1022927689594357
6 0.4615575396825396 0.46119929453262787 0.03323412698412703 0.12522045855379196
0 0.22147817460317454 0.8333333333333335 0.4429563492063491 0.24338624338624315
1 0.9494047619047619 0.6005291005291005 0.1011904761904762 0.1164021164021164
