5 0.634703196347032 0.5663058186738836 0.012176560121765547 0.009472259810554747
3 0.014038296041308091 0.446643717728055 0.028076592082616182 0.11187607573149734
1 0.2967405335628227 0.4543889845094664 0.3107788296041308 0.11703958691910493
4 0.4308304647160069 0.5120481927710844 0.04066265060240966 0.10843373493975911
4 0.5625 0.5688468158347676 0.15296901893287435 0.11876075731497415
4 0.5896084337349398 0.5249569707401033 0.08907056798623067 0.12048192771084337
4 0.8185778829604131 0.6204819277108434 0.04550344234079176 0.17383820998278834
4 0.6433412220309811 0.8864027538726335 0.09391135972461279 0.21342512908777964
4 0.45939113597246134 0.8924268502581757 0.09003872633390707 0.2117039586919104
1 0.06680292598967298 0.6738382099827881 0.13360585197934596 0.22891566265060243
0 0.873171256454389 0.7771084337349398 0.253657487091222 0.314974182444062
