5 0.8522729999999998 0.41630599999999995 0.00974 0.010101
3 0.4776785714285714 0.5379188712522045 0.05753968253968246 0.19223985890652556
2 0.3998015873015873 0.5639329805996471 0.13591269841269843 0.19664902998236328
4 0.5218253968253969 0.5970017636684303 0.05357142857142861 0.23104056437389764
4 0.4732142857142857 0.695326278659612 0.07936507936507929 0.20017636684303347
4 0.49851190476190477 0.7958553791887125 0.06944444444444443 0.3024691358024691
4 0.5476190476190476 0.8655202821869489 0.07341269841269848 0.26190476190476175
4 0.6530257936507934 0.9276895943562613 0.07192460317460327 0.13932980599647288
4 0.5830853174603174 0.5934744268077601 0.07589285714285722 0.21340388007054678
4 0.6413690476190476 0.5171957671957672 0.05952380952380935 0.2213403880070546
4 0.7978670634920636 0.5718694885361552 0.09375 0.18430335097001774
4 0.8883928571428571 0.50352733686067 0.08035714285714275 0.20282186948853595
1 0.8628472222222225 0.6172839506172835 0.27430555555555464 0.23456790123456844
1 0.3854166666666663 0.8866843033509693 0.7708333333333326 0.22663139329806037
