5 0.7138800000000001 0.60101 0.010552 0.018759
3 0.2514798050139275 0.4359331476323119 0.07677576601671308 0.13370473537604455
6 0.06306580779944289 0.7284122562674095 0.11516364902506963 0.2729805013927575
2 0.1472841225626741 0.41434540389972147 0.12064763231197771 0.16852367688022285
4 0.6741382311977715 0.4101671309192201 0.0916608635097493 0.1573816155988858
4 0.7877350278551531 0.573816155988858 0.1261316155988858 0.21448467966573823
4 0.5331215181058492 0.5215877437325909 0.14650069637883098 0.15459610027855109
4 0.37526114206128125 0.7116991643454039 0.10027855153203348 0.22284122562674086
1 0.22249303621169914 0.8001392757660163 0.44498607242339827 0.39972144846796615
1 0.6760967966573809 0.4505571030640669 0.47945682451253435 0.1991643454038994
