5 0.584416 0.48773399999999995 0.008117 0.011544
6 0.9800226323119776 0.8565459610027856 0.03995473537604468 0.2869080779944289
6 0.7242775069637882 0.9366295264623955 0.07912604456824511 0.12674094707520894
4 0.8605936629526463 0.6288300835654596 0.10576253481894142 0.2493036211699163
4 0.5726845403899721 0.5062674094707521 0.1143802228412256 0.17130919220055715
4 0.4050313370473538 0.33635097493036203 0.09244428969359327 0.1323119777158774
4 0.38975452646239545 0.4505571030640669 0.10419568245125341 0.16852367688022285
4 0.29535167130919215 0.5452646239554317 0.16765320334261838 0.21309192200557106
4 0.2064327994428969 0.39275766016713093 0.06032381615598886 0.1559888579387186
6 0.3047527855153203 0.2722841225626741 0.034470752089136525 0.149025069637883
4 0.10497910863509748 0.3704735376044568 0.03447075208913649 0.13649025069637882
4 0.11633878830083566 0.4408077994428969 0.09636142061281337 0.17966573816155992
4 0.02036908077994429 0.6100278551532035 0.04073816155988858 0.27298050139275765
3 0.048964136490250686 0.4018105849582173 0.046222144846796646 0.1685236768802228
2 0.03995473537604456 0.383008356545961 0.07990947075208912 0.15877437325905286
1 0.13631615598885796 0.7054317548746518 0.27263231197771587 0.31058495821727017
1 0.5233286908077986 0.41782729805013896 0.48415738161559846 0.1504178272980496
