5 0.6424510000000001 0.7590190000000001 0.013799 0.01443
4 0.7998781337047354 0.6302228412256268 0.1316155988857939 0.23816155988857937
6 0.32629700557103064 0.28899721448467963 0.04778899721448461 0.1295264623955431
3 0.1143802228412256 0.4178272980501393 0.07520891364902506 0.13927576601671304
2 0.05875696378830084 0.3844011142061281 0.11751392757660167 0.15598885793871864
4 0.19311455431754873 0.4073816155988858 0.05092270194986071 0.1768802228412256
4 0.2177924791086351 0.4338440111420613 0.05954038997214486 0.17409470752089135
4 0.3611594707520891 0.4728412256267409 0.08931058495821724 0.17409470752089135
4 0.3290389972144847 0.520891364902507 0.057973537604456775 0.2144846796657381
4 0.492775069637883 0.5759052924791086 0.05954038997214475 0.18523676880222845
1 0.5554491643454039 0.42827298050139284 0.4825905292479109 0.1573816155988857
1 0.1606023676880222 0.7123955431754861 0.3212047353760444 0.31337047353760444
