5 0.456575 0.824675 0.012175 0.012987
4 0.8766538997214485 0.6288300835654596 0.12534818941504183 0.24094707520891367
4 0.6138144150417827 0.5772980501392757 0.06815807799442901 0.1908077994428968
4 0.4751479805013928 0.4916434540389972 0.06502437325905298 0.2228412256267409
4 0.4586960306406685 0.4714484679665738 0.09949512534818936 0.1852367688022285
4 0.283991991643454 0.4233983286908078 0.06502437325905298 0.17827298050139276
4 0.2644063370473537 0.41364902506963785 0.04465529247910858 0.16713091922005568
6 0.40346448467966567 0.27715877437325903 0.04857242339832872 0.13091922005571027
3 0.17157033426183843 0.39972144846796653 0.07520891364902507 0.1364902506963788
4 0.11163823119777155 0.42409470752089135 0.03368732590529246 0.16573816155988857
4 0.08108461002785514 0.46100278551532026 0.071291782729805 0.16713091922005568
4 0.06698293871866294 0.7994428969359331 0.1292653203342618 0.3119777158774373
2 0.11751392757660165 0.3885793871866295 0.1363161559888579 0.15041782729805017
1 0.18645543175487445 0.7110027855153198 0.3729108635097489 0.31615598885793894
1 0.6239989554317549 0.4275766016713092 0.48494080779944293 0.1643454038997214
