5 0.6505680000000001 0.5165949999999999 0.008929 0.017316
3 0.28521825396825395 0.44135802469135804 0.08035714285714285 0.13668430335097
6 0.05158730158730159 0.7134038800705469 0.10218253968253968 0.27513227513227506
4 0.36979166666666674 0.6754850088183422 0.0887896825396826 0.2257495590828924
4 0.4962797619047619 0.5145502645502645 0.06994047619047614 0.17901234567901242
4 0.6884920634920636 0.40961199294532624 0.0505952380952381 0.16313932980599646
4 0.7956349206349205 0.5577601410934744 0.0634920634920634 0.22839506172839513
1 0.7353670634920627 0.45679012345679 0.5252976190476186 0.1975308641975307
1 0.24627976190476183 0.803350970017637 0.49255952380952367 0.3915343915343909
2 0.18948412698412695 0.4118165784832451 0.126984126984127 0.17107583774250443
