5 0.21144499999999997 0.501443 0.005682 0.010101
4 0.912450396825397 0.4263668430335097 0.0431547619047619 0.1243386243386243
1 0.9565972222222223 0.5828924162257495 0.08680555555555557 0.13580246913580246
4 0.6356646825396826 0.5524691358024691 0.0699404761904762 0.12962962962962962
4 0.6163194444444444 0.4585537918871252 0.03621031746031747 0.1128747795414462
4 0.4184027777777778 0.4528218694885362 0.03819444444444443 0.10670194003527335
4 0.3675595238095238 0.507936507936508 0.04166666666666671 0.08641975308641982
4 0.1517857142857143 0.77336860670194 0.05555555555555554 0.18342151675485
0 0.24999999999999997 0.8584656084656088 0.49900793650793646 0.28306878306878247
4 0.8345734126984127 0.44091710758377434 0.03621031746031747 0.1287477954144621
