5 0.710633 0.683983 0.008929 0.011544
4 0.8259447674418604 0.6040051679586562 0.11409883720930225 0.20542635658914712
4 0.1333575581395349 0.7060723514211886 0.13880813953488372 0.24418604651162787
6 0.28379360465116277 0.3217054263565891 0.03270348837209301 0.1395348837209302
4 0.11409883720930232 0.4270025839793281 0.050872093023255814 0.1821705426356589
4 0.05886627906976744 0.42506459948320413 0.03633720930232558 0.1782945736434108
3 0.038154069767441866 0.4018087855297158 0.034156976744186045 0.16795865633074938
2 0.029069767441860465 0.38888888888888884 0.05813953488372093 0.1576227390180879
1 0.46366279069767447 0.4218346253229974 0.4302325581395348 0.15116279069767435
1 0.12427325581395345 0.693152454780362 0.24709302325581387 0.2881136950904398
