5 0.8806820000000001 0.502165 0.008117 0.01443
4 0.15525793650793648 0.3390652557319224 0.0376984126984127 0.12962962962962962
3 0.18154761904761904 0.30776014109347444 0.027777777777777787 0.12874779541446205
2 0.13640873015873015 0.2962962962962963 0.07242063492063493 0.13051146384479717
4 0.25595238095238093 0.3355379188712522 0.04166666666666668 0.12257495590828923
4 0.27827380952380953 0.38359788359788355 0.058531746031746046 0.11816578483245145
4 0.6413690476190476 0.3029100529100529 0.045634920634920494 0.11022927689594358
4 0.6393849206349206 0.41358024691358025 0.04563492063492056 0.11992945326278658
4 0.6693948412698413 0.42151675485008816 0.042162698412698346 0.1128747795414462
1 0.5074404761904752 0.3064373897707231 0.3363095238095229 0.1437389770723103
1 0.18526785714285715 0.5582010582010583 0.37053571428571425 0.2645502645502645
4 0.4962797619047619 0.685626102292769 0.06894841269841265 0.19841269841269843
4 0.6579861111111112 0.8421516754850089 0.09077380952380956 0.2345679012345677
