5 0.5479452054794521 0.8897158322056833 0.021308980213089797 0.025710419485791648
4 0.47147817460317454 0.27116402116402116 0.03521825396825399 0.11552028218694882
4 0.6356646825396826 0.32760141093474426 0.04017857142857139 0.13139329805996464
4 0.7420634920634922 0.3712522045855379 0.04464285714285708 0.13932980599647266
4 0.7824900793650794 0.3712522045855379 0.044146825396825594 0.15343915343915346
4 0.8911210317460316 0.42107583774250446 0.05704365079365076 0.156084656084656
3 0.869047619047619 0.36022927689594353 0.056547619047619124 0.1490299823633157
4 0.9280753968253969 0.39373897707231037 0.037698412698412655 0.13844797178130513
2 0.927827380952381 0.3668430335097002 0.11359126984126988 0.13227513227513227
4 0.5012400793650794 0.5004409171075838 0.06299603174603177 0.1278659611992945
1 0.46354166666666635 0.3946208112874778 0.413194444444444 0.1384479717813048
1 0.8330853174603172 0.6578483245149913 0.3338293650793646 0.29276895943562636
4 0.11458333333333336 0.687389770723104 0.10714285714285716 0.21781305114638458
