5 0.8510550000000001 0.4177489999999999 0.008929 0.010101
3 0.48164682539682535 0.5348324514991182 0.05555555555555557 0.18253968253968253
2 0.408234126984127 0.5582010582010579 0.14682539682539708 0.1851851851851849
4 0.5305059523809524 0.5908289241622575 0.04613095238095248 0.23633156966490304
4 0.4709821428571429 0.693562610229277 0.09077380952380956 0.19664902998236336
4 0.5059523809523809 0.7993827160493828 0.06547619047619044 0.3042328042328042
4 0.5466269841269841 0.8628747795414462 0.06845238095238101 0.2707231040564372
4 0.6443452380952379 0.9294532627865957 0.07936507936507978 0.1375661375661374
4 0.586805555555555 0.5886243386243389 0.07936507936507928 0.2231040564373891
4 0.6470734126984127 0.5154320987654321 0.07093253968253961 0.2213403880070547
4 0.8343253968253967 0.5753968253968255 0.16567460317460317 0.19312169312169317
4 0.9146825396825398 0.5097001763668426 0.1418650793650792 0.18871252204585512
1 0.8638392857142857 0.6199294532627866 0.27132936507936506 0.23985890652557315
1 0.3911210317460317 0.8888888888888888 0.7822420634920634 0.22045855379188709
