5 0.379058 0.45671 0.014610000000000001 0.018759
3 0.421875 0.45326278659611985 0.07886904761904773 0.15167548500881828
2 0.3526785714285714 0.44091710758377434 0.13988095238095238 0.18694885361552033
4 0.2723214285714286 0.5277777777777778 0.10019841269841273 0.19488536155202824
4 0.4221230158730158 0.5498236331569665 0.11904761904761905 0.154320987654321
4 0.49826388888888884 0.37786596119929455 0.09573412698412696 0.1931216931216931
4 0.5823412698412698 0.5242504409171076 0.15476190476190468 0.20370370370370366
4 0.8172123015873015 0.5850970017636683 0.15922619047619052 0.23192239858906524
4 0.9248511904761904 0.5026455026455027 0.09077380952380949 0.26102292768959445
1 0.8531746031746031 0.5220458553791887 0.29365079365079366 0.28218694885361545
1 0.36185515873015867 0.8439153439153435 0.7237103174603173 0.3121693121693116
