5 0.262581 0.512266 0.008929 0.011544
6 0.5300099206349206 0.44973544973544977 0.034226190476190584 0.09700176366843032
4 0.5007440476190476 0.4638447971781305 0.04513888888888893 0.09876543209876544
4 0.3993055555555556 0.503968253968254 0.04960317460317462 0.09435626102292773
4 0.6450892857142857 0.5564373897707232 0.04513888888888886 0.10229276895943563
4 0.6716269841269842 0.4801587301587302 0.033730158730158735 0.12257495590828923
4 0.8990575396825398 0.45502645502645506 0.051091269841269875 0.12522045855379182
4 0.9722222222222223 0.4466490299823633 0.038690476190476344 0.13315696649029982
4 0.17658730158730157 0.7552910052910053 0.05753968253968253 0.17901234567901242
0 0.30009920634920645 0.8531746031746033 0.5803571428571431 0.29365079365079333
