5 0.6700913242009133 0.6082543978349121 0.006849315068493098 0.014884979702300356
4 0.8467261904761904 0.5701058201058201 0.14087301587301582 0.20017636684303347
4 0.6654265873015873 0.46516754850088193 0.09871031746031747 0.12257495590828932
4 0.44022817460317454 0.6291887125220459 0.060019841269841334 0.1613756613756614
4 0.4985119047619048 0.47663139329806 0.0575396825396826 0.13844797178130513
4 0.3209325396825397 0.5987654320987654 0.10813492063492064 0.18518518518518512
3 0.2033730158730159 0.5696649029982364 0.06349206349206352 0.1763668430335097
2 0.12648809523809523 0.6009700176366843 0.14285714285714285 0.1807760141093474
4 0.4226190476190476 0.4585537918871252 0.03968253968253968 0.13756613756613767
4 0.4526289682539682 0.4510582010582011 0.02331349206349209 0.14550264550264558
6 0.9895833333333333 0.4700176366843033 0.01984126984126988 0.16049382716049387
1 0.6922123015873016 0.6300705467372135 0.5074404761904763 0.17195767195767173
4 0.9642857142857144 0.8117283950617287 0.0714285714285713 0.15255731922398583
1 0.20907738095238113 0.8884479717813051 0.4181547619047622 0.22310405643738973
