5 0.5612633181126331 0.44519621109607577 0.009893455098934467 0.01623815967523683
6 0.2980936629526462 0.31197771587743733 0.035254178272980496 0.16991643454039
4 0.3713440111420613 0.5584958217270196 0.12064763231197766 0.2061281337047354
4 0.5127524373259053 0.4157381615598886 0.10262883008356546 0.17130919220055701
4 0.5452646239554317 0.5626740947075209 0.09401114206128128 0.20612813370473546
4 0.7050835654596099 0.6399721448467967 0.16765320334261838 0.24651810584958228
3 0.6208652506963788 0.4561281337047354 0.10732938718662943 0.1462395543175488
2 0.6737465181058495 0.43454038997214484 0.1441504178272981 0.15320334261838447
4 0.6851061977715877 0.38788300835654593 0.09636142061281333 0.1406685236768803
4 0.06267409470752089 0.42061281337047346 0.0564066852367688 0.20055710306406688
1 0.17901288300835655 0.49164345403899595 0.3580257660167131 0.18941504178272922
1 0.6678272980501383 0.8015320334261835 0.6643454038997199 0.3579387186629532
