5 0.4597156398104266 0.46910112359550554 0.014218009478673039 0.022471910112359557
4 0.44106894150417825 0.38718662952646243 0.042305013927576594 0.10306406685236773
4 0.3874042479108635 0.653899721448468 0.09636142061281333 0.18802228412256278
4 0.504134749303621 0.7353760445682451 0.11673050139275759 0.20612813370473532
4 0.8092792479108634 0.7701949860724233 0.10811281337047347 0.13649025069637888
4 0.9228760445682451 0.5988857938718664 0.0752089136490251 0.13649025069637888
4 0.7650156685236769 0.4101671309192201 0.03995473537604468 0.12674094707520894
4 0.704300139275766 0.437325905292479 0.08461002785515293 0.11420612813370495
1 0.2667566155988857 0.4818941504178272 0.4316678272980499 0.192200557103064
1 0.071683495821727 0.8502785515320332 0.143366991643454 0.2994428969359328
0 0.9688805710306405 0.8440111420612815 0.06223885793871872 0.23676880222841235
4 0.9868993732590527 0.4220055710306404 0.02620125348189416 0.10027855153203338
