5 0.919710806697108 0.6488497970230042 0.011415525114155117 0.014884979702300427
3 0.6396329365079365 0.4938271604938271 0.05307539682539684 0.14814814814814817
2 0.6741071428571428 0.49470899470899465 0.10218253968253961 0.13227513227513227
6 0.8335813492063491 0.67989417989418 0.0838293650793652 0.19400352733686063
4 0.6051587301587301 0.6208112874779542 0.06349206349206354 0.14462081128747797
4 0.5146329365079364 0.5745149911816578 0.055059523809523725 0.14373897707231037
1 0.7217261904761898 0.7636684303350967 0.5535714285714278 0.2733686067019404
4 0.1674107142857143 0.42636684303350975 0.03918650793650794 0.11375661375661374
4 0.0910218253968254 0.4215167548500881 0.04414682539682539 0.1164021164021164
4 0.03546626984126984 0.5317460317460317 0.039186507936507936 0.14462081128747797
4 0.08432539682539682 0.6494708994708995 0.05654761904761904 0.18606701940035272
1 0.2256944444444441 0.537037037037037 0.43551587301587225 0.13932980599647207
