5 0.1848341232227488 0.5519662921348315 0.012638230647709357 0.019662921348314627
3 0.261656746031746 0.5656966490299823 0.040178571428571425 0.14373897707231037
2 0.22197420634920628 0.5776014109347442 0.11061507936507929 0.1675485008818342
6 0.005952380952380952 0.8090828924162259 0.010912698412698412 0.18253968253968253
4 0.3501984126984127 0.44488536155202824 0.05753968253968246 0.11022927689594361
4 0.2901785714285714 0.5806878306878306 0.04563492063492063 0.1701940035273369
4 0.42088293650793657 0.5365961199294533 0.0520833333333334 0.15432098765432095
4 0.6785714285714286 0.6477072310405645 0.042658730158730125 0.1825396825396826
4 0.6024305555555556 0.6305114638447972 0.042162698412698346 0.1569664902998236
4 0.5736607142857143 0.7292768959435625 0.04117063492063494 0.18165784832451506
1 0.684027777777778 0.6067019400352733 0.4394841269841267 0.22222222222222246
1 0.24528769841269837 0.8809523809523809 0.4727182539682539 0.23809523809523822
