5 0.482549 0.732323 0.012175 0.012987
3 0.1691468253968254 0.4034391534391532 0.08035714285714284 0.1596119929453262
2 0.1517857142857143 0.3955026455026455 0.13988095238095238 0.15784832451499115
4 0.2378472222222222 0.47354497354497355 0.06498015873015874 0.17813051146384482
4 0.28000992063492064 0.41798941798941797 0.0500992063492064 0.1569664902998236
4 0.3355654761904762 0.4642857142857143 0.06696428571428573 0.18783068783068785
4 0.19047619047619047 0.6807760141093475 0.09226190476190477 0.2804232804232803
4 0.37822420634920634 0.654320987654321 0.08283730158730158 0.18518518518518512
4 0.5208333333333333 0.4766313932980599 0.10019841269841273 0.1737213403880071
6 0.5042162698412699 0.2530864197530864 0.03422619047619051 0.14462081128747795
4 0.7854662698412699 0.3950617283950617 0.05902777777777786 0.1710758377425044
1 0.6976686507936498 0.44356261022927695 0.5104166666666659 0.1604938271604938
1 0.2167658730158733 0.7350088183421516 0.4335317460317465 0.34656084656084646
