5 0.6258119999999999 0.517316 0.012987 0.015873
6 0.9670138888888888 0.8417107583774249 0.06597222222222221 0.3165784832451497
6 0.6964285714285714 0.9272486772486772 0.0892857142857143 0.14550264550264544
4 0.8494543650793651 0.6291887125220458 0.10664682539682559 0.23192239858906524
4 0.546875 0.5 0.10664682539682531 0.17813051146384473
4 0.3901289682539682 0.3298059964726632 0.09375 0.13932980599647266
4 0.3670634920634921 0.4475308641975309 0.1121031746031746 0.1772486772486772
4 0.28621031746031744 0.54673721340388 0.15674603174603172 0.2169312169312169
4 0.19221230158730157 0.40211640211640215 0.07886904761904763 0.16402116402116398
6 0.2891865079365079 0.2685185185185185 0.03075396825396819 0.1507936507936508
4 0.08010912698412699 0.43253968253968256 0.05208333333333334 0.17901234567901228
4 0.08085317460317461 0.39285714285714285 0.03968253968253968 0.17548500881834214
3 0.029017857142857144 0.3835978835978836 0.036210317460317464 0.17636684303350972
4 0.02752976190476186 0.6067019400352734 0.05307539682539673 0.268077601410935
1 0.1279761904761904 0.7054673721340385 0.25297619047619035 0.3015873015873015
1 0.4955357142857133 0.41402116402116446 0.4662698412698406 0.15079365079365048
