5 0.862714 0.6652419999999999 0.010684 0.017094
6 0.40352182539682546 0.2826278659611993 0.0620039682539683 0.19135802469135801
6 0.48958333333333337 0.5983245149911817 0.05357142857142861 0.24603174603174602
3 0.5287698412698413 0.37742504409171074 0.060515873015873044 0.16225749559082892
2 0.5510912698412699 0.373015873015873 0.11507936507936499 0.1657848324514991
4 0.7003968253968254 0.5806878306878308 0.10218253968253961 0.1825396825396826
4 0.77405753968254 0.6199294532627843 0.1552579365079355 0.1940035273368603
4 0.49429563492063494 0.43650793650793646 0.09077380952380949 0.1693121693121693
4 0.4417162698412699 0.5780423280423281 0.07886904761904759 0.18783068783068793
4 0.39558531746031744 0.6141975308641976 0.0689484126984128 0.22663139329806006
4 0.29538690476190477 0.6027336860670194 0.09077380952380956 0.19488536155202824
4 0.21651785714285715 0.5573192239858906 0.050099206349206324 0.21340388007054678
4 0.09995039682539683 0.4387125220458553 0.07787698412698413 0.1878306878306878
1 0.1443452380952381 0.39550264550264536 0.28869047619047616 0.18606701940035283
1 0.4660218253968246 0.7147266313932977 0.6731150793650784 0.31481481481481405
