5 0.3104265402843602 0.5905898876404495 0.012638230647709286 0.018258426966292093
4 0.3271329365079365 0.35758377425044086 0.03422619047619051 0.10846560846560845
4 0.3033234126984127 0.4334215167548501 0.03224206349206348 0.1313932980599647
4 0.4375 0.5251322751322752 0.051587301587301654 0.15961199294532627
4 0.59375 0.3672839506172839 0.034722222222222286 0.08730158730158727
1 0.3132440476190476 0.4828042328042326 0.4022817460317458 0.14197530864197525
1 0.0974702380952381 0.793650793650794 0.1949404761904762 0.2839506172839497
4 0.6661706349206349 0.5745149911816578 0.04861111111111107 0.1737213403880071
4 0.9776785714285714 0.5850970017636684 0.04365079365079353 0.19841269841269835
0 0.9836309523809524 0.7865961199294533 0.032738095238095184 0.14462081128747797
