5 0.612419 0.727273 0.008929 0.011544
6 0.6641865079365078 0.33994708994708994 0.04067460317460316 0.14197530864197527
1 0.7854662698412698 0.44532627865961205 0.4290674603174601 0.158730158730159
4 0.39632936507936506 0.4329805996472663 0.0625 0.14814814814814817
3 0.33606150793650796 0.38844797178130513 0.042162698412698416 0.12786596119929455
2 0.3082837301587301 0.394620811287478 0.1155753968253968 0.14726631393298056
4 0.3023313492063492 0.44003527336860665 0.05406746031746028 0.16754850088183418
4 0.12450396825396826 0.5546737213403881 0.08730158730158732 0.14814814814814825
4 0.1755952380952381 0.7874779541446207 0.10416666666666666 0.26455026455026454
4 0.029513888888888888 0.7597001763668431 0.059027777777777776 0.300705467372134
1 0.2819940476190475 0.6970899470899471 0.5580357142857141 0.29541446208112876
