5 0.316125 0.535884 0.011828 0.019672
6 0.6584821428571429 0.4029982363315696 0.04216269841269856 0.1534391534391534
4 0.7700892857142858 0.4519400352733686 0.06299603174603177 0.12610229276895935
3 0.9528769841269841 0.6058201058201058 0.05257936507936492 0.16754850088183423
2 0.9704861111111112 0.6181657848324515 0.05902777777777786 0.13580246913580254
4 0.6344246031746031 0.5171957671957672 0.05654761904761905 0.13139329805996483
1 0.47371031746031705 0.6168430335097003 0.5059523809523803 0.18077601410934746
1 0.7810019841269832 0.8985890652557319 0.4360119047619043 0.1940035273368604
4 0.41195436507936506 0.8355379188712522 0.09275793650793646 0.1596119929453262
4 0.1488095238095238 0.6944444444444444 0.06646825396825395 0.20546737213403873
4 0.0947420634920635 0.6234567901234569 0.054563492063492064 0.19929453262786587
4 0.13293650793650794 0.46516754850088193 0.05257936507936508 0.12433862433862437
