5 0.34628700000000007 0.52754 0.009882 0.010921
6 0.7366071428571428 0.40828924162257496 0.03273809523809532 0.13756613756613753
4 0.9516369047619048 0.48544973544973546 0.046130952380952266 0.13668430335097
3 0.9828869047619048 0.6084656084656085 0.03422619047619051 0.15520282186948856
4 0.8670634920634922 0.5502645502645502 0.06944444444444443 0.11816578483245152
4 0.3519345238095238 0.4673721340388007 0.06894841269841276 0.12169312169312164
4 0.1721230158730159 0.5317460317460317 0.1259920634920635 0.13227513227513235
4 0.30257936507936506 0.6358024691358024 0.061507936507936484 0.1728395061728394
4 0.3836805555555556 0.6102292768959436 0.07490079365079368 0.1428571428571429
4 0.3412698412698413 0.855379188712522 0.1398809523809524 0.21869488536155202
1 0.5518353174603174 0.6067019400352736 0.45783730158730135 0.16754850088183443
1 0.8144841269841261 0.8910934744268072 0.371031746031745 0.21781305114638394
