5 0.08401 0.74531 0.010552 0.015873
6 0.34970238095238093 0.468694885361552 0.04761904761904759 0.15784832451499128
3 0.5987103174603174 0.47266313932980597 0.05654761904761905 0.14814814814814817
2 0.5920138888888888 0.466931216931217 0.10863095238095241 0.14197530864197533
4 0.648313492063492 0.48897707231040566 0.0436507936507936 0.16313932980599646
4 0.7251984126984127 0.49470899470899465 0.05257936507936506 0.1710758377425045
4 0.9384920634920636 0.7222222222222223 0.06646825396825407 0.18165784832451506
1 0.9156746031746033 0.5246913580246914 0.16468253968253962 0.1763668430335097
4 0.5079365079365079 0.6278659611992946 0.06349206349206354 0.13051146384479723
4 0.45188492063492064 0.6097883597883599 0.09126984126984126 0.14373897707231045
1 0.5749007936507934 0.7914462081128751 0.598214285714285 0.3253968253968242
