5 0.3763349999999999 0.43067400000000006 0.008013 0.011396
3 0.6631944444444444 0.5568783068783069 0.0644841269841269 0.20194003527336854
2 0.7348710317460317 0.5630511463844797 0.1691468253968253 0.21604938271604943
4 0.9751984126984127 0.7191358024691358 0.04960317460317469 0.2830687830687831
4 0.5533234126984127 0.7495590828924162 0.09176587301587304 0.30864197530864196
4 0.48660714285714285 0.603615520282187 0.09722222222222214 0.26895943562610236
4 0.5438988095238095 0.5692239858906525 0.05605158730158721 0.18077601410934732
4 0.5974702380952381 0.5771604938271605 0.07291666666666664 0.16313932980599652
4 0.32266865079365076 0.48853615520282184 0.0768849206349206 0.17989417989417988
4 0.27653769841269843 0.44488536155202824 0.05803571428571431 0.18783068783068785
4 0.29563492063492064 0.6560846560846563 0.11904761904761908 0.24867724867724875
4 0.11656746031746032 0.5903880070546736 0.10515873015873017 0.1931216931216931
1 0.18179563492063486 0.6225749559082895 0.3635912698412697 0.24338624338624273
1 0.658482142857143 0.8981481481481479 0.6830357142857139 0.20370370370370414
