5 0.675325 0.747475 0.016234 0.01443
6 0.32316330083565453 0.2876044568245126 0.04465529247910862 0.12395543175487464
3 0.11829735376044567 0.40947075208913647 0.06267409470752089 0.13927576601671313
2 0.046613857938718646 0.39484679665738165 0.0932277158774373 0.1629526462395543
4 0.18763057103064062 0.4032033426183844 0.04152158774373259 0.1573816155988858
4 0.213091922005571 0.4352367688022284 0.048572423398328686 0.16573816155988852
4 0.30945334261838436 0.5278551532033425 0.04387186629526461 0.2144846796657381
4 0.352150069637883 0.4756267409470752 0.08382660167130919 0.16852367688022285
4 0.4747562674094708 0.5752089136490252 0.061107242339832835 0.21169916434540398
4 0.7955692896935931 0.6260445682451251 0.12456476323119786 0.2381615598885788
1 0.5625 0.4282729805013927 0.45125348189415043 0.14902506963788298
1 0.15590181058495817 0.7116991643454037 0.31180362116991633 0.31197771587743717
