5 0.44129899999999994 0.609722 0.006133 0.008441
3 0.12822420634920637 0.6040564373897708 0.05505952380952383 0.1393298059964725
2 0.03918650793650794 0.6186067019400352 0.07837301587301589 0.15961199294532624
6 0.1083829365079365 0.8672839506172839 0.05704365079365079 0.26543209876543217
4 0.3043154761904762 0.6737213403880071 0.06894841269841269 0.1499118165784833
4 0.4992559523809524 0.5458553791887125 0.03621031746031747 0.10582010582010583
4 0.5081845238095238 0.5992063492063492 0.04613095238095241 0.1119929453262786
4 0.5882936507936508 0.5493827160493826 0.042658730158730264 0.1463844797178131
4 0.6450892857142857 0.5745149911816578 0.047123015873015886 0.13315696649029982
4 0.6686507936507937 0.6243386243386244 0.04861111111111114 0.1604938271604938
4 0.802827380952381 0.587742504409171 0.04414682539682545 0.14021164021164018
4 0.5310019841269843 0.7350088183421519 0.04315476190476176 0.1895943562610231
6 0.8467261904761904 0.9457671957671957 0.056547619047619124 0.10317460317460317
1 0.2065972222222222 0.8853615520282189 0.4131944444444444 0.22751322751322725
1 0.4900793650793649 0.6058201058201057 0.4295634920634914 0.16225749559082875
