5 0.652778 0.7986699999999999 0.020299 0.016144
6 0.855406746031746 0.3148148148148148 0.033234126984126956 0.13051146384479723
4 0.949156746031746 0.5590828924162258 0.06299603174603177 0.14814814814814825
1 0.8720238095238096 0.8355379188712522 0.2559523809523809 0.29365079365079355
4 0.8234126984126985 0.9400352733686067 0.10119047619047607 0.1022927689594357
4 0.663938492063492 0.6146384479717814 0.05704365079365083 0.16225749559082892
4 0.638888888888889 0.40079365079365076 0.03571428571428569 0.12962962962962954
4 0.5275297619047619 0.44620811287477946 0.04811507936507944 0.10582010582010583
1 0.6624503968253973 0.51058201058201 0.4618055555555554 0.16225749559082836
4 0.2757936507936508 0.45282186948853614 0.07142857142857142 0.11728395061728392
4 0.26587301587301587 0.683862433862434 0.0625 0.1931216931216931
