5 0.622048 0.562053 0.008716 0.009997
6 0.9169146825396826 0.458994708994709 0.06398809523809518 0.1649029982363316
4 0.8182043650793651 0.7552910052910053 0.047123015873015955 0.20370370370370366
1 0.8318452380952379 0.626984126984127 0.33432539682539686 0.17460317460317462
4 0.6666666666666665 0.5008818342151675 0.04563492063492063 0.15167548500881836
4 0.39384920634920634 0.5361552028218695 0.041666666666666644 0.13051146384479723
4 0.40972222222222215 0.6477072310405643 0.06150793650793652 0.14902998236331563
4 0.3432539682539682 0.8192239858906527 0.05654761904761905 0.2328042328042328
4 0.22470238095238096 0.4863315696649029 0.042658730158730195 0.14726631393298056
4 0.06795634920634921 0.5656966490299824 0.04365079365079365 0.13315696649029996
4 0.0634920634920635 0.49029982363315694 0.034722222222222224 0.1287477954144621
0 0.05431547619047619 0.9104938271604938 0.10863095238095238 0.17901234567901214
