5 0.636650868878357 0.8398876404494382 0.011058451816745673 0.014044943820224774
4 0.9618055555555555 0.25573192239858905 0.04067460317460316 0.1111111111111111
4 0.849950396825397 0.2535273368606702 0.02926587301587304 0.10846560846560849
6 0.8110119047619047 0.2671957671957672 0.029761904761904816 0.10052910052910051
4 0.6222718253968255 0.31922398589065254 0.04017857142857146 0.10229276895943563
4 0.3618551587301587 0.3201058201058201 0.03521825396825392 0.11640211640211635
4 0.296875 0.42460317460317465 0.03918650793650794 0.11728395061728394
4 0.39384920634920634 0.41402116402116407 0.05853174603174608 0.10670194003527335
4 0.503968253968254 0.48721340388007056 0.03968253968253976 0.1137566137566138
4 0.5972222222222221 0.5608465608465608 0.07043650793650791 0.14109347442680772
4 0.7353670634920636 0.7932098765432098 0.08978174603174593 0.19841269841269835
4 0.22172619047619047 0.7804232804232805 0.06150793650793652 0.21693121693121684
6 0.027529761904761904 0.9276895943562609 0.05505952380952381 0.13756613756613723
1 0.03174603174603175 0.37257495590828926 0.06051587301587302 0.10317460317460317
0 0.6111111111111106 0.5432098765432098 0.41269841269841245 0.2116402116402118
