5 0.6386255924170615 0.8398876404494382 0.01026856240126385 0.022471910112359696
6 0.7678571428571428 0.04409171075837742 0.026785714285714305 0.07054673721340388
1 0.7323908730158726 0.12962962962962968 0.27728174603174544 0.15343915343915354
4 0.5674603174603174 0.10846560846560846 0.030753968253968297 0.08289241622574955
4 0.8787202380952381 0.5216049382716049 0.06597222222222228 0.154320987654321
1 0.9109623015873016 0.45282186948853614 0.17807539682539691 0.2848324514991183
4 0.7723214285714286 0.7641093474426808 0.0625 0.15961199294532633
4 0.7425595238095238 0.8179012345679013 0.07539682539682531 0.1913580246913581
4 0.35317460317460314 0.3381834215167548 0.05952380952380956 0.10670194003527335
4 0.21279761904761904 0.21781305114638447 0.06746031746031747 0.08641975308641975
0 0.1517857142857143 0.40255731922398597 0.30357142857142855 0.29012345679012336
6 0.3082837301587302 0.03350970017636685 0.03918650793650798 0.06701940035273368
