5 0.43536299999999994 0.592679 0.006313 0.008202
6 0.5473710317460317 0.4642857142857143 0.03125 0.14902998236331577
4 0.8353174603174602 0.49779541446208114 0.04464285714285708 0.14726631393298056
4 0.9642857142857142 0.4885361552028219 0.03769841269841279 0.1252204585537919
4 0.7924107142857143 0.6490299823633157 0.12251984126984126 0.17989417989417994
4 0.8861607142857143 0.951058201058201 0.04216269841269849 0.09435626102292759
3 0.08308531746031747 0.611111111111111 0.06101190476190476 0.1851851851851852
4 0.982390873015873 0.6635802469135803 0.03521825396825392 0.14021164021164004
1 0.47941468253968256 0.6164021164021165 0.4578373015873016 0.1728395061728395
1 0.19915674603174596 0.8946208112874767 0.3973214285714285 0.20899470899470857
2 0.019345238095238096 0.6181657848324515 0.03869047619047619 0.12345679012345684
