5 0.6891229999999999 0.8015869999999999 0.00974 0.012987
3 0.25030466573816157 0.29247910863509746 0.039954735376044576 0.11420612813370475
2 0.22014275766016714 0.2931754874651808 0.08617688022284123 0.11559888579387183
4 0.10615424791086352 0.34401114206128136 0.03682103064066853 0.12256267409470752
4 0.140233286908078 0.37116991643454045 0.04857242339832871 0.1295264623955432
4 0.3834871169916434 0.3147632311977716 0.044655292479108655 0.13091922005571027
4 0.6428011838440111 0.28064066852367686 0.05092270194986085 0.12952646239554316
4 0.6345752089136489 0.3426183844011142 0.11751392757660163 0.1364902506963788
4 0.5777768105849581 0.5055710306406686 0.08852715877437334 0.15598885793871864
4 0.6749216573816156 0.6100278551532033 0.10106197771587745 0.1866295264623956
4 0.774025069637883 0.7910863509749304 0.13631615598885788 0.21169916434540398
4 0.4520369080779944 0.6587743732590529 0.13631615598885788 0.23119777158774377
1 0.22327646239554316 0.5543175487465178 0.4465529247910863 0.25905292479108616
1 0.5809105153203342 0.30710306406685234 0.3392235376044569 0.1350974930362116
