5 0.48863599999999996 0.559885 0.008117 0.011544
3 0.6725713788300834 0.6065459610027856 0.06189066852367702 0.25487465181058494
2 0.7454300139275765 0.6392757660167129 0.16686977715877402 0.2367688022284119
4 0.6087221448467965 0.44846796657381616 0.05797353760445688 0.19498607242339838
4 0.5483983286908077 0.5041782729805014 0.08774373259052921 0.15041782729805014
6 0.25030466573816157 0.41086350974930363 0.0430884401114206 0.16991643454038993
4 0.43715181058495817 0.66016713091922 0.08461002785515326 0.2116991643454039
4 0.2448206824512534 0.7130919220055708 0.10419568245125363 0.22562674094707572
4 0.22954387186629524 0.5466573816155988 0.05483983286908074 0.1880222841225626
1 0.18410515320334261 0.7116991643454039 0.36350974930362123 0.28412256267409436
1 0.7113074512534819 0.9484679665738157 0.5773850974930359 0.10306406685236852
