5 0.7053712480252764 0.5280898876404494 0.011058451816745673 0.019662921348314627
4 0.5736607142857143 0.4753086419753087 0.08085317460317469 0.1128747795414462
4 0.6128472222222223 0.4440035273368606 0.05902777777777778 0.12257495590828932
4 0.4662698412698413 0.4519400352733686 0.07142857142857138 0.14726631393298056
4 0.29960317460317465 0.40520282186948847 0.03869047619047617 0.13492063492063486
4 0.3050595238095238 0.3734567901234568 0.03769841269841276 0.15784832451499123
3 0.24776785714285715 0.3562610229276896 0.04216269841269838 0.13756613756613756
2 0.25024801587301587 0.36067019400352734 0.09375 0.14638447971781307
4 0.18154761904761904 0.46913580246913583 0.06150793650793652 0.1375661375661376
4 0.06820436507936507 0.8240740740740741 0.07490079365079365 0.24603174603174607
1 0.29017857142857134 0.780864197530864 0.5803571428571427 0.434744268077602
