5 0.83847 0.57674 0.005342 0.008766
3 0.6790674603174602 0.5405643738977072 0.03670634920634924 0.12874779541446216
2 0.7199900793650794 0.5529100529100529 0.08482142857142862 0.11640211640211647
6 0.7318948412698413 0.646384479717813 0.04513888888888886 0.14638447971781296
1 0.6560019841269837 0.7905643738977082 0.46874999999999933 0.23544973544973596
4 0.5503472222222222 0.8866843033509698 0.05307539682539669 0.1313932980599647
4 0.4975198412698413 0.9409171075837741 0.05456349206349209 0.07760141093474417
4 0.4883432539682539 0.6794532627865962 0.0481150793650793 0.1137566137566138
4 0.31423611111111116 0.6719576719576719 0.04414682539682545 0.15873015873015872
1 0.35193452380952356 0.5577601410934744 0.3546626984126982 0.11904761904761879
4 0.15749007936507936 0.4753086419753086 0.028273809523809524 0.12169312169312171
6 0.06498015873015874 0.45679012345679015 0.05753968253968253 0.10934744268077601
4 0.0947420634920635 0.5008818342151676 0.04464285714285712 0.08994708994708994
4 0.1019345238095238 0.6693121693121694 0.05208333333333334 0.14285714285714285
4 0.08457341269841269 0.7971781305114638 0.05109126984126984 0.15520282186948847
