5 0.8072669826224329 0.5042134831460675 0.014218009478672968 0.02247191011235948
4 0.966765873015873 0.7231040564373897 0.05357142857142861 0.18518518518518526
4 0.6331845238095238 0.7526455026455027 0.07192460317460309 0.19841269841269848
4 0.388640873015873 0.46649029982363316 0.04513888888888893 0.10758377425044102
4 0.40079365079365076 0.3862433862433862 0.032738095238095254 0.1287477954144621
4 0.2420634920634921 0.4184303350970018 0.03174603174603177 0.12962962962962962
4 0.21006944444444442 0.5855379188712522 0.09176587301587301 0.13403880070546734
4 0.036458333333333336 0.6322751322751323 0.07192460317460318 0.1569664902998236
4 0.02083333333333333 0.4510582010582011 0.03968253968253968 0.11728395061728392
1 0.09623015873015874 0.8699294532627866 0.19246031746031747 0.2601410934744267
1 0.3169642857142854 0.5709876543209876 0.4255952380952376 0.16137566137566123
