5 0.8276255707762555 0.5615696887686062 0.008371385083713817 0.010825439783491219
6 0.914650069637883 0.45891364902506965 0.05092270194986071 0.1295264623955432
6 0.7187935236768803 0.9115598885793872 0.060323816155988794 0.16295264623955433
4 0.3729108635097492 0.44846796657381616 0.05483983286908078 0.09749303621169915
4 0.5589745821727019 0.49025069637883006 0.052489554317548794 0.09470752089136497
4 0.7900853064066851 0.5376044568245125 0.0462221448467966 0.09470752089136497
4 0.8472754178272982 0.5438718662952645 0.05875696378830092 0.11281337047353761
4 0.9040738161559887 0.5146239554317549 0.05483983286908071 0.09888579387186631
0 0.9481197771587739 0.8057103064066854 0.1037604456824511 0.18523676880222864
4 0.5934453342618384 0.6023676880222841 0.08539345403899723 0.1295264623955432
4 0.2428621169916434 0.5633704735376044 0.06737465181058493 0.12395543175487468
4 0.21857590529247908 0.6337047353760445 0.07990947075208911 0.1281337047353761
4 0.11320508356545961 0.5884401114206128 0.07599233983286909 0.1295264623955432
3 0.03995473537604457 0.5745125348189415 0.05483983286908078 0.1462395543175488
4 0.0419133008356546 0.8321727019498607 0.08382660167130919 0.20473537604456823
1 0.12456476323119778 0.8426183844011144 0.24912952646239553 0.25069637883008355
1 0.3153290389972145 0.5689415041782726 0.35959261838440115 0.12952646239554358
