5 0.6477029999999999 0.694207 0.011752 0.019468
6 0.3795699860724234 0.3530640668523677 0.033687325905292415 0.16573816155988863
4 0.562891713091922 0.47493036211699163 0.052489554317548794 0.3732590529247912
4 0.6122475626740942 0.48607242339832896 0.07129178272980509 0.4066852367688019
4 0.49159993036211724 0.6685236768802224 0.3110201949860725 0.5487465181058487
4 0.18919742339832865 0.38579387186629527 0.06659122562674095 0.16991643454038993
6 0.1472841225626741 0.31476323119777155 0.03290389972144844 0.1197771587743733
4 0.11046309192200557 0.34749303621169925 0.028203342618384416 0.1323119777158775
4 0.08578516713091922 0.39066852367688026 0.07129178272980502 0.23259052924791085
1 0.08735201949860721 0.7305013927576599 0.17470403899721443 0.31058495821726967
