5 0.41856925418569246 0.4993234100135318 0.015220700152206987 0.021650879566982438
6 0.1423611111111111 0.31966490299823636 0.04662698412698413 0.10846560846560845
4 0.12177579365079366 0.435626102292769 0.06597222222222221 0.18165784832451506
4 0.1743551587301587 0.7182539682539683 0.07093253968253965 0.2248677248677247
4 0.45461309523809534 0.40608465608465605 0.04910714285714285 0.13315696649029973
4 0.5334821428571428 0.4470899470899471 0.06299603174603177 0.13051146384479723
4 0.6282242063492063 0.7014991181657848 0.0699404761904762 0.20546737213403873
4 0.6981646825396826 0.6128747795414462 0.11557539682539683 0.1746031746031747
4 0.7839781746031746 0.3298059964726632 0.03621031746031747 0.14109347442680778
1 0.7562003968253973 0.3703703703703705 0.388392857142857 0.12345679012345678
1 0.9729662698412695 0.59700176366843 0.05406746031746014 0.14462081128747825
