5 0.430556 0.591168 0.007479 0.013295
3 0.40581476323119775 0.5926183844011141 0.06580779944289696 0.12395543175487461
2 0.32120473537604455 0.605849582172702 0.09871169916434538 0.15877437325905283
6 0.2687151810584958 0.8245125348189416 0.07834261838440114 0.27576601671309203
4 0.5111855849582172 0.5229805013927578 0.06972493036211702 0.13788300835654602
4 0.5417392061281336 0.5306406685236769 0.03995473537604454 0.14206128133704737
4 0.496692200557103 0.6699164345403901 0.0861768802228412 0.18384401114206134
4 0.5766016713091922 0.6629526462395543 0.053272980501392696 0.18662952646239553
4 0.6580779944289694 0.5598885793871866 0.10967966573816156 0.1643454038997215
4 0.702341573816156 0.6295264623955431 0.030553621169916455 0.18105849582172703
4 0.7313283426183844 0.6545961002785515 0.04152158774373262 0.20612813370473532
4 0.8774373259052924 0.5967966573816156 0.045438718662952765 0.1685236768802229
1 0.788083217270195 0.6142061281337053 0.42383356545960943 0.17270194986072482
1 0.4011142061281334 0.8837047353760445 0.6173398328690802 0.23259052924791035
