5 0.607955 0.727273 0.00974 0.01443
6 0.6820436507936507 0.3412698412698413 0.03968253968253976 0.14638447971781304
1 0.7906746031746033 0.4426807760141094 0.41865079365079355 0.15696649029982368
4 0.41170634920634924 0.43386243386243395 0.06746031746031754 0.14991181657848324
3 0.3509424603174603 0.3915343915343915 0.04613095238095241 0.12345679012345684
2 0.32192460317460314 0.3902116402116402 0.11507936507936506 0.15784832451499115
4 0.31200396825396826 0.43915343915343913 0.0575396825396826 0.15520282186948856
4 0.12574404761904762 0.5551146384479718 0.08184523809523807 0.1649029982363316
4 0.036210317460317464 0.7649911816578484 0.07043650793650794 0.2901234567901234
4 0.17832341269841273 0.7883597883597884 0.10863095238095237 0.27336860670194
1 0.2881944444444442 0.6975308641975309 0.5744047619047614 0.2998236331569663
