5 0.6702211690363348 0.31320224719101125 0.015007898894154863 0.028089887640449472
6 0.18802228412256267 0.25835654596100277 0.04073816155988858 0.09331476323119776
3 0.11908077994428969 0.3398328690807799 0.0282033426183844 0.08913649025069642
2 0.0497475626740947 0.3607242339832869 0.0932277158774373 0.13370473537604455
4 0.1688283426183844 0.37604456824512533 0.04152158774373259 0.13091922005571033
4 0.12182277158774373 0.4129526462395543 0.035254178272980476 0.13231197771587744
4 0.141016713091922 0.38788300835654593 0.02036908077994429 0.1406685236768803
4 0.5863944986072422 0.3175487465181059 0.07599233983286915 0.11142061281337053
4 0.3834871169916434 0.38788300835654593 0.05875696378830078 0.13231197771587744
4 0.3298224233983287 0.36281337047353757 0.042305013927576594 0.1128133704735376
4 0.3341312674094708 0.46448467966573814 0.035254178272980496 0.13509749303621163
1 0.4395020891364902 0.36420612813370473 0.34627437325905286 0.17130919220055707
4 0.7728499303621169 0.4798050139275766 0.06032381615598894 0.12674094707520894
4 0.8558931058495821 0.4888579387186629 0.05875696378830085 0.15877437325905291
4 0.637708913649025 0.7465181058495821 0.07050835654596099 0.2144846796657381
4 0.3306058495821727 0.8328690807799444 0.1175139275766017 0.22562674094707533
1 0.14297527855153205 0.7033426183844013 0.2859505571030641 0.3676880222841225
0 0.9874651810584958 0.8481894150417826 0.02506963788300836 0.1448467966573816
