5 0.328734 0.806638 0.008117 0.011544
6 0.6286995125348188 0.28133704735376047 0.03995473537604461 0.1337047353760446
3 0.31963788300835655 0.40807799442896936 0.04700557103064071 0.14206128133704737
2 0.31102019498607236 0.4018105849582173 0.11751392757660163 0.15181058495821723
4 0.352150069637883 0.4394150417827298 0.04935584958217269 0.14902506963788306
4 0.3999390668523677 0.4220055710306406 0.07599233983286907 0.15877437325905291
4 0.4508617688022284 0.4310584958217271 0.05719011142061284 0.16573816155988857
4 0.4857242339832868 0.45891364902506965 0.06424094707520886 0.16016713091922008
4 0.8629439415041782 0.4568245125348189 0.11986420612813362 0.17827298050139276
4 0.6565111420612811 0.5752089136490252 0.14885097493036212 0.21448467966573823
4 0.5891364902506964 0.49164345403899723 0.15198467966573814 0.1866295264623956
4 0.27302402506963785 0.7033426183844012 0.13709958217270188 0.26740947075208915
1 0.283600278551532 0.7110027855153203 0.567200557103064 0.30222841225626684
1 0.7871256963788301 0.4540389972144846 0.42574860724233976 0.15320334261838459
