5 0.7640791476407915 0.5548037889039242 0.012176560121765618 0.01623815967523683
6 0.0625 0.5194003527336861 0.053571428571428575 0.1657848324514991
4 0.19022817460317462 0.6666666666666667 0.12251984126984122 0.20105820105820107
4 0.33110119047619047 0.812610229276896 0.10069444444444439 0.23192239858906533
4 0.45213293650793646 0.5295414462081129 0.0481150793650793 0.14902998236331577
4 0.6765873015873015 0.472663139329806 0.04960317460317455 0.1604938271604938
4 0.6525297619047619 0.48721340388007056 0.04613095238095241 0.13668430335097
4 0.6215277777777779 0.5198412698412699 0.05059523809523812 0.11199294532627892
4 0.601934523809524 0.6225749559082892 0.1135912698412702 0.16402116402116398
4 0.6480654761904762 0.7332451499118166 0.11458333333333336 0.19664902998236336
4 0.8588789682539683 0.9016754850088183 0.14632936507936506 0.18783068783068785
1 0.45684523809523797 0.682098765432099 0.5238095238095237 0.19664902998236453
1 0.17757936507936503 0.9475308641975302 0.35515873015873 0.10493827160493747
