5 0.7993774919130366 0.6740755603115153 0.012215075603700514 0.025053009135405556
6 0.9739583333333333 0.23500881834215165 0.052083333333333426 0.2072310405643739
6 0.4345238095238095 0.5361552028218695 0.066468253968254 0.24514991181657847
4 0.9357638888888888 0.531305114638448 0.08085317460317455 0.18959435626102292
4 0.9620535714285714 0.6626984126984127 0.06795634920634924 0.21252204585537918
6 0.9434523809523809 0.8567019400352734 0.11111111111111115 0.2372134038800705
4 0.3072916666666667 0.6816578483245149 0.1006944444444445 0.2416225749559083
1 0.02876984126984125 0.11728395061728396 0.0575396825396825 0.21869488536155202
0 0.8611111111111106 0.27910052910052874 0.27777777777777773 0.3924162257495584
4 0.4665178571428571 0.04056437389770723 0.03918650793650791 0.08112874779541446
4 0.3742559523809524 0.02821869488536155 0.03720238095238095 0.054673721340388004
