5 0.084416 0.589466 0.00974 0.015873
6 0.7391626044568244 0.15250696378830086 0.04778899721448468 0.11002785515320335
4 0.6525940111420613 0.3913649025069638 0.07677576601671304 0.21727019498607242
4 0.9173485376044564 0.8440111420612816 0.16530292479108638 0.31197771587743706
4 0.49120821727019487 0.3760445682451254 0.10654596100278546 0.13927576601671313
4 0.5456563370473537 0.24930362116991642 0.04935584958217269 0.14484679665738162
3 0.4798485376044567 0.2235376044568245 0.04935584958217269 0.13231197771587744
2 0.4778899721448468 0.22841225626740946 0.11281337047353766 0.13091922005571027
4 0.280074860724234 0.24791086350974928 0.050922701949860746 0.1559888579387187
4 0.1480675487465181 0.5438718662952646 0.05483983286908078 0.2298050139275766
4 0.13749129526462395 0.46587743732590525 0.05719011142061282 0.19080779944289694
1 0.8519324512534817 0.2820334261838441 0.2961350974930359 0.14345403899721448
1 0.42265842618384375 0.49025069637882973 0.5429143454038993 0.25905292479108605
