5 0.584416 0.690476 0.011364 0.015873
6 0.3689937325905292 0.2604456824512535 0.03760445682451255 0.13091922005571033
4 0.6623868384401115 0.38161559888579366 0.09479456824512505 0.16155988857938702
4 0.9671396239554317 0.6183844011142061 0.06345752089136497 0.18105849582172703
4 0.42579213091922 0.4986072423398329 0.0916608635097493 0.1838440111420613
4 0.25970577994428967 0.6887186629526463 0.09479456824512532 0.22701949860724235
4 0.08461002785515319 0.6685236768802229 0.05954038997214484 0.27019498607242326
4 0.2076079387186629 0.4637883008356546 0.0783426183844011 0.16991643454039007
4 0.1128133704735376 0.46030640668523676 0.061107242339832835 0.17966573816155992
4 0.16686977715877443 0.4087743732590525 0.05327298050139265 0.1685236768802234
3 0.060323816155988856 0.3962395543175487 0.06580779944289693 0.17409470752089135
2 0.043480153203342614 0.39763231197771587 0.08539345403899722 0.14902506963788298
1 0.5476149025069639 0.4317548746518106 0.4747562674094708 0.14763231197771595
1 0.14963440111420603 0.7214484679665738 0.29926880222841207 0.31754874651810566
