5 0.616477 0.693362 0.010552 0.010101
6 0.3345229805013928 0.26740947075208915 0.039171309192200604 0.13370473537604458
3 0.03094533426183844 0.38997214484679665 0.06189066852367688 0.18384401114206125
4 0.08382660167130919 0.45334261838440115 0.051706128133704746 0.19637883008356538
4 0.11829735376044567 0.40111420612813375 0.02977019498607241 0.15877437325905297
4 0.13709958217270193 0.4157381615598886 0.048572423398328686 0.16852367688022285
4 0.17627089136490248 0.4658774373259053 0.07520891364902507 0.18245125348189417
4 0.05797353760445681 0.6622562674094706 0.06894150417827297 0.25208913649025066
4 0.2268018802228412 0.6789693593314763 0.09479456824512532 0.22144846796657375
4 0.40855675487465176 0.5 0.1073293871866295 0.16713091922005568
4 0.6165564066852367 0.3844011142061281 0.09714484679665737 0.16991643454039
4 0.9377611420612811 0.6427576601671309 0.10811281337047349 0.2298050139275765
1 0.509227019498607 0.4352367688022282 0.4637883008356543 0.151810584958217
1 0.13905814763231195 0.7165738161559889 0.2781162952646239 0.2966573816155996
