5 0.556731 0.5316239999999999 0.005342 0.007597
6 0.15237639275766016 0.4192200557103064 0.03838788300835656 0.15041782729805006
4 0.45673746518105846 0.4491643454038997 0.03760445682451255 0.1295264623955432
4 0.4731894150417827 0.4616991643454039 0.07050835654596099 0.12395543175487461
4 0.7462134401114205 0.6239554317548747 0.12926532033426186 0.17827298050139276
4 0.6572945682451254 0.6866295264623955 0.07050835654596099 0.17270194986072412
4 0.6302663649025069 0.9268802228412258 0.06345752089136458 0.14623955431754826
4 0.4379352367688022 0.7938718662952646 0.06110724233983291 0.22005571030640667
0 0.4724059888579387 0.8349582172701949 0.6032381615598884 0.2827298050139273
4 0.18880571030640667 0.6337047353760448 0.09871169916434544 0.183844011142061
4 0.2287604456824512 0.5668523676880223 0.08461002785515316 0.1448467966573817
