5 0.924513 0.6226549999999998 0.014610000000000001 0.012987
4 0.822172619047619 0.4722222222222222 0.03819444444444443 0.09259259259259252
4 0.7078373015873015 0.4797178130511464 0.08432539682539683 0.12345679012345684
4 0.6644345238095238 0.4021164021164021 0.06498015873015874 0.07054673721340393
4 0.8368055555555557 0.8593474426807759 0.12301587301587304 0.18077601410934746
4 0.27554563492063494 0.8183421516754851 0.10168650793650798 0.17813051146384482
4 0.2353670634920635 0.486331569664903 0.0669642857142857 0.09259259259259252
4 0.189484126984127 0.47663139329806 0.024801587301587276 0.12962962962962968
1 0.15500992063492064 0.431657848324515 0.29414682539682535 0.10846560846560849
0 0.012896825396825396 0.6481481481481468 0.025793650793650792 0.11463844797178117
0 0.7919146825396823 0.6671075837742504 0.4141865079365081 0.24779541446208087
