5 0.473214 0.665224 0.00974 0.017316
4 0.9662698412698413 0.6256613756613757 0.06746031746031747 0.20546737213403873
4 0.8147321428571428 0.47310405643738973 0.05803571428571431 0.17901234567901234
4 0.8077876984126984 0.560405643738977 0.10168650793650784 0.1843033509700176
4 0.7244543650793651 0.4797178130511463 0.07886904761904759 0.17989417989417994
3 0.591765873015873 0.5224867724867724 0.07242063492063487 0.12610229276895935
2 0.5753968253968257 0.4942680776014106 0.13789682539682507 0.16843033509700142
4 0.4702380952380952 0.7041446208112875 0.19047619047619044 0.18959435626102297
4 0.4055059523809524 0.7160493827160493 0.06597222222222221 0.20811287477954146
4 0.3529265873015873 0.578042328042328 0.10267857142857145 0.20899470899470898
4 0.1857638888888889 0.5740740740740741 0.09970238095238097 0.1957671957671959
1 0.5587797619047616 0.8443562610229278 0.7624007936507934 0.3095238095238103
1 0.9441964285714284 0.5343915343915344 0.11160714285714224 0.14814814814814817
