5 0.7442252165543792 0.6672369546621044 0.004331087584215538 0.011976047904191631
4 0.7487599206349208 0.5427689594356261 0.05803571428571431 0.2001763668430336
4 0.41096230158730157 0.38492063492063494 0.03521825396825392 0.1631393298059965
4 0.3764880952380952 0.37213403880070545 0.032738095238095254 0.1781305114638448
4 0.3395337301587302 0.4298941798941799 0.05704365079365079 0.20194003527336868
3 0.2068452380952381 0.24338624338624334 0.037698412698412724 0.1728395061728395
6 0.1909722222222222 0.30202821869488533 0.046626984126984114 0.18430335097001765
6 0.16517857142857142 0.6472663139329806 0.07638888888888891 0.22045855379188709
1 0.27901785714285704 0.6472663139329806 0.5580357142857141 0.4091710758377426
2 0.25396825396825384 0.2548500881834215 0.09424603174603172 0.146384479717813
