5 0.5315829528158296 0.44113667117726657 0.006849315068493169 0.013531799729364025
6 0.22023809523809526 0.4025573192239859 0.03174603174603174 0.13492063492063494
3 0.03447420634920635 0.5224867724867726 0.04712301587301588 0.1701940035273369
2 0.019841269841269847 0.538359788359788 0.03968253968253969 0.1490299823633164
4 0.16889880952380953 0.46252204585537926 0.04811507936507935 0.14197530864197538
4 0.17311507936507936 0.4797178130511463 0.0505952380952381 0.14814814814814817
4 0.40500992063492064 0.47751322751322745 0.055059523809523794 0.15961199294532627
4 0.33407738095238093 0.5679012345679011 0.03918650793650798 0.21164021164021157
4 0.3196924603174603 0.6397707231040565 0.08680555555555554 0.22134038800705474
4 0.5882936507936508 0.39065255731922405 0.08234126984126973 0.10934744268077601
4 0.5773809523809522 0.3866843033509699 0.039682539682539965 0.14902998236331572
4 0.9412202380952381 0.5365961199294533 0.061011904761904816 0.21957671957671956
4 0.8323412698412699 0.8187830687830688 0.07936507936507936 0.3201058201058201
1 0.526041666666666 0.5753968253968251 0.5074404761904756 0.17019400352733682
1 0.13640873015873017 0.8655202821869484 0.27281746031746035 0.26895943562610314
