5 0.590162 0.540278 0.006039 0.00991
4 0.6322249303621169 0.6754874651810584 0.11124651810584957 0.1532033426183844
4 0.637317200557103 0.5313370473537604 0.08069289693593326 0.11559888579387184
4 0.3639014623955431 0.6559888579387185 0.06815807799442901 0.1754874651810586
4 0.48376566852367686 0.866991643454039 0.11986420612813369 0.24651810584958211
4 0.2585306406685236 0.5341225626740947 0.05170612813370472 0.14902506963788306
4 0.29652681058495817 0.44498607242339827 0.06815807799442894 0.15459610027855156
4 0.23071901114206128 0.4610027855153204 0.05248955431754869 0.14484679665738162
4 0.11007137883008357 0.5661559888579387 0.09636142061281337 0.16295264623955433
0 0.18880571030640655 0.8586350974930341 0.3776114206128131 0.2827298050139272
1 0.9506441504178273 0.5898328690807797 0.09871169916434544 0.14623955431754868
