5 0.247159 0.645022 0.010552 0.01443
6 0.40302579365079366 0.6371252204585538 0.08085317460317462 0.15961199294532633
2 0.36408730158730157 0.6283068783068783 0.13591269841269846 0.19664902998236314
4 0.3201884920634921 0.5485008818342151 0.045138888888888895 0.15167548500881836
4 0.4330357142857143 0.531305114638448 0.08829365079365076 0.1490299823633157
4 0.5339781746031746 0.6111111111111112 0.07589285714285708 0.2063492063492064
4 0.6634424603174602 0.5339506172839507 0.06994047619047614 0.16313932980599646
4 0.6297123015873016 0.6926807760141094 0.08978174603174609 0.21075837742504405
4 0.8028273809523809 0.6067019400352733 0.10267857142857138 0.2151675485008819
4 0.8092757936507937 0.7848324514991183 0.08482142857142846 0.2380952380952381
4 0.5853174603174602 0.9417989417989417 0.07837301587301589 0.11463844797178141
1 0.3583829365079365 0.9259259259259244 0.716765873015873 0.14814814814814772
1 0.8464781746031745 0.6900352733686073 0.30704365079364987 0.25485008818342153
