5 0.21469199999999997 0.8730160000000001 0.008929 0.01443
6 0.5379464285714286 0.2619047619047619 0.03819444444444443 0.13227513227513227
3 0.2633928571428572 0.3597883597883598 0.03174603174603178 0.1128747795414462
2 0.24156746031746032 0.3756613756613757 0.11507936507936506 0.13932980599647268
4 0.24875992063492064 0.4237213403880071 0.04712301587301585 0.15432098765432095
4 0.3013392857142857 0.40520282186948847 0.06398809523809522 0.1507936507936508
4 0.3864087301587301 0.40784832451499115 0.06349206349206347 0.16313932980599652
4 0.4126984126984127 0.4188712522045856 0.06448412698412696 0.1763668430335097
4 0.5739087301587301 0.46164021164021163 0.10912698412698411 0.17548500881834214
4 0.6746031746031746 0.4576719576719577 0.05257936507936492 0.21164021164021166
4 0.7162698412698413 0.5485008818342151 0.07242063492063494 0.2134038800705467
4 0.16889880952380953 0.7557319223985891 0.1235119047619048 0.28924162257495595
1 0.2519841269841267 0.6812169312169312 0.5039682539682533 0.29717813051146363
1 0.7420634920634919 0.423721340388007 0.48015873015873 0.15432098765432067
