5 0.5182648401826484 0.5933694181326117 0.007610350076103529 0.014884979702300427
6 0.6044146825396826 0.37786596119929455 0.03918650793650791 0.10670194003527335
3 0.37624007936507936 0.5277777777777778 0.060019841269841265 0.09082892416225746
2 0.3400297619047619 0.48500881834215165 0.05902777777777778 0.10229276895943563
4 0.3194444444444444 0.5352733686067019 0.04761904761904759 0.13227513227513235
4 0.28447420634920634 0.5652557319223986 0.04613095238095241 0.13051146384479714
4 0.3668154761904762 0.5921516754850089 0.05406746031746024 0.12962962962962962
4 0.488343253968254 0.5321869488536155 0.06498015873015874 0.12081128747795404
4 0.7085813492063491 0.5758377425044092 0.03918650793650798 0.1428571428571429
4 0.7566964285714286 0.6247795414462081 0.04910714285714292 0.1701940035273369
1 0.7088293650793625 0.4986772486772484 0.37301587301587236 0.13492063492063452
4 0.6150793650793651 0.6931216931216931 0.05059523809523796 0.1746031746031747
4 0.6949404761904762 0.8593474426807759 0.05853174603174608 0.19841269841269835
1 0.39384920634920617 0.7447089947089944 0.48908730158730146 0.24426807760141067
