5 0.899923896499239 0.4918809201623816 0.00837138508371396 0.01759133964817323
6 0.2829861111111111 0.37786596119929455 0.028273809523809562 0.12433862433862437
4 0.28720238095238093 0.4470899470899471 0.0863095238095238 0.13403880070546734
4 0.3668154761904762 0.5083774250440917 0.09970238095238101 0.13668430335097
4 0.4613095238095238 0.41005291005291 0.08829365079365079 0.11111111111111097
4 0.6453373015873014 0.5061728395061726 0.07638888888888921 0.1428571428571428
4 0.7740575396825398 0.45061728395061734 0.07589285714285708 0.10934744268077601
4 0.9427083333333335 0.48897707231040566 0.079861111111111 0.13492063492063494
4 0.8132440476190476 0.6609347442680776 0.09771825396825407 0.19488536155202815
0 0.9332837301587302 0.8681657848324515 0.13343253968253962 0.26366843033509696
4 0.17063492063492064 0.6529982363315696 0.09325396825396826 0.15608465608465616
4 0.13120039682539683 0.47795414462081126 0.08482142857142856 0.11992945326278664
4 0.06448412698412699 0.458994708994709 0.08234126984126984 0.1666666666666667
1 0.20858134920634921 0.5295414462081112 0.4171626984126984 0.14197530864197508
