5 0.4079778830963665 0.4859550561797753 0.011848341232227427 0.02528089887640448
6 0.3568506267409471 0.42409470752089135 0.05562325905292475 0.15181058495821723
4 0.4665302924791086 0.43454038997214484 0.09792827298050141 0.11699164345403901
4 0.5801270891364902 0.46030640668523676 0.0775591922005571 0.1434540389972144
4 0.631049791086351 0.5355153203342619 0.10419568245125341 0.19916434540389966
3 0.6917653203342619 0.6135097493036211 0.053272980501392765 0.18802228412256256
2 0.7528725626740946 0.6295264623955432 0.14728412256267404 0.19777158774373263
4 0.7940024373259053 0.6107242339832869 0.12769846796657391 0.23816155988857937
4 0.5088353064066852 0.8224233983286908 0.08696030640668524 0.2743732590529248
1 0.21622562674094706 0.6615598885793865 0.4324512534818941 0.22562674094707508
1 0.6701775766016707 0.9185236768802234 0.6596448467966565 0.16295264623955316
