5 0.44090299999999993 0.591256 0.006133 0.006683
6 0.5359623015873016 0.4638447971781305 0.02728174603174601 0.14285714285714285
3 0.06994047619047619 0.6084656084656085 0.05753968253968253 0.16754850088183423
2 0.012648809523809524 0.6168430335097002 0.019345238095238096 0.1313932980599647
1 0.19146825396825387 0.8959435626102288 0.38293650793650774 0.1992945326278653
1 0.4603174603174598 0.6186067019400351 0.4583333333333328 0.16666666666666644
4 0.8226686507936507 0.5004409171075838 0.04513888888888886 0.13492063492063486
4 0.9496527777777777 0.48897707231040566 0.036210317460317325 0.12962962962962962
4 0.7626488095238095 0.6512345679012347 0.07490079365079368 0.18430335097001774
4 0.9818948412698413 0.6772486772486772 0.03621031746031747 0.16402116402116398
4 0.8878968253968254 0.9532627865961198 0.04464285714285708 0.08994708994708986
