5 0.7440758293838863 0.44101123595505615 0.009478672985782026 0.016853932584269628
6 0.5478670634920635 0.5092592592592592 0.08878968253968253 0.1649029982363316
4 0.6736111111111112 0.4523809523809524 0.06349206349206354 0.09700176366843032
4 0.46974206349206343 0.5877425044091711 0.08531746031746032 0.15079365079365076
4 0.359375 0.6318342151675485 0.07589285714285708 0.1243386243386243
4 0.035218253968253975 0.5083774250440917 0.06845238095238096 0.12433862433862437
4 0.47643849206349204 0.4078483245149912 0.047123015873015886 0.13492063492063494
4 0.5339781746031746 0.38977072310405647 0.08581349206349205 0.12522045855379196
1 0.6287202380952381 0.6406525573192241 0.4885912698412699 0.2477954144620812
1 0.9129464285714285 0.964726631393298 0.1741071428571426 0.07054673721340371
