5 0.6850650000000001 0.8275609999999999 0.006494 0.012987
6 0.24057539682539683 0.29541446208112876 0.042658730158730195 0.12345679012345681
2 0.20188492063492064 0.29541446208112876 0.07936507936507936 0.11816578483245152
4 0.1019345238095238 0.3425925925925926 0.03918650793650793 0.11904761904761901
4 0.13219246031746032 0.3668430335097002 0.03819444444444443 0.13403880070546736
4 0.36210317460317454 0.3134920634920635 0.029761904761904746 0.13139329805996472
4 0.6083829365079364 0.25396825396825395 0.03224206349206348 0.0687830687830688
4 0.6044146825396826 0.33862433862433855 0.056051587301587276 0.13403880070546756
4 0.6584821428571428 0.603615520282187 0.06498015873015867 0.17195767195767198
4 0.7874503968253969 0.8192239858906525 0.07886904761904759 0.2257495590828924
4 0.5590277777777779 0.5066137566137566 0.06150793650793652 0.15079365079365076
4 0.421875 0.6402116402116402 0.10664682539682531 0.18518518518518512
1 0.21775793650793665 0.5590828924162256 0.43452380952380987 0.2680776014109346
1 0.5726686507936501 0.3090828924162259 0.3427579365079364 0.14021164021164023
