5 0.32689300000000004 0.690883 0.007419 0.009497
6 0.7802924791086351 0.41086350974930363 0.045438718662952626 0.15877437325905291
4 0.915433495821727 0.4505571030640668 0.05719011142061277 0.16295264623955433
3 0.43010097493036203 0.6114206128133705 0.0564066852367688 0.18384401114206128
2 0.4042479108635097 0.6274373259052924 0.12064763231197773 0.18523676880222836
4 0.5225452646239553 0.653899721448468 0.10497910863509745 0.17409470752089135
4 0.8155466573816156 0.6344011142061281 0.045438718662952765 0.16016713091922008
4 0.7607068245125348 0.729108635097493 0.1457172701949861 0.17409470752089135
4 0.7818593314763231 0.9087743732590532 0.09714484679665782 0.18245125348189295
4 0.6964658774373257 0.912256267409471 0.0689415041782729 0.1754874651810586
1 0.502959610027855 0.9059888579387185 0.7191852367688021 0.18802228412256272
1 0.8433147632311973 0.6420612813370468 0.31337047353760444 0.20334261838440099
