5 0.7401263823064771 0.4964887640449438 0.012638230647709178 0.023876404494381945
6 0.6169481197771587 0.08008356545961004 0.019585654596100285 0.09331476323119776
1 0.924834610027855 0.21935933147632306 0.14963440111420587 0.1518105849582172
0 0.3995473537604457 0.36629526462395534 0.3337395543175487 0.2534818941504176
4 0.40072249303621177 0.4331476323119776 0.07599233983286899 0.13370473537604452
4 0.4747562674094707 0.44498607242339766 0.06110724233983271 0.14623955431754862
4 0.8073206824512533 0.4282729805013928 0.0932277158774373 0.11559888579387184
4 0.5088353064066852 0.5779944289693594 0.05719011142061277 0.15877437325905291
4 0.37682799442896936 0.6894150417827299 0.072075208913649 0.1754874651810586
4 0.6334000696378829 0.7889972144846797 0.05405640668523674 0.16016713091922
4 0.6008878830083565 0.8962395543175486 0.056406685236768866 0.17688022284122568
6 0.1472841225626741 0.9227019498607243 0.04857242339832871 0.14345403899721446
