5 0.38941548183254343 0.5969101123595506 0.01263823064770932 0.02247191011235948
6 0.8015873015873015 0.3236331569664903 0.03670634920634924 0.12698412698412695
4 0.9399801587301587 0.5418871252204586 0.06150793650793645 0.1384479717813052
4 0.9873511904761904 0.4576719576719577 0.02529761904761912 0.10582010582010583
1 0.9732142857142857 0.4858906525573192 0.05357142857142861 0.11816578483245152
4 0.6644345238095238 0.42857142857142855 0.0431547619047619 0.10582010582010583
4 0.6088789682539683 0.6375661375661376 0.05803571428571423 0.1234567901234567
4 0.548859126984127 0.6988536155202822 0.06696428571428584 0.14021164021164012
4 0.6314484126984127 0.8919753086419753 0.08730158730158727 0.20723104056437391
4 0.45486111111111116 0.5101410934744268 0.06448412698412703 0.09964726631393298
6 0.16765873015873015 0.404320987654321 0.038690476190476206 0.11552028218694879
0 0.2566964285714283 0.8068783068783069 0.5133928571428567 0.38624338624338633
