5 0.314169 0.6846510000000001 0.004674 0.009497
6 0.7765376984126985 0.4157848324514991 0.04811507936507937 0.1578483245149912
3 0.42212301587301587 0.6058201058201058 0.05853174603174608 0.19576719576719576
2 0.3950892857142857 0.6287477954144621 0.12251984126984126 0.1887125220458553
4 0.5520833333333333 0.6494708994708995 0.08432539682539691 0.1737213403880071
4 0.9280753968253969 0.44532627865961205 0.05456349206349216 0.16931216931216939
4 0.8430059523809524 0.6507936507936507 0.045138888888889 0.17989417989417994
4 0.7926587301587301 0.7367724867724869 0.14682539682539683 0.17901234567901242
4 0.7991071428571429 0.9206349206349206 0.13591269841269882 0.14814814814814808
4 0.7095734126984127 0.9162257495590828 0.07093253968253961 0.162257495590829
1 0.8365575396825398 0.6455026455026456 0.3239087301587301 0.20105820105820107
1 0.4851190476190472 0.9096119929453266 0.7083333333333326 0.18077601410934657
