5 0.583542 0.536149 0.010916000000000002 0.012387000000000002
4 0.6560019841269841 0.5568783068783069 0.08878968253968239 0.15961199294532633
4 0.6254960317460319 0.6781305114638448 0.09424603174603177 0.1569664902998236
4 0.5042162698412699 0.8694885361552028 0.15724206349206354 0.23985890652557315
4 0.40401785714285715 0.6856261022927689 0.09672619047619051 0.1931216931216931
4 0.27033730158730157 0.5440917107583774 0.09523809523809518 0.16754850088183418
4 0.32266865079365076 0.4479717813051146 0.041170634920634906 0.1534391534391534
4 0.27132936507936506 0.4523809523809524 0.04960317460317459 0.14109347442680786
4 0.13219246031746032 0.5762786596119929 0.09077380952380955 0.17548500881834223
0 0.21676587301587305 0.8544973544973544 0.433531746031746 0.291005291005291
1 0.9868551587301587 0.5855379188712523 0.02628968253968253 0.10052910052910058
