5 0.874199 0.6809119999999999 0.011218 0.014245
4 0.7544642857142857 0.6102292768959436 0.07936507936507922 0.1428571428571429
4 0.7433035714285714 0.5776014109347443 0.07291666666666671 0.14638447971781304
4 0.46775793650793646 0.46649029982363316 0.07242063492063487 0.1657848324514991
3 0.4992559523809524 0.41490299823633153 0.051091269841269875 0.1613756613756613
2 0.5059523809523809 0.40917107583774254 0.10317460317460317 0.18165784832451495
6 0.33457341269841273 0.31216931216931215 0.03422619047619055 0.17460317460317465
6 0.4642857142857143 0.6362433862433863 0.05853174603174608 0.20899470899470898
4 0.3980654761904762 0.6119929453262788 0.07291666666666671 0.20282186948853628
4 0.33432539682539686 0.6697530864197532 0.08730158730158724 0.19312169312169325
4 0.17609126984126985 0.6697530864197531 0.07142857142857141 0.22663139329805992
4 0.16542658730158732 0.5383597883597884 0.0699404761904762 0.1719576719576719
1 0.11607142857142855 0.4250440917107584 0.23214285714285712 0.18871252204585545
1 0.41121031746031733 0.7447089947089947 0.6636904761904759 0.30423280423280413
