5 0.5678649999999998 0.537594 0.007897 0.006193
6 0.01488509749303621 0.4268802228412256 0.029770194986072425 0.1462395543175488
4 0.7234940807799443 0.5940111420612814 0.10106197771587745 0.1880222841225627
4 0.6463266016713091 0.7026462395543176 0.05640668523676872 0.1880222841225626
4 0.5942287604456823 0.9032033426183844 0.14336699164345404 0.17966573816155987
4 0.44616121169916423 0.7757660167130919 0.06972493036211695 0.22005571030640653
0 0.33373955431754837 0.8447075208913644 0.6095055710306398 0.2827298050139268
4 0.40620647632311974 0.4463788300835654 0.054056406685236806 0.11281337047353751
4 0.3885793871866295 0.45334261838440115 0.042305013927576594 0.10167130919220063
4 0.2338527158774373 0.5759052924791086 0.05875696378830078 0.16573816155988857
4 0.16726149025069634 0.6114206128133705 0.09636142061281333 0.1782729805013927
