5 0.06832543443917852 0.5589887640449439 0.010268562401263823 0.016853932584269628
3 0.9747023809523812 0.6335978835978829 0.05059523809523618 0.2037037037037034
4 0.9117063492063491 0.605379188712522 0.10515873015873027 0.21252204585537926
4 0.8283730158730158 0.5846560846560847 0.046626984126984045 0.1851851851851852
4 0.5662202380952381 0.5890652557319224 0.08085317460317455 0.1728395061728395
4 0.48561507936507936 0.5194003527336861 0.07242063492063494 0.09700176366843032
4 0.4446924603174603 0.4929453262786596 0.08581349206349202 0.14285714285714285
4 0.35689484126984106 0.572310405643738 0.1046626984126982 0.1569664902998233
4 0.35391865079365076 0.689594356261023 0.051091269841269805 0.18518518518518504
4 0.1349206349206349 0.544973544973545 0.1755952380952381 0.0776014109347443
4 0.1262400793650794 0.5035273368606701 0.0838293650793651 0.1287477954144621
4 0.2318948412698412 0.8831569664902998 0.16815476190476195 0.20723104056437427
1 0.5007440476190476 0.6635802469135801 0.5312499999999999 0.20723104056437466
1 0.8524305555555551 0.9347442680776006 0.29513888888888845 0.13051146384479773
