5 0.223214 0.881674 0.008117 0.01443
6 0.5186281337047354 0.26183844011142066 0.045438718662952626 0.13370473537604458
4 0.638884052924791 0.4596100278551532 0.04778899721448468 0.22005571030640667
4 0.7129178272980496 0.5550139275766014 0.08931058495821716 0.21030640668523679
4 0.563283426183844 0.45752089136490254 0.10027855153203348 0.18523676880222845
4 0.4018976323119774 0.4199164345403901 0.054839832869080764 0.16852367688022307
4 0.3662517409470752 0.40947075208913647 0.08382660167130922 0.15598885793871864
4 0.2918262534818941 0.40529247910863503 0.06972493036211702 0.15598885793871864
4 0.23463614206128125 0.4220055710306405 0.0524895543175486 0.16155988857938733
2 0.21779247910863497 0.3816155988857939 0.10811281337047353 0.13649025069637896
4 0.15041782729805012 0.7583565459610025 0.1300487465181058 0.2743732590529248
1 0.7281946378830082 0.4206128133704737 0.483373955431755 0.15877437325905272
1 0.239728412256267 0.6866295264623961 0.479456824512534 0.29805013927576585
