5 0.6728899999999999 0.5671 0.00974 0.011544
4 0.8323412698412699 0.7142857142857143 0.11904761904761899 0.18342151675485013
4 0.6210317460317459 0.482363315696649 0.03670634920634917 0.16402116402116398
4 0.5865575396825398 0.4889770723104057 0.047123015873015886 0.14021164021164018
4 0.4288194444444444 0.47266313932980597 0.0381944444444445 0.13403880070546742
4 0.4037698412698413 0.46164021164021163 0.03472222222222222 0.1507936507936509
4 0.44270833333333337 0.5687830687830687 0.06795634920634924 0.16049382716049387
4 0.30456349206349204 0.5277777777777778 0.06448412698412703 0.10317460317460331
4 0.47643849206349204 0.7451499118165785 0.09970238095238095 0.21340388007054684
1 0.44717261904761896 0.7028218694885363 0.5530753968253966 0.2169312169312171
1 0.09796626984126981 0.9642857142857131 0.19593253968253962 0.07142857142857147
