5 0.6870939999999999 0.601732 0.018669 0.011544
4 0.2740575396825397 0.48544973544973546 0.02926587301587297 0.12081128747795418
4 0.3050595238095238 0.5061728395061729 0.03670634920634924 0.08289241622574962
1 0.2792658730158728 0.4144620811287478 0.27777777777777773 0.10934744268077594
1 0.07614087301587295 0.6477072310405643 0.1522817460317459 0.21781305114638416
4 0.3913690476190476 0.7314814814814815 0.08035714285714292 0.14550264550264544
4 0.736359126984127 0.4272486772486772 0.04117063492063494 0.09435626102292766
4 0.8015873015873015 0.47045855379188706 0.08234126984126988 0.11552028218694886
4 0.9372519841269841 0.4964726631393298 0.06795634920634924 0.12345679012345684
0 0.8497023809523807 0.705467372134039 0.3005952380952381 0.2910052910052911
