5 0.723214 0.580087 0.017857 0.025974
6 0.9627976190476184 0.8355379188712523 0.07440476190476203 0.3289241622574954
4 0.8410218253968254 0.6203703703703703 0.10664682539682545 0.2231040564373898
6 0.6681547619047619 0.927689594356261 0.08730158730158735 0.14109347442680772
4 0.49677579365079366 0.4969135802469136 0.07589285714285715 0.16490299823633164
6 0.26860119047619047 0.2707231040564374 0.030257936507936522 0.14638447971781307
4 0.3412698412698413 0.3271604938271605 0.04563492063492063 0.14285714285714285
4 0.29910714285714285 0.4475308641975309 0.052579365079365094 0.17901234567901242
1 0.4675099206349198 0.4104938271604937 0.4627976190476182 0.14726631393298117
4 0.2222222222222222 0.5529100529100529 0.06349206349206347 0.2222222222222223
4 0.1480654761904762 0.3999118165784833 0.060019841269841286 0.1507936507936508
4 0.049851190476190466 0.4272486772486772 0.050099206349206324 0.17901234567901247
4 0.04637896825396826 0.3849206349206348 0.05009920634920637 0.16137566137566156
3 0.01215277777777778 0.37830687830687837 0.02430555555555556 0.1640211640211639
4 0.013392857142857142 0.6106701940035275 0.026785714285714284 0.25485008818342114
1 0.11359126984126984 0.6992945326278659 0.22718253968253968 0.2892416225749559
