5 0.21428600000000003 0.632035 0.011364 0.017316
3 0.7445436507936507 0.31216931216931215 0.04861111111111114 0.15873015873015872
2 0.7373511904761905 0.32054673721340393 0.12152777777777772 0.13668430335097007
4 0.8112599206349206 0.33597883597883593 0.050099206349206324 0.16225749559082892
4 0.8216765873015873 0.43253968253968256 0.06200396825396823 0.1772486772486772
4 0.9084821428571428 0.45502645502645506 0.0669642857142857 0.21340388007054678
4 0.6086309523809524 0.32936507936507936 0.03670634920634917 0.16843033509700178
4 0.35367063492063494 0.45634920634920634 0.06547619047619051 0.15255731922398583
4 0.2914186507936508 0.5833333333333334 0.08779761904761905 0.20017636684303355
4 0.10193452380952381 0.4929453262786596 0.06597222222222221 0.22045855379188717
1 0.6713789682539678 0.6150793650793656 0.6572420634920629 0.29012345679012397
