5 0.4373310000000001 0.625531 0.008716 0.009997
4 0.7690972222222223 0.5617283950617283 0.06994047619047634 0.13051146384479714
6 0.7291666666666665 0.9466490299823633 0.05456349206349202 0.1014109347442681
4 0.6116071428571428 0.5908289241622575 0.03968253968253961 0.14991181657848315
4 0.6351686507936507 0.5568783068783069 0.05803571428571423 0.13668430335097007
4 0.5543154761904762 0.5559964726631393 0.07589285714285708 0.10670194003527335
4 0.49826388888888884 0.5590828924162257 0.04513888888888893 0.13756613756613753
4 0.5183531746031745 0.6128747795414462 0.05059523809523803 0.10405643738977083
4 0.5766369047619047 0.7442680776014109 0.0620039682539683 0.18165784832451493
4 0.210813492063492 0.6529982363315696 0.05456349206349206 0.15961199294532627
1 0.3239087301587302 0.6071428571428565 0.4474206349206348 0.17019400352733777
6 0.027033730158730153 0.869047619047619 0.05307539682539682 0.25308641975308643
1 0.125992063492063 0.8941798941798942 0.2430555555555545 0.21164021164021166
