5 0.65625 0.5550809999999999 0.008013 0.009497
6 0.8778290389972144 0.4491643454038997 0.05719011142061277 0.15181058495821717
4 0.8457085654596099 0.7813370473537604 0.1229979108635098 0.20612813370473532
4 0.6717879526462395 0.4867688022284123 0.05562325905292468 0.13788300835654596
4 0.42540041782729804 0.5264623955431754 0.04700557103064071 0.1337047353760446
4 0.45438718662952643 0.6699164345403901 0.12064763231197773 0.16991643454038993
4 0.3219881615598886 0.7896935933147631 0.11438022284122557 0.23676880222841235
4 0.1985985376044568 0.4986072423398329 0.03368732590529245 0.14484679665738162
4 0.07364206128133705 0.5619777158774373 0.04073816155988858 0.1518105849582173
4 0.015276810584958216 0.511142061281337 0.03055362116991643 0.15877437325905291
1 0.7955692896935932 0.6246518105849581 0.40659818941504183 0.19359331476323113
1 0.9714049442896934 0.9456824512534818 0.05719011142061269 0.10863509749303579
