5 0.109578 0.7402600000000001 0.011364 0.01443
6 0.3611594707520891 0.4658774373259053 0.03760445682451255 0.1518105849582173
3 0.6110724233983287 0.46796657381615603 0.05013927576601674 0.14206128133704732
2 0.6067635793871866 0.46587743732590525 0.10262883008356553 0.1406685236768802
4 0.6764885097493035 0.4825905292479109 0.07285863509749305 0.17966573816155992
4 0.7301532033426184 0.49512534818941506 0.042305013927576456 0.17409470752089135
4 0.9549965181058494 0.7242339832869078 0.08617688022284127 0.18105849582172678
4 0.5033513231197771 0.6302228412256268 0.08069289693593312 0.12952646239554327
4 0.4195247214484679 0.6204735376044569 0.08696030640668524 0.17966573816156
1 0.9263579387186625 0.5222841225626736 0.1472841225626739 0.167130919220055
1 0.5895282033426184 0.7938718662952646 0.5899199164345403 0.32033426183844016
