5 0.723825 0.6525569999999999 0.006868 0.007462
3 0.6624503968253969 0.43738977072310403 0.06795634920634917 0.08818342151675487
2 0.6894841269841271 0.4162257495590829 0.0962301587301586 0.13580246913580246
6 0.9751984126984127 0.6922398589065256 0.04960317460317469 0.20282186948853614
4 0.7998511904761905 0.6887125220458554 0.07192460317460331 0.21164021164021166
4 0.6545138888888888 0.6609347442680776 0.08680555555555543 0.13492063492063486
4 0.5225694444444444 0.5154320987654321 0.055059523809523864 0.1384479717813052
4 0.4694940476190476 0.5471781305114638 0.05307539682539691 0.14902998236331577
4 0.40848214285714285 0.6538800705467372 0.06795634920634924 0.1737213403880071
4 0.34598214285714285 0.5388007054673721 0.07490079365079363 0.13227513227513235
4 0.3363095238095238 0.42592592592592593 0.04761904761904759 0.12345679012345677
1 0.2450396825396824 0.42901234567901236 0.43849206349206327 0.15432098765432148
1 0.6158234126984112 0.702821869488536 0.5639880952380942 0.26631393298059913
