5 0.6623379999999999 0.6298699999999999 0.00974 0.012987
3 0.6091138579387186 0.5264623955431754 0.07442548746518113 0.12813370473537603
2 0.5899199164345403 0.49233983286908084 0.13004874651810583 0.1713091922005571
4 0.703516713091922 0.49164345403899723 0.11438022284122554 0.1476323119777159
4 0.8304317548746509 0.5181058495821723 0.10184540389972269 0.17270194986072485
4 0.7650156685236769 0.5954038997214485 0.07755919220055701 0.2047353760445683
4 0.8923224233983278 0.7061281337047354 0.08461002785515462 0.2172701949860727
4 0.4203081476323119 0.6302228412256268 0.12456476323119774 0.19080779944289689
4 0.2745908774373259 0.754874651810585 0.07129178272980503 0.16991643454038993
4 0.21544220055710306 0.6622562674094706 0.08304317548746515 0.22144846796657375
4 0.044263579387186634 0.7082172701949861 0.08852715877437327 0.2270194986072421
1 0.5695508356545962 0.8481894150417824 0.7583565459610029 0.303621169916434
1 0.9482938718662952 0.5459610027855155 0.10341225626740946 0.16155988857938733
