5 0.6275671406003159 0.7092696629213485 0.01658767772511851 0.02528089887640448
6 0.024801587301587304 0.27689594356261027 0.03869047619047619 0.12522045855379194
3 0.02132936507936508 0.4201940035273368 0.04067460317460317 0.14373897707231037
4 0.06200396825396826 0.4647266313932981 0.04464285714285715 0.15520282186948856
4 0.13392857142857142 0.33730158730158727 0.03472222222222222 0.15608465608465608
4 0.18625992063492064 0.3955026455026454 0.06101190476190478 0.14726631393298056
4 0.2807539682539682 0.4519400352733686 0.046626984126984114 0.12081128747795418
4 0.32142857142857145 0.345679012345679 0.03670634920634928 0.10582010582010583
4 0.3524305555555556 0.43077601410934746 0.051091269841269805 0.14726631393298056
4 0.44791666666666674 0.48721340388007056 0.06150793650793652 0.11552028218694886
4 0.5265376984126984 0.5 0.06498015873015874 0.1128747795414462
4 0.5548115079365079 0.37610229276895946 0.03521825396825392 0.14373897707231037
4 0.7854662698412699 0.5970017636684303 0.05208333333333329 0.12169312169312164
1 0.4012896825396821 0.4210758377425041 0.4136904761904758 0.2019400352733683
1 0.11111111111111108 0.8024691358024688 0.22222222222222215 0.39506172839506265
