5 0.42694063926940634 0.6184032476319351 0.019786910197869077 0.021650879566982438
3 0.6725713788300834 0.2520891364902507 0.04152158774373262 0.08077994428969362
2 0.6741382311977716 0.24094707520891365 0.08225974930362114 0.10027855153203341
4 0.8010532729805013 0.3245125348189415 0.07129178272980496 0.14206128133704735
4 0.9213091922005571 0.5139275766016713 0.03917130919220057 0.13927576601671304
4 0.8880135793871866 0.5459610027855153 0.1418001392757661 0.16713091922005574
4 0.6929404596100278 0.5062674094707521 0.12769846796657383 0.18245125348189412
4 0.6706128133704735 0.5306406685236769 0.0971448467966573 0.2116991643454039
4 0.6165564066852367 0.29247910863509746 0.04700557103064071 0.11420612813370475
4 0.5519237465181058 0.3175487465181059 0.04152158774373255 0.12813370473537605
4 0.4030727715877437 0.32869080779944293 0.05092270194986071 0.14206128133704737
4 0.3286472841225627 0.5564066852367688 0.0916608635097493 0.2103064066852368
4 0.08578516713091922 0.48467966573816157 0.050922701949860726 0.1838440111420612
1 0.32747214484679676 0.26740947075208904 0.32120473537604466 0.10027855153203333
1 0.7309366295264605 0.4540389972144844 0.46535515320334203 0.20891364902506868
