5 0.1354660347551343 0.6453651685393258 0.010268562401263814 0.015449438202247236
4 0.25218023255813954 0.719638242894057 0.06395348837209305 0.17054263565891475
4 0.46511627906976744 0.8656330749354004 0.12209302325581398 0.22222222222222215
4 0.5537790697674418 0.6750645994832041 0.047965116279069735 0.1537467700258398
4 0.6155523255813953 0.5923772609819121 0.06686046511627908 0.14599483204134373
4 0.7743459302325582 0.4547803617571059 0.02398255813953483 0.09819121447028423
4 0.9538517441860465 0.6136950904392765 0.06031976744186039 0.14987080103359182
6 0.8066860465116278 0.4450904392764858 0.034883720930232724 0.11757105943152453
3 0.26780523255813954 0.5271317829457365 0.0646802325581395 0.1343669250645995
2 0.4523982558139535 0.5445736434108527 0.08212209302325583 0.11240310077519382
1 0.4364098837209294 0.7894056847545221 0.4556686046511622 0.2506459948320417
1 0.8183139534883714 0.5801033591731263 0.3531976744186045 0.15503875968992215
