5 0.211851 0.640693 0.008117 0.01443
3 0.7537202380952379 0.3205467372134039 0.06200396825396823 0.1525573192239859
4 0.8256448412698413 0.34082892416225746 0.05704365079365061 0.16666666666666669
2 0.7477678571428572 0.3165784832451499 0.1205357142857143 0.15520282186948856
4 0.832093253968254 0.4431216931216931 0.06299603174603177 0.17901234567901228
4 0.9186507936507939 0.4620811287477954 0.07837301587301518 0.2151675485008818
4 0.3707837301587301 0.4545855379188712 0.07589285714285715 0.16843033509700178
4 0.6207837301587302 0.32936507936507936 0.04017857142857153 0.154320987654321
4 0.3040674603174603 0.5873015873015873 0.0763888888888889 0.19223985890652556
4 0.10342261904761905 0.5035273368606703 0.06795634920634921 0.2222222222222222
1 0.6765873015873001 0.6194885361552027 0.6428571428571418 0.2901234567901236
