5 0.552166 0.527796 0.007191 0.010592
4 0.7566964285714286 0.6296296296296297 0.13244047619047605 0.17460317460317462
4 0.6587301587301587 0.6860670194003526 0.07539682539682531 0.1640211640211639
4 0.6488095238095238 0.937389770723104 0.0813492063492064 0.12345679012345684
4 0.42733134920634924 0.8051146384479718 0.07093253968253968 0.2257495590828924
4 0.2385912698412698 0.5696649029982364 0.08928571428571427 0.16754850088183418
4 0.17361111111111113 0.6327160493827161 0.06944444444444446 0.18430335097001765
4 0.47346230158730157 0.45943562610229277 0.04117063492063494 0.13051146384479714
4 0.5119047619047619 0.46604938271604934 0.0625 0.11728395061728392
6 0.20262896825396826 0.41710758377425045 0.04017857142857146 0.15873015873015872
