5 0.439977 0.609082 0.005342 0.007338
3 0.12003968253968253 0.601851851851852 0.0515873015873016 0.14197530864197547
2 0.03670634920634921 0.617283950617284 0.06646825396825397 0.17107583774250443
6 0.10590277777777776 0.8593474426807759 0.057043650793650785 0.27248677248677255
1 0.2033730158730159 0.8866843033509698 0.4047619047619048 0.22663139329806012
4 0.30183531746031744 0.6719576719576719 0.07192460317460317 0.14638447971781304
4 0.5310019841269841 0.7385361552028218 0.047123015873015955 0.18606701940035278
4 0.6691468253968254 0.6243386243386244 0.04365079365079353 0.1604938271604938
4 0.8013392857142858 0.5837742504409171 0.04712301587301582 0.13051146384479723
4 0.6455853174603174 0.572310405643739 0.04613095238095241 0.1322751322751322
4 0.5885416666666667 0.5480599647266314 0.04216269841269849 0.14550264550264544
4 0.5081845238095238 0.5974426807760141 0.0381944444444445 0.1119929453262786
4 0.49503968253968256 0.5449735449735449 0.04067460317460309 0.11463844797178133
1 0.4821428571428564 0.6049382716049378 0.4394841269841266 0.1622574955908289
6 0.8395337301587301 0.9470899470899471 0.05902777777777786 0.10052910052910051
