5 0.49615000000000004 0.619576 0.007552 0.008842
4 0.4992559523809524 0.5105820105820107 0.051091269841269875 0.09523809523809526
4 0.7604166666666665 0.5207231040564374 0.04960317460317455 0.1384479717813052
4 0.6619543650793651 0.5110229276895943 0.060019841269841265 0.12962962962962976
4 0.7056051587301587 0.7513227513227513 0.07390873015873012 0.16225749559082886
4 0.6135912698412699 0.6384479717813051 0.07242063492063501 0.1375661375661376
4 0.6331845238095238 0.5701058201058201 0.04910714285714285 0.12081128747795411
4 0.5736607142857143 0.5361552028218695 0.05704365079365083 0.12345679012345684
4 0.14856150793650783 0.6763668430335098 0.06597222222222224 0.20458553791887094
1 0.20535714285714268 0.60978835978836 0.41071428571428537 0.17724867724867682
6 0.01016865079365079 0.9175485008818339 0.02033730158730158 0.16137566137566148
1 0.04464285714285712 0.911816578483245 0.08928571428571425 0.17636684303351002
6 0.658234126984127 0.9545855379188712 0.04166666666666671 0.09082892416225746
0 0.9675099206349206 0.9074074074074074 0.06498015873015874 0.16931216931216939
