5 0.358648 0.43658299999999994 0.007419 0.009497
3 0.6872519841269841 0.562610229276896 0.06398809523809533 0.21164021164021166
1 0.759672619047619 0.5709876543209876 0.17509920634920617 0.22310405643738973
4 0.970734126984127 0.7213403880070547 0.05853174603174608 0.28218694885361545
4 0.5610119047619047 0.7402998236331569 0.09623015873015867 0.3130511463844797
4 0.49454365079365076 0.6102292768959435 0.08035714285714285 0.27160493827160503
4 0.5895337301587293 0.5740740740740735 0.13144841269841284 0.14462081128747778
4 0.3472222222222222 0.4880952380952381 0.07936507936507933 0.1807760141093474
4 0.2901785714285714 0.4479717813051146 0.07539682539682538 0.18342151675485013
4 0.3082837301587302 0.6468253968253967 0.11656746031746032 0.24250440917107582
4 0.1267361111111111 0.5881834215167548 0.09672619047619045 0.20105820105820116
1 0.19345238095238096 0.6234567901234558 0.3869047619047619 0.24338624338624368
1 0.6701388888888884 0.9056437389770722 0.6597222222222219 0.18694885361551988
