5 0.6144479999999999 0.510823 0.012987 0.01443
6 0.9745386490250675 0.8454038997214482 0.05092270194986084 0.3091922005571027
6 0.7074338440111418 0.9338440111420613 0.0846100278551533 0.13231197771587747
4 0.8539345403899721 0.6288300835654596 0.10184540389972142 0.23259052924791085
4 0.5491817548746518 0.5 0.10654596100278553 0.17548746518105843
4 0.3924965181058495 0.33147632311977715 0.08774373259052914 0.12534818941504175
4 0.37330257660167127 0.4435933147632312 0.10419568245125348 0.16573816155988866
4 0.28751740947075205 0.5508356545961003 0.15981894150417827 0.20473537604456823
4 0.19468140668523673 0.3983286908077994 0.07599233983286906 0.16155988857938725
6 0.2953516713091922 0.2743732590529248 0.03133704735376046 0.14763231197771592
4 0.10302054317548745 0.42270194986072424 0.09792827298050139 0.15459610027855156
4 0.0916608635097493 0.3607242339832869 0.028203342618384388 0.13091922005571033
3 0.040738161559888575 0.383008356545961 0.03447075208913648 0.15877437325905286
2 0.02389449860724234 0.3774373259052925 0.04152158774373259 0.12813370473537605
4 0.02428621169916435 0.6086350974930359 0.0485724233983287 0.2590529247910864
1 0.5041347493036211 0.41504178272980513 0.4645717270194984 0.14763231197771584
1 0.1300487465181058 0.7047353760445677 0.2600974930362116 0.29805013927576546
