5 0.32424960505529227 0.5653089887640449 0.011848341232227498 0.015449438202247236
6 0.5495734679665738 0.4164345403899722 0.033687325905292484 0.1364902506963788
3 0.25853064066852366 0.5250696378830084 0.04700557103064064 0.16155988857938716
2 0.17783774373259054 0.5522284122562674 0.10184540389972144 0.1573816155988858
4 0.2977019498607242 0.48885793871866295 0.03447075208913649 0.14206128133704732
4 0.6138144150417826 0.5229805013927576 0.05092270194986071 0.1573816155988858
4 0.7340703342618383 0.6559888579387188 0.09244428969359313 0.18384401114206128
4 0.9322771587743732 0.5696378830083565 0.06737465181058497 0.20055710306406682
4 0.9346274373259053 0.766016713091922 0.12848189415041789 0.23398328690807801
1 0.643976323119777 0.5612813370473538 0.44341922005571 0.16155988857938763
1 0.2526549442896936 0.8579387186629515 0.5053098885793871 0.284122562674097
