5 0.837662 0.42135599999999995 0.00974 0.008658
4 0.9055059523809524 0.5145502645502645 0.07886904761904759 0.18253968253968253
4 0.8087797619047619 0.5824514991181658 0.060019841269841265 0.18783068783068793
1 0.8851686507936506 0.6159611992945327 0.2296626984126995 0.23368606701940034
4 0.6867559523809524 0.5145502645502645 0.06894841269841265 0.2054673721340388
4 0.6262400793650794 0.5767195767195767 0.060019841269841265 0.23809523809523817
4 0.5545634920634921 0.5983245149911817 0.06150793650793645 0.2389770723104057
3 0.5146329365079364 0.533068783068783 0.03918650793650791 0.1931216931216931
2 0.44047619047619047 0.5568783068783069 0.125 0.20194003527336854
4 0.5974702380952381 0.9250440917107583 0.08382936507936499 0.13756613756613745
4 0.5138888888888888 0.8659611992945326 0.05257936507936506 0.252204585537919
4 0.501984126984127 0.8139329805996474 0.05853174603174608 0.29629629629629634
4 0.4799107142857143 0.6865079365079364 0.08085317460317469 0.1913580246913579
1 0.4146825396825397 0.8831569664902997 0.8194444444444444 0.2213403880070547
