5 0.6445497630331753 0.7212078651685393 0.011058451816745673 0.015449438202247166
3 0.3618551587301587 0.5423280423280423 0.022321428571428614 0.07583774250440925
2 0.33283730158730157 0.5432098765432098 0.08234126984126984 0.1128747795414462
6 0.07291666666666669 0.6891534391534391 0.039682539682539694 0.1649029982363316
4 0.4908234126984127 0.5317460317460317 0.04414682539682538 0.10052910052910051
4 0.6530257936507937 0.5295414462081129 0.057043650793650896 0.09435626102292766
4 0.5347222222222222 0.6058201058201058 0.04960317460317469 0.10582010582010583
4 0.5882936507936507 0.6481481481481481 0.06150793650793652 0.10229276895943556
4 0.8377976190476191 0.7649911816578484 0.04464285714285723 0.1719576719576719
4 0.4962797619047619 0.9268077601410935 0.07787698412698411 0.13932980599647266
1 0.31026785714285715 0.790564373897708 0.4618055555555555 0.2513227513227519
1 0.6790674603174601 0.5652557319223984 0.33730158730158716 0.13227513227513196
4 0.38020833333333326 0.5679012345679012 0.02033730158730158 0.1128747795414462
4 0.36036706349206327 0.6062610229276896 0.035218253968253906 0.1313932980599649
