5 0.459518 0.6051029999999998 0.007664 0.009084
3 0.1884920634920635 0.5987654320987654 0.053571428571428575 0.13580246913580232
2 0.08953373015873016 0.6137566137566138 0.1056547619047619 0.15873015873015872
6 0.15004960317460317 0.8584656084656085 0.054067460317460354 0.2760141093474425
1 0.23487103174603155 0.8835978835978838 0.4667658730158727 0.23280423280423254
4 0.35342261904761896 0.6741622574955912 0.06299603174603165 0.15784832451499123
4 0.533234126984127 0.7332451499118168 0.051587301587301654 0.18606701940035278
4 0.5173611111111112 0.6022927689594357 0.04761904761904752 0.11640211640211647
4 0.513640873015873 0.5370370370370371 0.03918650793650791 0.11992945326278664
4 0.6101190476190476 0.5480599647266314 0.04464285714285708 0.13844797178130505
4 0.6676587301587301 0.5908289241622575 0.04960317460317455 0.15343915343915357
4 0.6899801587301587 0.6393298059964727 0.051587301587301654 0.1710758377425045
4 0.8179563492063491 0.5881834215167548 0.04960317460317455 0.15167548500881836
6 0.8931051587301587 0.9492945326278661 0.05406746031746039 0.10141093474426796
1 0.5500992063492053 0.603615520282187 0.42857142857142777 0.16313932980599583
