5 0.37861491628614913 0.4553450608930988 0.011415525114155257 0.012178619756427622
6 0.7996031746031746 0.394620811287478 0.05853174603174608 0.14197530864197525
4 0.8492063492063493 0.5158730158730158 0.0625 0.11463844797178133
4 0.8080357142857143 0.5114638447971784 0.09126984126984128 0.13580246913580257
4 0.5213293650793651 0.4876543209876543 0.07539682539682538 0.14109347442680778
4 0.4776785714285715 0.5171957671957672 0.0882936507936505 0.14550264550264552
4 0.43625992063492064 0.6340388007054675 0.07886904761904759 0.2292768959435626
4 0.6039186507936507 0.9276895943562609 0.07490079365079359 0.14462081128747778
3 0.2269345238095238 0.505731922398589 0.03720238095238091 0.18077601410934746
2 0.1711309523809524 0.5251322751322751 0.15079365079365073 0.1507936507936509
1 0.6765873015873015 0.5573192239858905 0.46428571428571425 0.16049382716049404
1 0.21329365079365079 0.8412698412698412 0.42658730158730157 0.31746031746031683
