5 0.9136225266362251 0.6461434370771312 0.012937595129375978 0.014884979702300356
6 0.8395337301587301 0.677689594356261 0.07093253968253961 0.18606701940035264
1 0.7229662698412703 0.7671957671957673 0.5500992063492065 0.2786596119929459
4 0.6036706349206349 0.6216931216931217 0.05853174603174601 0.14109347442680772
4 0.5319940476190476 0.5877425044091711 0.07192460317460309 0.1649029982363315
3 0.6480654761904762 0.4991181657848325 0.045138888888889 0.13932980599647266
2 0.6820436507936507 0.4955908289241623 0.10813492063492071 0.13227513227513227
4 0.1721230158730159 0.4228395061728395 0.04166666666666668 0.10670194003527335
4 0.10193452380952381 0.4268077601410934 0.05605158730158731 0.11992945326278664
4 0.036210317460317464 0.5352733686067019 0.048611111111111105 0.15873015873015872
4 0.09945436507936506 0.644620811287478 0.08779761904761903 0.20105820105820102
1 0.23809523809523778 0.5365961199294531 0.43154761904761846 0.1419753086419755
