5 0.256899 0.641414 0.007305000000000001 0.010101
3 0.39558531746031744 0.646384479717813 0.0818452380952381 0.15873015873015872
2 0.3509424603174603 0.6380070546737214 0.13740079365079366 0.19664902998236336
4 0.3194444444444444 0.5458553791887125 0.053571428571428575 0.13580246913580246
4 0.423859126984127 0.5348324514991182 0.08680555555555557 0.14550264550264558
4 0.5262896825396826 0.6005291005291005 0.06150793650793652 0.20634920634920634
4 0.6478174603174603 0.533068783068783 0.05853174603174608 0.1701940035273369
4 0.6155753968253969 0.7014991181657848 0.1011904761904762 0.2213403880070546
4 0.7983630952380952 0.6164021164021165 0.1056547619047619 0.20811287477954152
4 0.8214285714285714 0.7976190476190476 0.09226190476190467 0.2372134038800705
4 0.5932539682539683 0.9440035273368607 0.08134920634920625 0.10493827160493822
1 0.35714285714285715 0.9263668430335096 0.7142857142857144 0.14726631393298062
1 0.8420138888888888 0.6948853615520278 0.313988095238095 0.2504409171075844
