5 0.269886 0.503608 0.004058 0.008658
4 0.6604662698412699 0.33201058201058203 0.03422619047619037 0.07495590828924169
4 0.8023313492063491 0.40564373897707234 0.02827380952380949 0.08641975308641975
4 0.8722718253968255 0.5070546737213404 0.04613095238095241 0.08641975308641975
0 0.8779761904761904 0.6834215167548497 0.2440476190476189 0.26807760141093345
4 0.6473214285714286 0.4832451499118166 0.032738095238095254 0.10934744268077608
4 0.6140873015873016 0.566137566137566 0.048611111111111 0.13756613756613753
4 0.28769841269841273 0.582010582010582 0.05952380952380945 0.111111111111111
4 0.21403769841269843 0.4819223985890653 0.04811507936507933 0.08906525573192248
3 0.10515873015873016 0.39285714285714285 0.028769841269841265 0.09611992945326278
2 0.09300595238095237 0.40828924162257496 0.06597222222222221 0.08818342151675487
6 0.01711309523809524 0.49559082892416195 0.03422619047619048 0.12345679012345717
4 0.11210317460317461 0.6437389770723104 0.05654761904761905 0.15520282186948856
1 0.37028769841269865 0.40167548500881817 0.2534722222222223 0.10141093474426807
1 0.12921626984126985 0.6164021164021162 0.2584325396825397 0.21869488536155182
6 0.3588789682539682 0.951058201058201 0.04910714285714285 0.09082892416225746
