5 0.610795 0.77417 0.012175 0.012987
4 0.8112599206349206 0.6353615520282188 0.12549603174603163 0.2530864197530864
4 0.5124007936507937 0.5802469135802468 0.06150793650793652 0.2222222222222222
4 0.33829365079365076 0.5202821869488535 0.04464285714285715 0.21516754850088182
4 0.376984126984127 0.47751322751322756 0.08333333333333336 0.1772486772486772
6 0.3286210317460317 0.281305114638448 0.05605158730158731 0.13932980599647266
4 0.22147817460317462 0.4281305114638448 0.04414682539682538 0.18430335097001765
4 0.20039682539682538 0.41358024691358025 0.04166666666666668 0.19576719576719576
3 0.11582341269841269 0.4188712522045855 0.07291666666666666 0.14638447971781304
2 0.05679563492063492 0.3844797178130511 0.10466269841269842 0.14991181657848326
4 0.011904761904761908 0.47751322751322756 0.02281746031746032 0.23192239858906533
1 0.5763888888888888 0.4215167548500882 0.4384920634920635 0.1569664902998236
1 0.1572420634920635 0.7204585537918873 0.314484126984127 0.3156966490299823
