5 0.356838 0.435897 0.012821 0.014245
3 0.6870039682539684 0.564373897707231 0.07738095238095227 0.21164021164021166
2 0.7678571428571428 0.5727513227513228 0.1755952380952381 0.21957671957671956
4 0.9682539682539683 0.7160493827160493 0.06349206349206354 0.2980599647266314
4 0.5791170634920636 0.5798059964726631 0.1245039682539683 0.1313932980599647
4 0.5620039682539683 0.7350088183421516 0.10019841269841273 0.34479717813051153
4 0.4977678571428571 0.6049382716049383 0.08184523809523803 0.25220458553791886
4 0.3519345238095238 0.4925044091710758 0.07886904761904759 0.1666666666666668
4 0.2914186507936508 0.44223985890652556 0.07589285714285715 0.19488536155202824
4 0.3132440476190476 0.6490299823633157 0.11954365079365083 0.23985890652557323
4 0.1331845238095238 0.5859788359788359 0.08978174603174605 0.20723104056437386
1 0.1941964285714285 0.630070546737213 0.3883928571428571 0.2548500881834225
1 0.675843253968254 0.9109347442680767 0.6483134920634918 0.17813051146384373
