5 0.2939609999999999 0.6709119999999998 0.009113 0.012848
6 0.769593253968254 0.4197530864197531 0.04811507936507937 0.16754850088183418
4 0.9367559523809524 0.4510582010582011 0.04017857142857153 0.1737213403880071
4 0.8697916666666667 0.6490299823633157 0.050099206349206324 0.16402116402116407
4 0.890625 0.7438271604938271 0.05803571428571416 0.18959435626102292
1 0.8266369047619048 0.6494708994708995 0.345734126984127 0.19664902998236328
4 0.6076388888888888 0.6547619047619048 0.06349206349206347 0.17901234567901242
3 0.3990575396825397 0.6062610229276896 0.05605158730158721 0.18959435626102292
2 0.37276785714285715 0.6335978835978837 0.11855158730158735 0.1825396825396826
4 0.8807043650793651 0.9351851851851852 0.07589285714285722 0.12081128747795418
4 0.7189980158730159 0.9250440917107583 0.05505952380952394 0.14462081128747797
1 0.4662698412698413 0.9078483245149911 0.7202380952380952 0.1772486772486772
