5 0.43174999999999997 0.613653 0.005028 0.006704
4 0.7941468253968254 0.5780423280423281 0.05357142857142847 0.12962962962962968
4 0.6530257936507937 0.6150793650793651 0.03918650793650805 0.15608465608465608
4 0.6500496031746031 0.5780423280423281 0.06696428571428577 0.12962962962962968
4 0.5739087301587301 0.5507054673721341 0.04761904761904752 0.14373897707231037
4 0.503968253968254 0.5996472663139331 0.03273809523809532 0.11816578483245145
4 0.5307539682539683 0.7402998236331569 0.0456349206349207 0.19841269841269835
4 0.49107142857142855 0.558641975308642 0.04067460317460316 0.11904761904761912
4 0.27529761904761907 0.667989417989418 0.066468253968254 0.1507936507936509
3 0.0798611111111111 0.6115520282186949 0.051587301587301584 0.15079365079365076
2 0.014880952380952378 0.6097883597883598 0.029761904761904757 0.12257495590828923
6 0.08333333333333331 0.8664021164021165 0.04960317460317461 0.2654320987654323
1 0.17931547619047616 0.8884479717813052 0.35863095238095233 0.22310405643738965
1 0.43849206349206343 0.605379188712522 0.42361111111111094 0.16490299823633164
6 0.8110119047619048 0.9466490299823634 0.05357142857142861 0.10493827160493822
