5 0.7191943127962085 0.7113764044943821 0.013428120063191216 0.02106741573033716
6 0.30044394150417825 0.3022284122562674 0.04778899721448468 0.15320334261838436
4 0.14610898328690805 0.6323119777158773 0.12613161559888583 0.20891364902506968
4 0.09361942896935932 0.7813370473537605 0.1276984679665738 0.23955431754874654
4 0.4626131615598885 0.4944289693593315 0.10889623955431751 0.16991643454039
3 0.5436977715877437 0.3892757660167131 0.0673746518105849 0.15181058495821734
2 0.5452646239554317 0.37674094707520894 0.10184540389972142 0.149025069637883
4 0.6388840529247911 0.6225626740947076 0.075992339832869 0.14206128133704737
4 0.7219272284122562 0.6051532033426177 0.1104630919220056 0.16295264623955416
1 0.15825208913649014 0.4038997214484679 0.3165041782729803 0.18105849582172703
1 0.5252872562674091 0.7256267409470756 0.58991991643454 0.34818941504178325
