5 0.453551 0.628363 0.006105 0.009949
4 0.7651289682539684 0.560405643738977 0.07390873015873027 0.12962962962962968
4 0.5828373015873015 0.7407407407407408 0.11507936507936499 0.14814814814814825
4 0.6304563492063493 0.5418871252204586 0.053571428571428686 0.12257495590828923
4 0.601438492063492 0.587742504409171 0.047123015873015955 0.12610229276895943
4 0.501984126984127 0.554673721340388 0.08234126984126988 0.10405643738977069
4 0.5436507936507937 0.6159611992945326 0.09325396825396823 0.09788359788359799
4 0.5518353174603174 0.5401234567901235 0.08283730158730158 0.09435626102292773
4 0.19692460317460317 0.6485890652557319 0.046626984126984114 0.17195767195767203
6 0.015873015873015872 0.9025573192239859 0.031746031746031744 0.19135802469135796
6 0.7110615079365075 0.9479717813051148 0.04513888888888867 0.10229276895943597
1 0.29067460317460314 0.6089065255731922 0.47023809523809523 0.1666666666666667
1 0.10565476190476188 0.8990299823633159 0.21130952380952375 0.20194003527336793
