5 0.30519 0.679512 0.006466 0.008997
6 0.776767061281337 0.41573816155988863 0.04778899721448468 0.16573816155988857
4 0.9334522980501393 0.4505571030640668 0.052489554317548794 0.1768802228412256
4 0.8562848189415041 0.6316155988857939 0.04857242339832865 0.16016713091922014
4 0.8171135097493035 0.7235376044568246 0.14101671309192199 0.16852367688022277
4 0.8511925487465181 0.9310584958217271 0.07599233983286922 0.13509749303621177
4 0.71095926183844 0.9206128133704735 0.06189066852367688 0.15877437325905305
4 0.5746431058495821 0.6559888579387188 0.08069289693593305 0.17270194986072432
3 0.4132573119777158 0.6030640668523677 0.055623259052924826 0.19220055710306405
2 0.3874042479108635 0.6357938718662953 0.12769846796657375 0.1880222841225626
1 0.4861159470752088 0.9066852367688021 0.7246692200557101 0.18662952646239528
1 0.8335219359331473 0.6448467966573814 0.33295612813370457 0.21169916434540345
