5 0.719151 0.670406 0.008013 0.013058
3 0.6825396825396826 0.42504409171075835 0.06845238095238088 0.09171075837742507
2 0.7085813492063491 0.40520282186948847 0.09176587301587304 0.14197530864197525
6 0.9613095238095238 0.6834215167548501 0.0634920634920634 0.19047619047619044
4 0.7817460317460317 0.6904761904761905 0.06150793650793645 0.20282186948853628
4 0.6299603174603174 0.6397707231040564 0.08829365079365083 0.13668430335097
4 0.5181051587301587 0.5013227513227513 0.056051587301587276 0.14373897707231037
4 0.470734126984127 0.5502645502645502 0.05456349206349209 0.1657848324514992
4 0.39335317460317454 0.6547619047619048 0.06845238095238095 0.1666666666666667
4 0.33854166666666674 0.5291005291005291 0.06696428571428573 0.13403880070546742
4 0.3273809523809524 0.4188712522045855 0.053571428571428645 0.11816578483245152
1 0.2740575396825388 0.41534391534391524 0.4310515873015859 0.14814814814814806
1 0.635912698412698 0.6820987654320991 0.5595238095238092 0.2671957671957667
