5 0.7142859999999999 0.683261 0.00974 0.010101
6 0.2698903203342618 0.31754874651810583 0.030553621169916455 0.1364902506963788
3 0.028986768802228405 0.3969359331476323 0.03447075208913648 0.1476323119777158
2 0.026244777158774376 0.4032033426183844 0.050922701949860726 0.1518105849582173
4 0.052881267409470745 0.4289693593314763 0.038387883008356535 0.16713091922005574
4 0.10302054317548746 0.42200557103064074 0.04778899721448468 0.15598885793871864
4 0.13044045961002784 0.7068245125348188 0.14493384401114207 0.23259052924791085
4 0.8155466573816155 0.6135097493036212 0.11438022284122554 0.1991643454038997
1 0.4508617688022283 0.4213091922005572 0.43010097493036215 0.13788300835654602
1 0.11947249303621157 0.6873259052924792 0.23894498607242315 0.2715877437325903
