5 0.4489989999999999 0.5872940000000001 0.006185 0.006498
6 0.5091765873015873 0.46781305114638444 0.03422619047619051 0.15608465608465616
1 0.4208829365079359 0.6141975308641949 0.46081349206349137 0.1701940035273358
3 0.031249999999999997 0.6106701940035273 0.04464285714285714 0.16490299823633164
1 0.17311507936507936 0.8950617283950618 0.3462301587301587 0.19400352733686077
4 0.75 0.6468253968253967 0.06150793650793645 0.1596119929453262
4 0.8015873015873015 0.49647266313932975 0.03472222222222214 0.13580246913580246
4 0.9166666666666667 0.48500881834215165 0.05059523809523796 0.1164021164021164
4 0.9861111111111112 0.6781305114638448 0.027777777777777856 0.19047619047619052
4 0.8715277777777772 0.9457671957671951 0.06845238095238046 0.099647266313933
