5 0.528409 0.5584419999999999 0.006494 0.011544
4 0.5669642857142857 0.4360670194003528 0.07043650793650791 0.20194003527336868
3 0.6044146825396826 0.595679012345679 0.0669642857142857 0.25485008818342153
2 0.7075892857142858 0.6437389770723104 0.18799603174603177 0.2169312169312169
4 0.49206349206349204 0.54673721340388 0.10317460317460317 0.21164021164021157
4 0.45833333333333326 0.7191358024691358 0.1319444444444445 0.26895943562610225
4 0.24255952380952384 0.8381834215167548 0.15575396825396828 0.283068783068783
4 0.027529761904761908 0.6084656084656085 0.04910714285714286 0.2804232804232805
6 0.29538690476190477 0.4029982363315696 0.04910714285714285 0.18342151675485005
1 0.15178571428571416 0.7063492063492061 0.29960317460317437 0.29100529100529043
1 0.6723710317460316 0.9506172839506174 0.6552579365079362 0.09876543209876538
