5 0.371261 0.520893 0.008547 0.015195
6 0.7485637186629526 0.4011142061281337 0.03682103064066851 0.13370473537604455
4 0.8923224233983287 0.5571030640668524 0.06737465181058497 0.10584958217270192
4 0.9722318941504178 0.4791086350974931 0.04073816155988851 0.13927576601671318
4 0.3834871169916434 0.467966573816156 0.07285863509749305 0.11420612813370468
4 0.2072162256267409 0.5201949860724234 0.10889623955431756 0.12395543175487461
4 0.3110201949860724 0.6197771587743733 0.06580779944289691 0.15320334261838447
4 0.4206998607242339 0.6149025069637882 0.07677576601671313 0.14902506963788306
4 0.33569811977715874 0.8530640668523677 0.143366991643454 0.22144846796657375
1 0.5609331476323117 0.6016713091922005 0.45595403899721426 0.16434540389972122
1 0.8241208217270193 0.8864902506963785 0.35175835654596077 0.22701949860724194
3 0.9890320334261838 0.5995821727019499 0.02193593314763234 0.1406685236768802
