5 0.20941600000000002 0.4689749999999999 0.008117 0.011544
4 0.9372519841269841 0.5308641975308642 0.04811507936507937 0.14285714285714285
4 0.7795138888888888 0.8761022927689595 0.12152777777777786 0.2178130511463844
4 0.5498511904761905 0.7883597883597884 0.15327380952380956 0.23633156966490304
4 0.3710317460317461 0.6662257495590829 0.05555555555555564 0.15255731922398583
4 0.34102182539682546 0.6437389770723104 0.05704365079365083 0.162257495590829
4 0.17857142857142858 0.5127865961199295 0.042658730158730195 0.1278659611992945
4 0.18328373015873015 0.5092592592592592 0.06795634920634923 0.11552028218694886
4 0.11879960317460317 0.5833333333333335 0.04712301587301587 0.1543209876543211
3 0.08382936507936507 0.5634920634920636 0.03968253968253968 0.15167548500881842
4 0.04960317460317461 0.6159611992945326 0.0376984126984127 0.16490299823633145
2 0.028273809523809514 0.5753968253968254 0.05654761904761903 0.1261022927689594
1 0.47991071428571436 0.5868606701940022 0.4241071428571426 0.17019400352733657
1 0.1560019841269841 0.8747795414462081 0.3120039682539682 0.25044091710758287
