5 0.7644596651445965 0.5717185385656293 0.006849315068493098 0.009472259810554818
3 0.5935019841269841 0.49118165784832457 0.060019841269841265 0.09523809523809526
2 0.6111111111111112 0.47883597883597884 0.09226190476190482 0.1287477954144621
4 0.6974206349206349 0.4832451499118166 0.03968253968253976 0.1252204585537919
4 0.7346230158730159 0.5035273368606702 0.05753968253968239 0.1252204585537919
4 0.5319940476190476 0.47883597883597884 0.04910714285714292 0.1287477954144621
4 0.49900793650793657 0.47883597883597884 0.042658730158730195 0.1287477954144621
6 0.3638392857142857 0.3628747795414462 0.03621031746031747 0.10670194003527332
4 0.41195436507936506 0.5824514991181657 0.04910714285714285 0.18077601410934746
4 0.25793650793650796 0.44223985890652556 0.035714285714285726 0.12962962962962962
4 0.04712301587301587 0.47795414462081126 0.04563492063492063 0.1287477954144621
1 0.2008928571428573 0.5026455026455021 0.3978174603174606 0.1481481481481478
1 0.5870535714285703 0.7464726631393297 0.5233134920634911 0.2619047619047614
