5 0.49512999999999996 0.813131 0.011364 0.012987
4 0.8487103174603174 0.6269841269841268 0.12400793650793637 0.24691358024691323
4 0.5773809523809524 0.5802469135802469 0.0813492063492064 0.2063492063492064
4 0.42956349206349204 0.4991181657848325 0.027777777777777787 0.2134038800705467
4 0.4379960317460318 0.4832451499118166 0.09722222222222221 0.1693121693121693
4 0.265625 0.4329805996472663 0.04017857142857146 0.18518518518518526
4 0.24082341269841273 0.4197530864197531 0.050099206349206366 0.16754850088183418
3 0.1440972222222222 0.4126984126984127 0.07787698412698411 0.1569664902998236
4 0.05109126984126984 0.4722222222222222 0.06150793650793652 0.17195767195767203
4 0.07242063492063493 0.44356261022927695 0.05654761904761905 0.17283950617283955
2 0.08655753968253961 0.3919753086419754 0.1205357142857142 0.14550264550264566
6 0.373015873015873 0.27910052910052907 0.052579365079365135 0.13844797178130513
1 0.6026785714285713 0.4272486772486774 0.4791666666666665 0.15255731922398616
1 0.18055555555555544 0.7191358024691352 0.3611111111111109 0.32716049382716017
