5 0.36769499999999994 0.548341 0.00487 0.008658
4 0.7387708913649024 0.6601671309192202 0.07677576601671318 0.19498607242339813
4 0.6976410167130919 0.7876044568245125 0.06659122562674086 0.23259052924791093
4 0.7834261838440111 0.9456824512534819 0.06267409470752085 0.10306406685236766
4 0.6126392757660166 0.8077994428969358 0.17705431754874637 0.2590529247910862
4 0.40033077994428967 0.5675487465181058 0.0564066852367688 0.14623955431754873
3 0.3133704735376044 0.6149025069637882 0.050139275766016705 0.15181058495821723
2 0.2667566155988857 0.6267409470752093 0.15433495821726997 0.17548746518105868
4 0.34235724233983283 0.552924791086351 0.03917130919220057 0.14206128133704737
4 0.33883182451253474 0.48050139275766013 0.049355849582172734 0.09749303621169922
4 0.3838788300835654 0.4818941504178273 0.053272980501392696 0.12256267409470752
1 0.778290389972145 0.6720055710306405 0.4434192200557103 0.22423398328690797
1 0.3012273676880222 0.9185236768802227 0.6024547353760443 0.16295264623955455
