5 0.6997716894977168 0.48037889039242215 0.006849315068493098 0.016238159675236757
4 0.8881448412698413 0.4894179894179894 0.061011904761904816 0.11640211640211647
4 0.9640376984126985 0.5097001763668431 0.04216269841269849 0.12169312169312164
4 0.554563492063492 0.44929453262786595 0.041666666666666644 0.09082892416225746
4 0.4742063492063492 0.5343915343915344 0.0625 0.13051146384479723
4 0.5518353174603174 0.6432980599647267 0.05704365079365083 0.1543209876543211
4 0.3675595238095238 0.49029982363315694 0.038690476190476206 0.1287477954144621
4 0.3075396825396825 0.5057319223985892 0.05357142857142858 0.10141093474426813
4 0.22495039682539683 0.537037037037037 0.06001984126984123 0.1375661375661376
4 0.28720238095238093 0.7491181657848324 0.0714285714285715 0.20723104056437391
1 0.6066468253968259 0.5912698412698413 0.41567460317460336 0.1419753086419752
1 0.9057539682539683 0.8624338624338624 0.18849206349206354 0.2627865961199294
