5 0.28909952606635075 0.8349719101123596 0.0173775671406003 0.018258426966292235
3 0.7379874651810584 0.1532033426183844 0.031337047353760424 0.11699164345403901
2 0.7426880222841226 0.1608635097493036 0.07050835654596099 0.10724233983286907
6 0.9534296657381615 0.29665738161559885 0.026636490250696313 0.13649025069637882
4 0.5589745821727019 0.2834261838440111 0.03682103064066851 0.10445682451253482
1 0.4430275069637875 0.13857938718662954 0.28595055710306344 0.15459610027855147
1 0.7505222841225618 0.4310584958217271 0.3917130919220055 0.29108635097493074
4 0.6236072423398329 0.6803621169916434 0.05954038997214482 0.16016713091922
4 0.8151549442896935 0.6894150417827298 0.08382660167130922 0.11977715877437327
4 0.9138666434540389 0.6357938718662953 0.05405640668523674 0.08495821727019497
4 0.09988683844011143 0.6935933147632312 0.0853934540389972 0.16155988857938725
4 0.03603760445682451 0.25974930362116994 0.039171309192200555 0.1406685236768803
4 0.017235376044568245 0.3593314763231198 0.03447075208913649 0.11420612813370472
