5 0.40812 0.5204179999999999 0.007479 0.009022
6 0.7740250696378829 0.4038997214484679 0.03290389972144837 0.13370473537604455
4 0.9126915041782729 0.5724233983286908 0.11124651810584965 0.1476323119777159
4 0.47593140668523676 0.6142061281337047 0.08225974930362114 0.13927576601671313
4 0.4308844011142061 0.46587743732590525 0.072075208913649 0.11838440111420603
4 0.2557886490250696 0.5125348189415042 0.08382660167130915 0.11699164345403901
4 0.32394672701949856 0.6030640668523677 0.058756963788300816 0.1392757660167129
4 0.32316330083565453 0.8433147632311977 0.12143105849582174 0.2158774373259053
1 0.5836525069637887 0.5988857938718665 0.4528203342618385 0.16155988857938708
1 0.8350887883008354 0.8857938718662953 0.3298224233983283 0.22841225626740924
