5 0.222808 0.645022 0.007305000000000001 0.011544
4 0.8030753968253969 0.6040564373897707 0.08234126984126988 0.20282186948853606
4 0.7847222222222223 0.7751322751322752 0.1150793650793652 0.20105820105820102
4 0.6909722222222223 0.5295414462081129 0.06746031746031733 0.16313932980599652
4 0.664186507936508 0.667989417989418 0.08234126984126988 0.20899470899470893
4 0.5602678571428571 0.605379188712522 0.09474206349206347 0.20899470899470907
4 0.5523313492063493 0.9246031746031746 0.08581349206349209 0.14550264550264544
3 0.4268353174603174 0.6269841269841269 0.09275793650793657 0.1569664902998234
2 0.3881448412698413 0.6111111111111112 0.14632936507936514 0.20458553791887135
4 0.4092261904761905 0.5251322751322751 0.07341269841269842 0.14021164021164026
4 0.2926587301587303 0.5555555555555552 0.09920634920634944 0.17107583774250382
1 0.37202380952380965 0.9193121693121691 0.7440476190476191 0.16137566137566187
1 0.8551587301587302 0.6785714285714286 0.2896825396825397 0.23897707231040513
