5 0.26342812006319116 0.594803370786517 0.01342812006319118 0.02106741573033709
6 0.024553571428571425 0.6080246913580247 0.049107142857142856 0.17195767195767198
3 0.5114087301587301 0.5052910052910053 0.05257936507936506 0.11463844797178133
4 0.4732142857142857 0.5396825396825397 0.0625 0.13051146384479723
4 0.4456845238095238 0.47398589065255736 0.04513888888888886 0.11199294532627874
4 0.4754464285714286 0.4426807760141094 0.0243055555555555 0.07936507936507936
2 0.5121527777777778 0.49074074074074076 0.07986111111111115 0.13844797178130513
4 0.6339285714285714 0.6635802469135803 0.07837301587301589 0.16313932980599652
4 0.7175099206349206 0.5873015873015873 0.04315476190476204 0.181657848324515
4 0.7423115079365078 0.5321869488536156 0.03422619047619051 0.19312169312169325
1 0.8757440476190468 0.5357142857142854 0.2485119047619043 0.18077601410934682
1 0.5265376984126969 0.8223104056437383 0.6086309523809507 0.3201058201058189
