5 0.4585308056872037 0.6706460674157303 0.02290679304897317 0.02949438202247194
6 0.9310515873015873 0.25132275132275134 0.027777777777777856 0.09347442680776016
4 0.913938492063492 0.3095238095238095 0.059027777777777714 0.09700176366843034
4 0.9546130952380952 0.45943562610229277 0.06299603174603177 0.1499118165784833
4 0.7614087301587301 0.33289241622574955 0.048611111111111 0.09788359788359788
4 0.853422619047619 0.7292768959435627 0.08680555555555557 0.2257495590828925
4 0.43129960317460314 0.4964726631393298 0.0620039682539683 0.12345679012345684
4 0.35763888888888884 0.5767195767195767 0.04761904761904759 0.1534391534391534
4 0.28397817460317465 0.572310405643739 0.0808531746031746 0.1552028218694886
4 0.2941468253968253 0.7257495590828925 0.06746031746031761 0.1552028218694886
4 0.06448412698412696 0.38888888888888895 0.060515873015873044 0.12698412698412695
1 0.3511904761904758 0.3434744268077602 0.34523809523809473 0.13139329805996486
1 0.12351190476190477 0.6084656084656097 0.24702380952380953 0.2610229276895942
0 0.949156746031746 0.6089065255731922 0.10168650793650784 0.19664902998236336
