5 0.49326899999999996 0.603229 0.005769 0.007217
4 0.7360288997214485 0.7562674094707521 0.06345752089136497 0.1754874651810586
4 0.7485637186629526 0.5181058495821727 0.055623259052924964 0.12813370473537603
4 0.6666956824512533 0.49582172701949856 0.06424094707520894 0.12534818941504178
4 0.6134227019498607 0.5591922005571032 0.09087743732590532 0.107242339832869
4 0.6036298746518105 0.6615598885793872 0.11202994428969354 0.13091922005571036
4 0.4798485376044567 0.5167130919220057 0.0462221448467966 0.1504178272980502
4 0.5609331476323121 0.5181058495821723 0.08304317548746534 0.13091922005571022
4 0.11868906685236767 0.7005571030640668 0.04778899721448468 0.20612813370473532
1 0.17901288300835652 0.6204735376044568 0.35802576601671304 0.17409470752089132
1 0.016451949860724232 0.9477715877437316 0.032903899721448464 0.10445682451253474
6 0.6330083565459601 0.9589136490250694 0.047005571030640535 0.08217270194986005
