5 0.3131911532385466 0.7485955056179776 0.011848341232227461 0.022471910112359557
6 0.6784470752089136 0.48885793871866295 0.03917130919220057 0.14206128133704732
6 0.1923311281337047 0.39066852367688026 0.035254178272980496 0.1350974930362117
1 0.024286211699164343 0.4554317548746518 0.04543871866295264 0.10027855153203348
4 0.9608722144846795 0.4651810584958217 0.04778899721448454 0.14206128133704737
4 0.9683147632311977 0.7012534818941504 0.05954038997214482 0.16573816155988866
4 0.7199686629526463 0.5717270194986073 0.061107242339832765 0.12674094707520886
4 0.5852193593314763 0.5689415041782729 0.04073816155988851 0.14902506963788306
4 0.5910950557103064 0.6190807799442897 0.03995473537604461 0.1295264623955432
4 0.6208652506963788 0.6427576601671309 0.04778899721448475 0.1406685236768802
0 0.6631702646239538 0.6552924791086349 0.4661385793871864 0.23816155988857887
4 0.42657555710306405 0.596100278551532 0.043088440111420566 0.11977715877437319
4 0.3799616991643454 0.5153203342618384 0.04073816155988858 0.15041782729805006
4 0.34509923398328696 0.6399721448467962 0.07129178272980484 0.137883008356547
4 0.02389449860724234 0.701949860724234 0.04622214484679666 0.18941504178272972
6 0.24599582172701948 0.9456824512534819 0.07364206128133702 0.10863509749303617
