5 0.32426900000000003 0.39899 0.007305000000000001 0.012987
3 0.4332837301587302 0.4828042328042328 0.13938492063492078 0.16666666666666657
4 0.42460317460317454 0.5427689594356262 0.08432539682539691 0.18783068783068785
4 0.45337301587301587 0.359347442680776 0.05555555555555557 0.13315696649029987
2 0.36458333333333326 0.4642857142857143 0.16468253968253968 0.23721340388007064
4 0.6014384920634922 0.48412698412698413 0.08382936507936513 0.2574955908289242
4 0.7393353174603174 0.5652557319223985 0.09573412698412696 0.2539682539682539
4 0.8514384920634922 0.4761904761904762 0.08085317460317455 0.26278659611992944
4 0.23214285714285715 0.511904761904762 0.0892857142857143 0.25308641975308643
1 0.8784722222222219 0.5295414462081132 0.24305555555555552 0.2636684303350972
1 0.38616071428571425 0.853615520282187 0.7723214285714285 0.29276895943562603
