5 0.521689497716895 0.47767253044654934 0.00837138508371396 0.016238159675236757
3 0.8003472222222223 0.5582010582010581 0.054067460317460105 0.19929453262786595
2 0.867311507936508 0.5855379188712522 0.12648809523809518 0.17989417989417994
4 0.7212301587301587 0.47751322751322745 0.04563492063492078 0.1455026455026455
4 0.7088293650793651 0.5599647266313933 0.05555555555555557 0.21164021164021166
4 0.6299603174603174 0.5476190476190476 0.07440476190476182 0.20105820105820102
4 0.5453869047619048 0.39682539682539686 0.04017857142857139 0.12698412698412703
4 0.548859126984127 0.6150793650793651 0.04315476190476183 0.21957671957671962
6 0.5942460317460316 0.4188712522045855 0.032738095238095184 0.13403880070546734
4 0.6210317460317459 0.425485008818342 0.02579365079365078 0.12081128747795407
4 0.28125 0.5317460317460317 0.05059523809523807 0.18342151675485013
4 0.20461309523809518 0.6975308641975309 0.07093253968253979 0.18871252204585562
4 0.060019841269841265 0.4387125220458553 0.05257936507936508 0.14373897707231045
1 0.30505952380952356 0.604497354497354 0.524801587301587 0.19135802469135738
1 0.7338789682539684 0.8853615520282189 0.5322420634920634 0.22927689594356207
