5 0.7260273972602741 0.395805142083897 0.010654490106544899 0.020297699594046037
4 0.8819444444444445 0.2583774250440917 0.04166666666666671 0.1375661375661376
1 0.8831845238095238 0.22089947089947087 0.23363095238095227 0.11022927689594358
4 0.7842261904761904 0.48985890652557323 0.0634920634920634 0.18077601410934746
4 0.636656746031746 0.4122574955908289 0.05406746031746024 0.13315696649029987
4 0.5567956349206349 0.4484126984126985 0.028273809523809562 0.14902998236331577
4 0.5302579365079365 0.5458553791887125 0.05753968253968253 0.22927689594356274
6 0.4136904761904762 0.15079365079365079 0.03273809523809532 0.09876543209876544
4 0.24007936507936506 0.15652557319223984 0.03174603174603174 0.10493827160493828
0 0.21775793650793612 0.45987654320987686 0.43551587301587225 0.258377425044092
4 0.06597222222222221 0.832010582010582 0.10615079365079363 0.3095238095238095
