5 0.4316745655608215 0.48314606741573035 0.01026856240126378 0.02528089887640448
6 0.015873015873015872 0.40740740740740733 0.031746031746031744 0.1763668430335097
4 0.1996527777777778 0.48633156966490304 0.07886904761904759 0.20194003527336868
4 0.32961309523809523 0.45987654320987653 0.1413690476190476 0.12257495590828923
4 0.4174107142857143 0.4087301587301587 0.06200396825396823 0.12962962962962962
4 0.8127480158730159 0.47398589065255736 0.06597222222222214 0.1578483245149912
4 0.9779265873015873 0.5352733686067019 0.04414682539682531 0.19753086419753083
4 0.7435515873015868 0.7138447971781308 0.14583333333333326 0.2301587301587307
4 0.11656746031746032 0.7120811287477955 0.1378968253968254 0.1825396825396826
4 0.02703373015873015 0.9126984126984126 0.0540674603174603 0.17460317460317504
0 0.04042658730158731 0.9550264550264536 0.08085317460317462 0.08994708994708916
1 0.8229166666666662 0.5723104056437386 0.35218253968253843 0.24338624338624337
