5 0.5077110000000001 0.704906 0.013799 0.015873
6 0.9409722222222223 0.34347442680776014 0.048611111111111285 0.15255731922398583
3 0.5230654761904762 0.39241622574955903 0.0699404761904762 0.11463844797178126
2 0.523313492063492 0.3796296296296296 0.10218253968253968 0.12433862433862433
4 0.5830853174603174 0.4228395061728395 0.09970238095238095 0.1649029982363316
4 0.48412698412698413 0.45458553791887124 0.12003968253968253 0.18606701940035278
4 0.2728174603174603 0.5776014109347443 0.0982142857142857 0.1587301587301588
4 0.29290674603174605 0.7857142857142857 0.18898809523809526 0.26631393298059974
4 0.12276785714285715 0.7402998236331569 0.11855158730158731 0.2619047619047618
4 0.09598214285714286 0.560405643738977 0.07192460317460317 0.21957671957671956
4 0.05406746031746032 0.6640211640211641 0.06746031746031746 0.17813051146384487
4 0.02256944444444444 0.7275132275132276 0.04216269841269841 0.19753086419753088
1 0.8911210317460317 0.4470899470899471 0.21775793650793646 0.17107583774250437
1 0.45585317460317415 0.6790123456790114 0.6339285714285707 0.2980599647266313
