5 0.5852030000000001 0.535613 0.009081 0.014245
4 0.3402777777777778 0.44488536155202824 0.0763888888888889 0.1507936507936508
4 0.2663690476190476 0.4519400352733686 0.05456349206349209 0.13668430335097007
4 0.25223214285714285 0.5392416225749559 0.05605158730158731 0.13315696649029987
4 0.12748015873015875 0.5731922398589061 0.09325396825396816 0.18165784832451493
4 0.38467261904761907 0.6728395061728395 0.10168650793650798 0.1728395061728394
4 0.4995039682539682 0.8752204585537919 0.1329365079365079 0.23897707231040555
4 0.6225198412698413 0.6754850088183422 0.09523809523809526 0.1463844797178131
4 0.650297619047619 0.5493827160493826 0.0932539682539683 0.13932980599647274
1 0.9742063492063489 0.5939153439153442 0.051587301587301224 0.10846560846560864
0 0.2142857142857142 0.8589065255731925 0.4285714285714284 0.28218694885361484
