5 0.18206951026856238 0.5498595505617978 0.008688783570300167 0.012640449438202311
6 0.2984853760445682 0.4394150417827298 0.03133704735376039 0.12395543175487461
4 0.9514711002785515 0.4714484679665738 0.027419916434540285 0.13231197771587744
4 0.9346274373259053 0.4380222841225627 0.03133704735376057 0.13231197771587744
4 0.842183147632312 0.4714484679665738 0.06580779944289673 0.1406685236768803
4 0.6698293871866295 0.7910863509749304 0.08931058495821731 0.222841225626741
4 0.35763405292479106 0.6532033426183844 0.07442548746518106 0.18662952646239567
4 0.30240250696378823 0.6190807799442897 0.06737465181058493 0.16295264623955424
3 0.2503046657381615 0.5160167130919221 0.03682103064066851 0.13788300835654596
2 0.23502785515320335 0.5285515320334262 0.08461002785515323 0.13788300835654596
4 0.18018802228412256 0.48050139275766013 0.04543871866295264 0.13370473537604446
1 0.6424094707520891 0.5403899721448469 0.39014623955431754 0.15041782729805034
1 0.25970577994428956 0.8077994428969362 0.5194115598885791 0.27576601671309253
4 0.9902506963788301 0.6727019498607243 0.01723537604456837 0.1922005571030642
