5 0.8246750000000002 0.419913 0.011364 0.011544
4 0.9312996031746033 0.5207231040564373 0.1205357142857143 0.21428571428571425
4 0.8256448412698413 0.5974426807760141 0.14136904761904773 0.2319223985890653
4 0.6904761904761904 0.5114638447971781 0.0724206349206348 0.21164021164021166
4 0.6421130952380952 0.5709876543209876 0.0689484126984128 0.24779541446208114
4 0.5875496031746031 0.9215167548500881 0.12946428571428575 0.15343915343915326
4 0.4851190476190476 0.8738977072310405 0.06250000000000007 0.24338624338624343
4 0.4918154761904762 0.7698412698412689 0.06200396825396831 0.19576719576719548
4 0.5719246031746033 0.6005291005290994 0.06249999999999988 0.2539682539682539
4 0.4851190476190476 0.6891534391534393 0.06448412698412703 0.19135802469135804
3 0.5344742063492063 0.539241622574956 0.06894841269841265 0.21604938271604943
1 0.4372519841269842 0.8835978835978833 0.8219246031746035 0.23280423280423304
1 0.8998015873015873 0.6093474426807759 0.2003968253968253 0.23456790123456783
2 0.48313492063492025 0.55026455026455 0.16369047619047639 0.18694885361552052
