5 0.3696682464454977 0.5828651685393258 0.014218009478672968 0.02247191011235948
6 0.9880087209302326 0.3688630490956072 0.02398255813953483 0.1640826873385013
4 0.8234011627906976 0.5613695090439276 0.11918604651162781 0.18475452196382428
4 0.47093023255813954 0.6847545219638242 0.06976744186046517 0.17571059431524552
4 0.33866279069767447 0.5180878552971576 0.08866279069767444 0.18863049095607232
4 0.2747093023255814 0.6912144702842378 0.14680232558139536 0.19638242894056845
4 0.13844476744186046 0.6841085271317828 0.12281976744186046 0.2131782945736434
4 0.14462209302325582 0.3863049095607235 0.08575581395348837 0.14987080103359177
0 0.8048691860465117 0.7383720930232559 0.3873546511627907 0.37338501291989656
1 0.07703488372093022 0.4554263565891473 0.1511627906976744 0.15116279069767444
