5 0.09090900000000002 0.7409809999999999 0.011364 0.012987
6 0.3549107142857142 0.4669312169312169 0.039186507936508165 0.15432098765432103
3 0.6051587301587302 0.468694885361552 0.04960317460317455 0.1490299823633157
2 0.5972222222222222 0.4682539682539682 0.10515873015873027 0.14109347442680778
4 0.6490575396825397 0.4925044091710758 0.041170634920634865 0.1666666666666668
4 0.7261904761904762 0.49514991181657847 0.04861111111111114 0.1701940035273369
1 0.9196428571428572 0.52336860670194 0.15674603174603177 0.1772486772486773
4 0.9372519841269841 0.7191358024691358 0.08085317460317455 0.18606701940035272
4 0.5057043650793651 0.6305114638447972 0.07688492063492064 0.13932980599647274
4 0.45039682539682535 0.6137566137566137 0.07341269841269848 0.12698412698412695
1 0.5801091269841262 0.7901234567901223 0.6016865079365071 0.31746031746031883
