5 0.21469199999999997 0.6298699999999999 0.008929 0.012987
3 0.7400793650793651 0.31216931216931215 0.05753968253968253 0.15696649029982365
2 0.7309027777777777 0.3152557319223986 0.12251984126984126 0.13668430335097004
4 0.5972222222222223 0.3262786596119929 0.03571428571428569 0.16754850088183423
4 0.8087797619047619 0.3377425044091711 0.059027777777777714 0.16049382716049382
4 0.8169642857142857 0.4409171075837742 0.05753968253968253 0.17460317460317454
4 0.8953373015873016 0.45679012345679015 0.07142857142857138 0.20811287477954146
4 0.34598214285714285 0.455026455026455 0.06894841269841265 0.14638447971781304
4 0.28000992063492064 0.5828924162257496 0.09474206349206352 0.17989417989417988
4 0.09102182539682539 0.4854497354497356 0.05803571428571434 0.22134038800705447
1 0.6679067460317453 0.61463844797178 0.6641865079365076 0.3015873015873009
