5 0.224026 0.505051 0.006494 0.008658
4 0.924834610027855 0.4338440111420613 0.04935584958217262 0.1406685236768802
1 0.9702733286908076 0.5772980501392757 0.055623259052924826 0.11838440111420624
4 0.8417914345403897 0.44498607242339827 0.05719011142061291 0.12674094707520886
4 0.6259575208913648 0.4547353760445682 0.03290389972144844 0.11002785515320326
4 0.6212569637883008 0.5487465181058496 0.1175139275766017 0.11699164345403908
4 0.44067722841225615 0.46030640668523676 0.03995473537604461 0.09610027855153198
4 0.3611594707520891 0.5076601671309192 0.07364206128133709 0.10167130919220056
4 0.16138579387186627 0.7764623955431754 0.06737465181058497 0.17409470752089135
0 0.2608809192200556 0.8544568245125344 0.521761838440111 0.2910863509749294
