5 0.580755 0.5361489999999999 0.005806 0.009084
4 0.29365079365079366 0.44576719576719576 0.03472222222222222 0.13844797178130505
4 0.33110119047619047 0.44223985890652556 0.03819444444444439 0.13844797178130505
4 0.6728670634920636 0.5568783068783069 0.06200396825396837 0.11904761904761905
4 0.640625 0.687389770723104 0.0649801587301588 0.16843033509700178
4 0.48536706349206354 0.8844797178130511 0.08581349206349209 0.22927689594356265
4 0.43229166666666663 0.70326278659612 0.07291666666666671 0.19135802469135804
4 0.23660714285714285 0.5432098765432098 0.052579365079365094 0.13403880070546742
4 0.12574404761904762 0.5930335097001763 0.06398809523809523 0.18430335097001765
0 0.23958333333333337 0.8562610229276892 0.47916666666666674 0.28747795414462035
