5 0.635958 0.7186150000000001 0.008929 0.01443
6 0.5535714285714285 0.3350970017636684 0.037698412698412655 0.1534391534391534
1 0.7103174603174606 0.43694885361552016 0.4682539682539681 0.1560846560846563
4 0.31622023809523814 0.42724867724867727 0.06894841269841259 0.14902998236331547
3 0.25992063492063494 0.37918871252204583 0.038690476190476206 0.13756613756613756
2 0.2242063492063492 0.3955026455026454 0.12301587301587301 0.14726631393298056
4 0.24776785714285715 0.43827160493827155 0.06994047619047616 0.1604938271604938
4 0.05828373015873016 0.5432098765432098 0.09871031746031747 0.17813051146384487
4 0.1403769841269841 0.7570546737213404 0.10119047619047619 0.21604938271604937
4 0.012648809523809526 0.7160493827160493 0.02430555555555556 0.2328042328042328
1 0.23685515873015855 0.6940035273368609 0.47172619047619013 0.29276895943562653
