5 0.858326 0.610501 0.006487 0.010175
6 0.6798691860465115 0.6046511627906977 0.03415697674418609 0.1447028423772611
3 0.612281976744186 0.5258397932816538 0.037063953488372124 0.13178294573643412
4 0.5370639534883721 0.8688630490956072 0.056686046511627876 0.161498708010336
4 0.4803779069767438 0.687984496124031 0.061046511627907474 0.16149870801033597
4 0.3208575581395349 0.6453488372093023 0.04433139534883725 0.16925064599483208
4 0.08321220930232558 0.7816537467700257 0.045784883720930224 0.16279069767441867
4 0.10864825581395349 0.6492248062015503 0.07776162790697676 0.14341085271317822
4 0.13154069767441862 0.46447028423772607 0.042151162790697666 0.12273901808785531
4 0.07630813953488373 0.49870801033591733 0.04215116279069768 0.11111111111111108
1 0.2841569767441858 0.5503875968992247 0.34593023255813926 0.12661498708010321
1 0.5784883720930231 0.7661498708010336 0.45494186046511603 0.2196382428940568
2 0.6253633720930235 0.54328165374677 0.092296511627907 0.1124031007751938
6 0.018168604651162792 0.44896640826873396 0.036337209302325583 0.12015503875968996
