5 0.6023592085235921 0.4918809201623816 0.012937595129375907 0.017591339648173304
3 0.7466051532033425 0.4331476323119777 0.0971448467966573 0.13091922005571036
2 0.8253394846796657 0.44846796657381616 0.09792827298050127 0.11420612813370483
6 0.9628307799442897 0.6671309192200557 0.07207520891364907 0.19498607242339838
4 0.36194289693593307 0.46030640668523676 0.04700557103064064 0.12116991643454035
4 0.25343837047353757 0.4818941504178273 0.044655292479108655 0.12256267409470752
4 0.28516713091922 0.5494428969359332 0.05640668523676883 0.1462395543175488
4 0.32316330083565453 0.5940111420612814 0.10419568245125348 0.16016713091922
4 0.23659470752089135 0.5745125348189416 0.05327298050139273 0.15459610027855156
4 0.09792827298050139 0.78899721448468 0.10811281337047349 0.2771587743732592
1 0.40542305013927576 0.4672701949860724 0.3689937325905292 0.12395543175487467
1 0.8002263231197766 0.709610027855153 0.3995473537604453 0.26880222841225654
