5 0.494865718799368 0.5962078651685393 0.01026856240126385 0.023876404494382015
6 0.8137400793650794 0.7358906525573192 0.04513888888888886 0.18783068783068785
1 0.826140873015871 0.42328042328042337 0.2733134920634917 0.11111111111111073
6 0.3950892857142857 0.34171075837742504 0.01636904761904766 0.0802469135802469
4 0.4853670634920635 0.49823633156966496 0.03422619047619051 0.08465608465608469
4 0.4399801587301587 0.6040564373897708 0.041666666666666644 0.11463844797178133
4 0.45287698412698413 0.6027336860670194 0.05555555555555557 0.11199294532627867
4 0.3000992063492064 0.48192239858906527 0.04563492063492067 0.09964726631393304
4 0.019345238095238096 0.507936507936508 0.034722222222222224 0.11816578483245145
0 0.2442956349206348 0.611552028218695 0.37648809523809507 0.20370370370370383
1 0.9595734126984122 0.6446208112874778 0.08085317460317372 0.17636684303350963
