5 0.286526 0.511544 0.00974 0.010101
4 0.9910714285714286 0.4559082892416225 0.01785714285714292 0.1252204585537919
4 0.9308035714285714 0.4572310405643739 0.05505952380952394 0.12962962962962954
4 0.6946924603174602 0.4814814814814815 0.037202380952380876 0.1252204585537919
6 0.564484126984127 0.4470899470899471 0.03571428571428584 0.10934744268077601
4 0.5300099206349206 0.46119929453262787 0.0500992063492064 0.10758377425044088
4 0.6297123015873016 0.5599647266313933 0.1294642857142857 0.11111111111111108
4 0.37524801587301587 0.5017636684303352 0.10069444444444453 0.10229276895943558
4 0.19469246031746024 0.7460317460317459 0.06696428571428552 0.17283950617283947
0 0.345486111111111 0.8487654320987653 0.5729166666666665 0.30070546737213405
