5 0.43799368088467616 0.7247191011235955 0.011848341232227498 0.022471910112359696
6 0.9005456349206349 0.8337742504409172 0.061011904761904816 0.14197530864197533
4 0.9375 0.5004409171075838 0.10714285714285722 0.16490299823633164
4 0.8938492063492063 0.14770723104056438 0.034722222222222286 0.10141093474426809
1 0.9412202380952376 0.12345679012345682 0.11755952380952368 0.14638447971781313
4 0.6185515873015873 0.25396825396825395 0.04464285714285723 0.09523809523809526
4 0.6899801587301587 0.4329805996472663 0.043650793650793676 0.1375661375661376
4 0.5796130952380952 0.4149029982363316 0.06795634920634931 0.14197530864197533
4 0.3402777777777778 0.3509700176366843 0.054563492063492126 0.126984126984127
4 0.08283730158730158 0.2416225749559083 0.08432539682539683 0.14462081128747795
4 0.33382936507936506 0.648589065255732 0.08928571428571423 0.15255731922398588
4 0.386656746031746 0.7447089947089947 0.04513888888888886 0.18606701940035278
0 0.42931547619047594 0.2605820105820105 0.33283730158730146 0.24955908289241613
