5 0.075081 0.598846 0.010552 0.01443
6 0.7318948412698413 0.15123456790123455 0.04613095238095241 0.10846560846560846
1 0.8487103174603178 0.28174603174603147 0.30257936507936467 0.145502645502645
4 0.9699900793650794 0.8399470899470899 0.060019841269841265 0.30776014109347427
4 0.648561507936508 0.37301587301587297 0.06696428571428563 0.18518518518518515
4 0.5327380952380952 0.24735449735449733 0.047619047619047665 0.13668430335097
3 0.4712301587301587 0.21825396825396823 0.04563492063492063 0.1349206349206349
2 0.46651785714285715 0.22266313932980597 0.10367063492063494 0.13315696649029982
4 0.5019841269841266 0.37522045855379177 0.06051587301587351 0.14726631393298045
4 0.25223214285714285 0.23897707231040563 0.035218253968253954 0.13932980599647266
4 0.13839285714285715 0.5577601410934744 0.060515873015873044 0.2231040564373899
4 0.13417658730158732 0.44488536155202824 0.05307539682539684 0.13315696649029982
1 0.41666666666666663 0.48897707231040577 0.5575396825396824 0.26190476190476214
