5 0.5975513428120063 0.6179775280898876 0.013428120063191145 0.019662921348314554
6 0.1919642857142857 0.19576719576719576 0.03670634920634921 0.11992945326278658
1 0.017857142857142856 0.2940917107583774 0.03571428571428571 0.10141093474426807
4 0.3876488095238095 0.36111111111111116 0.051091269841269805 0.13139329805996472
4 0.24082341269841273 0.537037037037037 0.04613095238095237 0.1728395061728395
4 0.722718253968254 0.38183421516754845 0.03670634920634924 0.13403880070546742
4 0.6584821428571429 0.4038800705467372 0.04613095238095248 0.11463844797178126
4 0.6465773809523809 0.5432098765432098 0.050099206349206254 0.13227513227513227
4 0.7046130952380955 0.4982363315696647 0.048115079365079486 0.15696649029982318
4 0.7497519841269841 0.5092592592592592 0.05505952380952394 0.14550264550264544
6 0.898313492063492 0.2416225749559083 0.030753968253968367 0.13580246913580246
4 0.9898313492063491 0.3390652557319224 0.020337301587301654 0.13492063492063494
4 0.9444444444444444 0.8844797178130511 0.07142857142857138 0.21340388007054656
0 0.7286706349206352 0.7314814814814823 0.5426587301587297 0.42416225749559183
