5 0.5045662100456622 0.3843031123139377 0.01065449010654497 0.013531799729364025
6 0.8650793650793651 0.24911816578483248 0.025793650793650896 0.11375661375661376
4 0.6086309523809524 0.28439153439153436 0.059523809523809416 0.09435626102292768
4 0.5746527777777778 0.36816578483245155 0.04712301587301582 0.13668430335097004
4 0.5357142857142857 0.3796296296296296 0.04960317460317469 0.14021164021164015
4 0.5052083333333333 0.3064373897707231 0.05406746031746032 0.1014109347442681
4 0.439484126984127 0.3835978835978836 0.10218253968253968 0.0776014109347443
4 0.3658234126984127 0.6657848324514991 0.11557539682539676 0.2222222222222222
4 0.31572420634920634 0.5158730158730159 0.14732142857142858 0.16402116402116407
6 0.298859126984127 0.26807760141093473 0.03422619047619047 0.11816578483245152
1 0.1485615079365079 0.3214285714285712 0.2971230158730158 0.11552028218694912
0 0.818700396825396 0.5758377425044092 0.36259920634920595 0.27336860670194035
6 0.13392857142857142 0.8774250440917108 0.09722222222222224 0.24514991181657833
