5 0.5551750380517504 0.46143437077131255 0.0068493150684932405 0.013531799729363954
3 0.7542162698412699 0.503968253968254 0.045138888888889 0.22310405643738973
2 0.8333333333333335 0.5392416225749559 0.1349206349206348 0.18959435626102292
6 0.5151289682539683 0.39241622574955914 0.03323412698412703 0.19400352733686066
4 0.6215277777777779 0.359347442680776 0.06150793650793652 0.14021164021164026
4 0.6369047619047618 0.6208112874779542 0.07936507936507939 0.24162257495590808
4 0.5620039682539679 0.5917107583774255 0.11011904761904702 0.25044091710758387
4 0.6302083333333333 0.5105820105820106 0.05307539682539691 0.2257495590828924
4 0.6840277777777776 0.524691358024691 0.08928571428571475 0.2169312169312169
4 0.4417162698412698 0.5291005291005291 0.056051587301587345 0.24162257495590836
4 0.4873511904761905 0.4611992945326279 0.051091269841269805 0.2222222222222223
4 0.04141865079365079 0.5674603174603174 0.06994047619047619 0.22663139329806
1 0.2495039682539681 0.5767195767195754 0.4990079365079362 0.19929453262786673
1 0.7162698412698413 0.8703703703703706 0.5674603174603174 0.25925925925925913
