5 0.26756500000000005 0.649964 0.007856 0.013407
6 0.7633928571428572 0.4285714285714286 0.04563492063492063 0.16049382716049387
4 0.9513888888888888 0.46208112874779544 0.03571428571428569 0.17107583774250443
4 0.8958333333333333 0.6547619047619048 0.08234126984126988 0.20017636684303347
4 0.9151785714285714 0.7473544973544974 0.1607142857142857 0.22310405643738973
4 0.6577380952380952 0.6552028218694885 0.09821428571428577 0.18871252204585537
3 0.3834325396825397 0.6097883597883598 0.038690476190476206 0.21075837742504405
2 0.34697420634920634 0.6283068783068783 0.11954365079365083 0.1913580246913581
1 0.8120039682539679 0.6441798941798946 0.37499999999999967 0.19841269841269876
1 0.4357638888888888 0.9104938271604932 0.7098214285714284 0.1790123456790111
4 0.7405753968253974 0.9426807760141093 0.05952380952380932 0.1146384479717813
4 0.9546130952380952 0.9651675485008817 0.09077380952380949 0.06966490299823633
