5 0.495608 0.617812 0.00554 0.006331
4 0.1492426880222841 0.6727019498607243 0.055623259052924805 0.18662952646239553
6 0.012926532033426186 0.9143454038997217 0.025853064066852373 0.17130919220055676
6 0.6576862813370474 0.9498607242339833 0.03995473537604461 0.09470752089136497
4 0.7595316852367688 0.5174094707520891 0.04778899721448468 0.14345403899721446
4 0.7097841225626741 0.7423398328690809 0.08304317548746497 0.16713091922005574
0 0.9683147632311977 0.9101671309192202 0.06110724233983291 0.17130919220055701
4 0.6149895543175486 0.6413649025069637 0.07520891364902503 0.13231197771587738
4 0.6345752089136489 0.5661559888579387 0.053272980501392696 0.12116991643454028
4 0.6592531337047354 0.5013927576601671 0.05875696378830092 0.13091922005571027
4 0.5777768105849581 0.5348189415041783 0.054056406685236806 0.11420612813370483
4 0.49865076601671304 0.5076601671309192 0.066591225626741 0.1183844011142061
1 0.20604108635097468 0.6190807799442901 0.4073816155988853 0.1768802228412256
1 0.042696727019498615 0.9178272980501379 0.08539345403899722 0.15598885793871844
