5 0.38555200000000006 0.7878790000000001 0.016234 0.011544
6 0.5642361111111112 0.2685185185185185 0.04117063492063501 0.1507936507936508
4 0.8412698412698413 0.4126984126984127 0.06944444444444443 0.17460317460317462
1 0.7514880952380952 0.4528218694885362 0.49702380952380937 0.16490299823633187
4 0.5768849206349206 0.4920634920634921 0.08333333333333343 0.18342151675485013
4 0.3993055555555556 0.47663139329806 0.06150793650793652 0.1913580246913581
4 0.45510912698412703 0.6318342151675488 0.07986111111111102 0.20723104056437386
4 0.2380952380952381 0.6948853615520282 0.09920634920634921 0.2504409171075838
4 0.34672619047619047 0.43209876543209874 0.058531746031746046 0.16402116402116398
4 0.3023313492063492 0.4832451499118166 0.04910714285714285 0.17460317460317454
3 0.2326388888888889 0.4157848324514991 0.0744047619047619 0.1261022927689595
2 0.21800595238095238 0.3955026455026454 0.13144841269841273 0.1613756613756613
1 0.24950396825396837 0.7380952380952374 0.4990079365079367 0.32275132275132246
