5 0.435577 0.6243109999999998 0.005769 0.007597
4 0.7703373015873015 0.5590828924162257 0.06547619047619051 0.13403880070546742
6 0.7318948412698413 0.9484126984126984 0.05902777777777786 0.09788359788359799
4 0.6378968253968255 0.558641975308642 0.046626984126984114 0.12257495590828923
4 0.6121031746031746 0.5943562610229277 0.042658730158730125 0.14991181657848324
4 0.554811507936508 0.5590828924162258 0.07390873015873012 0.10758377425044088
4 0.5163690476190476 0.6111111111111112 0.0436507936507936 0.10582010582010583
4 0.5711805555555555 0.7372134038800705 0.060019841269841265 0.18342151675485013
4 0.4992559523809524 0.5670194003527337 0.0431547619047619 0.1534391534391534
4 0.20957341269841268 0.6538800705467372 0.05704365079365076 0.16137566137566148
6 0.02628968253968254 0.8686067019400352 0.044642857142857144 0.255731922398589
1 0.12772817460317462 0.8955026455026452 0.25545634920634924 0.2089947089947094
1 0.32341269841269804 0.6053791887125223 0.4394841269841266 0.16843033509700173
