5 0.746528 0.641365 0.006487 0.01221
3 0.6398809523809524 0.4585537918871252 0.08035714285714285 0.1164021164021164
2 0.6686507936507937 0.4400352733686067 0.10019841269841265 0.14285714285714285
4 0.8606150793650794 0.6931216931216931 0.07738095238095241 0.21869488536155196
4 0.7207341269841271 0.6719576719576719 0.06944444444444443 0.17813051146384468
4 0.5386904761904762 0.5440917107583774 0.0625 0.18165784832451493
4 0.4866071428571429 0.5608465608465609 0.06150793650793652 0.181657848324515
4 0.4407242063492064 0.6569664902998236 0.07688492063492064 0.1604938271604938
4 0.3715277777777779 0.5379188712522045 0.07440476190476161 0.14814814814814808
4 0.37624007936507936 0.4171075837742504 0.04613095238095241 0.11816578483245145
1 0.21825396825396823 0.4506172839506173 0.43650793650793646 0.15873015873015872
1 0.5967261904761907 0.7394179894179902 0.6061507936507932 0.28130511463844726
