5 0.41448100000000004 0.524907 0.005828 0.008202
4 0.816468253968254 0.5145502645502645 0.11507936507936506 0.10846560846560856
4 0.6701388888888888 0.6622574955908288 0.10119047619047614 0.12169312169312164
4 0.45138888888888895 0.4744268077601411 0.0625 0.11463844797178133
4 0.36433531746031744 0.48677248677248675 0.08581349206349202 0.10582010582010583
4 0.2777777777777778 0.8082010582010583 0.11011904761904759 0.15784832451499115
4 0.1919642857142857 0.5476190476190476 0.09722222222222225 0.1252204585537919
1 0.7797619047619047 0.5877425044091712 0.4077380952380952 0.14373897707231037
1 0.9216269841269842 0.8725749559082897 0.15674603174603144 0.230158730158731
0 0.07068452380952382 0.858906525573193 0.14136904761904764 0.21340388007054684
