5 0.8928569999999999 0.47619 0.006494 0.011544
2 0.1265233286908078 0.30779944289693595 0.09166086350974931 0.11977715877437327
4 0.141800139275766 0.34958217270194986 0.03447075208913649 0.11977715877437323
4 0.16647806406685234 0.33008356545961 0.03212047353760445 0.10584958217270195
4 0.2373781337047354 0.3565459610027855 0.05483983286908081 0.10863509749303621
4 0.285558844011142 0.3934540389972146 0.09009401114206138 0.13231197771587727
4 0.6600365598885793 0.31197771587743733 0.0775591922005571 0.11977715877437327
4 0.6192983983286908 0.4352367688022284 0.05092270194986071 0.11281337047353766
4 0.6717879526462395 0.4401114206128134 0.08382660167130915 0.11699164345403901
4 0.5268541086350974 0.7075208913649026 0.1496344011142061 0.2061281337047354
4 0.6510271587743732 0.8495821727019498 0.0877437325905293 0.23119777158774368
6 0.9870734679665739 0.9554317548746516 0.02585306406685234 0.08913649025069645
1 0.49551706128133743 0.3189415041782731 0.34235724233983317 0.1364902506963787
1 0.17783774373259043 0.5745125348189412 0.35567548746518085 0.26601671309192093
