5 0.8017377567140599 0.6165730337078652 0.01895734597156391 0.02528089887640448
6 0.5719011142061281 0.39972144846796653 0.029770194986072484 0.10027855153203341
6 0.7325034818941508 0.9686629526462391 0.04857242339832864 0.06267409470751972
4 0.6870647632311977 0.6706128133704736 0.0564066852367688 0.12674094707520886
4 0.6384923398328691 0.5772980501392757 0.10027855153203355 0.12395543175487468
4 0.5527071727019498 0.5759052924791086 0.10576253481894149 0.1183844011142061
4 0.2072162256267409 0.47284122562674097 0.071291782729805 0.10167130919220049
4 0.1073293871866295 0.46587743732590525 0.056406685236768776 0.10167130919220049
4 0.020369080779944287 0.5417827298050139 0.03917130919220055 0.11977715877437327
1 0.141800139275766 0.5139275766016713 0.283600278551532 0.13370473537604455
0 0.831606894150417 0.7764623955431753 0.33608983286908106 0.27994428969359336
