5 0.470283 0.533221 0.00277 0.006683
4 0.9124503968253969 0.5202821869488536 0.047123015873015955 0.09700176366843039
1 0.8521825396825391 0.5956790123456791 0.2956349206349202 0.14550264550264536
4 0.7197420634920636 0.6812169312169313 0.04563492063492072 0.14021164021164015
4 0.523313492063492 0.48236331569664903 0.046626984126984045 0.09700176366843039
4 0.4330357142857143 0.47883597883597884 0.029761904761904816 0.10582010582010583
4 0.23040674603174602 0.5348324514991182 0.03422619047619047 0.12257495590828923
6 0.2837301587301587 0.47310405643738973 0.02976190476190478 0.11728395061728399
4 0.324156746031746 0.7914462081128747 0.050099206349206324 0.17372134038800696
0 0.13616071428571427 0.8575837742504411 0.27232142857142855 0.24603174603174593
