5 0.6156773211567733 0.4864682002706359 0.01065449010654497 0.014884979702300427
3 0.7442956349206349 0.45370370370370366 0.0838293650793652 0.12257495590828917
2 0.8107638888888888 0.45105820105820094 0.1096230158730159 0.12257495590828942
6 0.9642857142857143 0.6728395061728395 0.07142857142857138 0.20634920634920634
4 0.3754960317460318 0.46913580246913583 0.04960317460317462 0.12345679012345684
4 0.33407738095238093 0.5912698412698413 0.1026785714285715 0.15608465608465616
4 0.30282738095238093 0.5537918871252204 0.05902777777777778 0.13403880070546734
4 0.25 0.5793650793650793 0.05654761904761905 0.1604938271604938
4 0.2619047619047619 0.5008818342151675 0.05357142857142854 0.13227513227513227
4 0.2767857142857143 0.4753086419753086 0.033730158730158735 0.12522045855379196
4 0.11855158730158731 0.7791005291005291 0.1259920634920635 0.27777777777777773
1 0.38963293650793657 0.4801587301587303 0.3913690476190476 0.1331569664903
1 0.7953869047619042 0.7270723104056434 0.40922619047619013 0.2724867724867721
