5 0.5582191780821918 0.719891745602165 0.015981735159817205 0.021650879566982438
4 0.867311507936508 0.5321869488536155 0.11359126984126988 0.13315696649029987
4 0.7078373015873016 0.451058201058201 0.05357142857142861 0.11904761904761905
4 0.6200396825396826 0.37918871252204583 0.06547619047619051 0.10758377425044095
4 0.7529761904761905 0.7949735449735451 0.1617063492063491 0.1913580246913581
4 0.5783730158730159 0.8575837742504411 0.13988095238095247 0.1825396825396824
4 0.519593253968254 0.6274250440917107 0.06696428571428577 0.13668430335097007
4 0.25992063492063494 0.30776014109347444 0.032738095238095254 0.08641975308641978
6 0.6031746031746031 0.23633156966490299 0.041666666666666644 0.10405643738977073
4 0.04588293650793651 0.5736331569664903 0.059027777777777776 0.18959435626102292
4 0.038938492063492064 0.7336860670194004 0.06994047619047619 0.17813051146384482
1 0.20188492063492067 0.2879188712522047 0.2996031746031746 0.12786596119929425
1 0.06274801587301587 0.5476190476190473 0.12549603174603174 0.21516754850088177
0 0.8127480158730159 0.5092592592592591 0.3715277777777778 0.23544973544973571
