5 0.578734 0.583694 0.021104 0.015873
3 0.020760793871866294 0.4178272980501393 0.03212047353760446 0.10306406685236766
4 0.282816852367688 0.49303621169916434 0.034470752089136525 0.11699164345403901
4 0.3125870473537604 0.5132311977715878 0.03603760445682443 0.09052924791086354
4 0.42853412256267404 0.7005571030640669 0.09087743732590532 0.15320334261838447
4 0.7520891364902507 0.435933147632312 0.026636490250696455 0.10584958217270199
4 0.8222057799442897 0.4672701949860725 0.08225974930362114 0.12395543175487468
4 0.9600887883008354 0.49582172701949856 0.06502437325905291 0.12256267409470759
1 0.3106284818941504 0.4143454038997214 0.27184888579387184 0.10445682451253482
1 0.09166086350974928 0.6469359331476323 0.18332172701949856 0.21866295264623953
0 0.8660341225626743 0.7026462395543178 0.26793175487465143 0.28551532033426247
