5 0.4939259999999999 0.6067320000000002 0.006133 0.007386
4 0.12574404761904762 0.6962081128747795 0.050099206349206345 0.19488536155202824
1 0.18452380952380942 0.615520282186949 0.36904761904761885 0.17460317460317454
4 0.48164682539682535 0.4995590828924162 0.05555555555555557 0.12081128747795418
4 0.5749007936507937 0.5132275132275133 0.042658730158730125 0.10758377425044088
4 0.6369047619047619 0.5595238095238095 0.0436507936507936 0.10846560846560842
4 0.6629464285714286 0.4995590828924162 0.0500992063492064 0.12257495590828923
4 0.7529761904761905 0.5216049382716049 0.043650793650793676 0.12962962962962968
4 0.6197916666666667 0.6552028218694886 0.060019841269841265 0.14462081128747797
4 0.7311507936507937 0.7548500881834215 0.05555555555555543 0.18165784832451493
6 0.6388888888888888 0.9567901234567902 0.04464285714285715 0.08465608465608469
0 0.9536210317460317 0.9038800705467372 0.09275793650793646 0.1851851851851852
1 0.024553571428571428 0.9343033509700176 0.049107142857142856 0.12786596119929441
