5 0.49526066350710907 0.5252808988764045 0.011058451816745744 0.016853932584269628
3 0.11135912698412699 0.6402116402116402 0.05406746031746032 0.16931216931216939
2 0.0587797619047619 0.650793650793651 0.1175595238095238 0.18342151675484977
6 0.078125 0.5282186948853616 0.036210317460317464 0.17989417989417994
4 0.23363095238095238 0.496031746031746 0.06349206349206347 0.12257495590828923
4 0.2698412698412698 0.503968253968254 0.06845238095238092 0.1455026455026455
4 0.31572420634920634 0.5868606701940036 0.06597222222222225 0.1807760141093474
4 0.39285714285714285 0.5709876543209876 0.07142857142857138 0.15784832451499128
4 0.47048611111111116 0.533068783068783 0.0620039682539683 0.12962962962962968
4 0.5007440476190476 0.45634920634920634 0.04910714285714292 0.12081128747795411
4 0.7767857142857143 0.5502645502645502 0.07043650793650784 0.1710758377425045
4 0.9598214285714286 0.8932980599647266 0.076388888888889 0.21340388007054684
4 0.4925595238095238 0.7310405643738977 0.07341269841269842 0.20811287477954138
1 0.5982142857142851 0.6543209876543203 0.506944444444444 0.19223985890652606
1 0.21825396825396823 0.9175485008818339 0.43650793650793646 0.1649029982363318
