5 0.39533965244865726 0.5702247191011236 0.013428120063191145 0.019662921348314627
6 0.6706128133704735 0.21657381615598886 0.023502785515320285 0.09052924791086352
6 0.12260619777158772 0.5515320334261838 0.0430884401114206 0.11977715877437319
1 0.17431232590529244 0.2743732590529248 0.3204213091922005 0.15320334261838453
1 0.022327646239554303 0.571727019498607 0.044655292479108606 0.1852367688022283
4 0.3733025766016712 0.4860724233983287 0.06659122562674093 0.1364902506963788
4 0.5057016016713092 0.26114206128133705 0.060323816155988794 0.08495821727019504
4 0.5922701949860724 0.3934540389972145 0.05954038997214497 0.1183844011142061
4 0.7556145543175486 0.43175487465181056 0.08382660167130922 0.12256267409470752
4 0.9291434540389971 0.4387186629526462 0.06580779944289689 0.10863509749303617
4 0.8860550139275765 0.31824512534818944 0.042305013927576594 0.13231197771587744
4 0.8613770891364902 0.27298050139275765 0.0462221448467966 0.08913649025069635
4 0.7896935933147631 0.7688022284122563 0.0830431754874651 0.11977715877437334
0 0.8190720752089138 0.6650417827298046 0.3611594707520892 0.3467966573816158
