5 0.259916 0.6330129999999999 0.007679 0.014245
6 0.7599233983286908 0.431058495821727 0.05170612813370482 0.16016713091922014
3 0.3658600278551532 0.5967966573816156 0.042305013927576594 0.19359331476323122
2 0.33569811977715874 0.6364902506963789 0.12143105849582167 0.1810584958217271
4 0.6741382311977716 0.6643454038997214 0.10262883008356553 0.18105849582172703
4 0.9538213788300834 0.4630919220055711 0.03995473537604454 0.16573816155988857
4 0.9005483983286908 0.6580779944289694 0.07129178272980496 0.20752089136490262
4 0.9792827298050139 0.745125348189415 0.03760445682451248 0.20055710306406682
4 0.7544394150417827 0.9373259052924792 0.05013927576601674 0.11420612813370468
1 0.8057103064066851 0.6420612813370474 0.3885793871866289 0.20055710306406677
1 0.41991643454038974 0.910167130919219 0.6831476323119773 0.17966573816156003
