5 0.86761 0.667142 0.009793 0.013454
6 0.3829365079365079 0.2940917107583774 0.05456349206349202 0.1843033509700176
6 0.4826388888888888 0.615961199294532 0.0505952380952378 0.2354497354497353
3 0.5243055555555556 0.38932980599647266 0.05357142857142861 0.16490299823633162
2 0.5414186507936507 0.37918871252204583 0.11458333333333336 0.17107583774250437
4 0.47048611111111116 0.43033509700176364 0.060019841269841334 0.13403880070546742
4 0.7209821428571428 0.568342151675485 0.09176587301587304 0.15608465608465608
4 0.7418154761904762 0.6186067019400353 0.07787698412698418 0.18253968253968253
4 0.4305555555555556 0.6000881834215167 0.07043650793650798 0.19841269841269843
4 0.3687996031746031 0.6181657848324514 0.06299603174603176 0.23104056437389756
4 0.2599206349206349 0.63668430335097 0.07936507936507936 0.22398589065255742
4 0.203125 0.5520282186948853 0.05406746031746032 0.20282186948853614
4 0.047619047619047616 0.44841269841269843 0.07242063492063493 0.18430335097001774
1 0.13516865079365079 0.39991181657848307 0.27033730158730157 0.15961199294532652
1 0.4486607142857136 0.7253086419753089 0.6582341269841259 0.3148148148148157
