5 0.7812006319115323 0.6931179775280899 0.015797788309636615 0.02106741573033702
6 0.44816468253968256 0.2654320987654321 0.028273809523809562 0.08289241622574955
1 0.9325396825396826 0.3624338624338625 0.13492063492063494 0.11992945326278662
4 0.7425595238095238 0.603615520282187 0.05555555555555557 0.1261022927689593
4 0.5758928571428571 0.49118165784832457 0.05059523809523803 0.11463844797178133
4 0.4223710317460318 0.291005291005291 0.028273809523809562 0.09347442680776016
4 0.3618551587301587 0.3522927689594356 0.052083333333333356 0.08730158730158735
4 0.265625 0.2865961199294532 0.030257936507936522 0.07760141093474428
4 0.12648809523809523 0.45017636684303347 0.048611111111111105 0.13668430335097
4 0.10044642857142858 0.6058201058201058 0.05208333333333333 0.14991181657848324
4 0.25520833333333337 0.7513227513227513 0.07093253968253972 0.18342151675485013
4 0.48338293650793646 0.8668430335097003 0.06398809523809511 0.17989417989417988
0 0.3635912698412692 0.5365961199294536 0.3839285714285709 0.2001763668430338
