5 0.4021429999999999 0.582562 0.007011 0.00831
4 0.8774801587301587 0.6062610229276896 0.04563492063492078 0.1772486772486773
4 0.6763392857142858 0.5643738977072311 0.05704365079365076 0.15696649029982368
4 0.6937003968253967 0.6384479717813051 0.04414682539682545 0.20458553791887127
4 0.7239583333333335 0.6626984126984127 0.041170634920634795 0.20370370370370375
4 0.5815972222222222 0.6353615520282188 0.04910714285714277 0.17901234567901242
1 0.8033234126984128 0.6186067019400354 0.3933531746031745 0.17548500881834228
4 0.527281746031746 0.5308641975308642 0.039682539682539826 0.1463844797178131
4 0.49875992063492064 0.5383597883597884 0.034226190476190584 0.12962962962962962
3 0.43105158730158727 0.5925925925925927 0.0505952380952381 0.13756613756613753
2 0.34871031746031744 0.6062610229276896 0.1011904761904762 0.15784832451499115
4 0.2710813492063492 0.832010582010582 0.0699404761904762 0.27601410934744264
4 0.4883432539682539 0.667989417989418 0.046130952380952335 0.1843033509700176
1 0.43278769841269804 0.8866843033509703 0.6354166666666663 0.22663139329805962
