5 0.8908280000000001 0.47979799999999995 0.007305000000000001 0.010101
3 0.17435515873015872 0.32275132275132273 0.03918650793650793 0.11992945326278658
4 0.1440972222222222 0.3447971781305115 0.035218253968253975 0.13227513227513227
2 0.12400793650793653 0.3082010582010582 0.07242063492063495 0.12433862433862437
4 0.24280753968253968 0.34832451499118167 0.04414682539682541 0.11111111111111115
4 0.2693452380952381 0.3910934744268077 0.053571428571428575 0.11552028218694893
4 0.640625 0.3068783068783069 0.04017857142857139 0.11816578483245156
4 0.6225198412698413 0.4223985890652557 0.04464285714285723 0.11463844797178126
4 0.6577380952380952 0.4272486772486772 0.04067460317460323 0.10670194003527335
4 0.4880952380952381 0.7001763668430335 0.07638888888888885 0.19929453262786587
4 0.6545138888888888 0.849647266313933 0.09176587301587297 0.24250440917107582
1 0.4920634920634921 0.316137566137566 0.3472222222222222 0.1366843033509699
1 0.18030753968253962 0.5692239858906527 0.36061507936507925 0.274250440917108
6 0.9851190476190476 0.9497354497354497 0.028769841269841265 0.09700176366843025
