5 0.49238964992389656 0.5 0.012176560121765547 0.01217861975642755
6 0.32638888888888884 0.2671957671957672 0.027777777777777787 0.10582010582010586
4 0.8891369047619048 0.283068783068783 0.0947420634920634 0.13932980599647263
1 0.8849206349206349 0.3514109347442681 0.23015873015873012 0.12610229276895943
4 0.5181051587301587 0.37301587301587297 0.08581349206349209 0.12522045855379185
4 0.5441468253968255 0.43209876543209874 0.12400793650793637 0.14109347442680778
4 0.6401289682539683 0.6031746031746031 0.14335317460317462 0.18871252204585537
4 0.6351686507936507 0.7358906525573192 0.060019841269841265 0.21428571428571416
4 0.2336309523809524 0.41313932980599644 0.04960317460317462 0.15608465608465608
4 0.26785714285714285 0.6878306878306879 0.10119047619047616 0.2116402116402117
4 0.03571428571428572 0.7292768959435627 0.06746031746031746 0.2504409171075838
0 0.19742063492063494 0.6327160493827161 0.39087301587301587 0.3042328042328043
