5 0.46590899999999996 0.554113 0.008117 0.01443
3 0.6956845238095238 0.6084656084656085 0.05406746031746024 0.253968253968254
2 0.7770337301587301 0.6406525573192241 0.16914682539682546 0.22134038800705455
4 0.6309523809523809 0.45502645502645506 0.056547619047619124 0.1940035273368607
4 0.6108630952380942 0.45061728395061723 0.06200396825396823 0.19047619047619035
4 0.5461309523809524 0.49779541446208114 0.0813492063492064 0.15432098765432095
4 0.4384920634920635 0.6507936507936507 0.08035714285714292 0.20282186948853614
4 0.25644841269841273 0.6851851851851852 0.10515873015873016 0.2063492063492064
4 0.2904265873015873 0.5670194003527337 0.06894841269841273 0.2186948853615521
6 0.24553571428571427 0.4241622574955909 0.0555555555555555 0.19047619047619058
1 0.1949404761904759 0.698412698412698 0.3898809523809518 0.2821869488536154
1 0.7167658730158734 0.9453262786596125 0.5664682539682535 0.10934744268077515
