5 0.142451 0.740981 0.010552 0.010101
6 0.37996031746031744 0.455026455026455 0.038690476190476206 0.14638447971781304
3 0.6279761904761905 0.46252204585537926 0.04662698412698418 0.14373897707231045
2 0.6215277777777777 0.46119929453262787 0.09523809523809518 0.16225749559082892
4 0.6855158730158729 0.4863315696649031 0.07738095238095265 0.1596119929453263
4 0.7321428571428572 0.49647266313932975 0.05555555555555557 0.16402116402116398
4 0.9682539682539684 0.7345679012345678 0.05952380952380949 0.1887125220458553
4 0.5002480158730158 0.6331569664902998 0.08779761904761905 0.13932980599647274
4 0.4131944444444444 0.6150793650793651 0.07837301587301589 0.17019400352733682
1 0.6049107142857142 0.7835097001763668 0.6096230158730158 0.33068783068783064
1 0.9335317460317458 0.511904761904762 0.13293650793650766 0.1684303350970016
