5 0.24066599999999996 0.642857 0.008929 0.007215
3 0.40542305013927576 0.6385793871866295 0.08696030640668524 0.1545961002785515
2 0.3666434540389972 0.6288300835654596 0.13788300835654596 0.17966573816155992
4 0.4273589832869081 0.5334261838440112 0.08539345403899723 0.1337047353760446
4 0.3176793175487465 0.5550139275766017 0.05092270194986078 0.14902506963788298
4 0.5452646239554316 0.6155988857938719 0.07677576601671313 0.20055710306406682
4 0.6702211002785515 0.5334261838440112 0.06815807799442894 0.17827298050139284
4 0.6404509052924791 0.6796657381615598 0.09009401114206128 0.22005571030640658
4 0.8088875348189414 0.786908077994429 0.07755919220055717 0.22005571030640667
4 0.7983112813370474 0.6065459610027856 0.09244428969359333 0.20194986072423382
4 0.5766016713091923 0.9366295264623955 0.07990947075208908 0.12674094707520894
1 0.3682103064066852 0.9254874651810582 0.7364206128133703 0.1490250696378822
1 0.8487987465181057 0.684540389972145 0.3024025069637881 0.24930362116991617
