5 0.28846200000000005 0.667854 0.0069440000000000005 0.008547
6 0.7690972222222223 0.42107583774250446 0.04712301587301582 0.156084656084656
4 0.9384920634920636 0.44973544973544977 0.04166666666666671 0.16049382716049387
4 0.8772321428571428 0.6428571428571429 0.05009920634920647 0.1763668430335097
4 0.900297619047619 0.7442680776014109 0.0634920634920634 0.19576719576719584
1 0.824156746031746 0.646384479717813 0.3477182539682539 0.1957671957671957
4 0.6160714285714286 0.6569664902998237 0.06051587301587297 0.16402116402116412
4 0.7251984126984127 0.9263668430335096 0.05654761904761898 0.1384479717813052
4 0.9005456349206348 0.9413580246913581 0.07490079365079377 0.11022927689594363
1 0.46453373015873 0.9087301587301585 0.7137896825396823 0.1825396825396826
3 0.3980654761904762 0.6071428571428571 0.04613095238095241 0.20723104056437386
1 0.3675595238095238 0.6327160493827161 0.11805555555555554 0.1772486772486772
