5 0.502034 0.5380229999999999 0.005547 0.00767
6 0.3660714285714286 0.4638447971781305 0.028769841269841195 0.11992945326278664
4 0.4335317460317461 0.4850088183421517 0.06547619047619044 0.11111111111111115
4 0.5349702380952381 0.4885361552028219 0.06894841269841265 0.11992945326278664
4 0.2996031746031746 0.541005291005291 0.08829365079365083 0.1313932980599647
4 0.34871031746031744 0.7663139329805998 0.05952380952380953 0.162257495590829
4 0.7026289682539683 0.6750440917107583 0.14236111111111113 0.15432098765432095
4 0.9255952380952382 0.5304232804232805 0.111111111111111 0.09788359788359799
0 0.17435515873015872 0.850970017636684 0.34871031746031744 0.25749559082892476
1 0.8898809523809519 0.6044973544973545 0.22023809523809504 0.1507936507936506
