5 0.436603 0.591846 0.005914 0.008479
6 0.26413690476190477 0.8284832451499118 0.07390873015873016 0.26895943562610225
1 0.3883928571428572 0.8818342151675488 0.6220238095238098 0.23633156966490249
3 0.40054563492063494 0.5987654320987654 0.055059523809523794 0.13403880070546734
2 0.3117559523809524 0.603615520282187 0.09970238095238092 0.1578483245149912
4 0.53125 0.5405643738977072 0.05555555555555557 0.11111111111111115
4 0.5409226190476191 0.5282186948853616 0.04513888888888886 0.13051146384479723
4 0.5726686507936507 0.6640211640211641 0.050099206349206254 0.17813051146384487
4 0.4756944444444444 0.6710758377425045 0.06051587301587297 0.17460317460317448
4 0.6837797619047621 0.564373897707231 0.05406746031746039 0.13756613756613767
4 0.7046130952380952 0.6335978835978837 0.046130952380952266 0.18783068783068793
4 0.7375992063492063 0.6503527336860668 0.03769841269841308 0.20370370370370286
4 0.8824404761904762 0.6027336860670194 0.04067460317460316 0.1649029982363315
1 0.7819940476190479 0.6164021164021163 0.43601190476190427 0.17460317460317487
