5 0.434253 0.654401 0.016234 0.018759
4 0.3244047619047619 0.431657848324515 0.04166666666666671 0.11552028218694886
4 0.23933531746031747 0.4916225749559083 0.050099206349206366 0.1313932980599647
4 0.24702380952380956 0.58994708994709 0.057539682539682564 0.16931216931216939
4 0.5270337301587298 0.6781305114638448 0.08482142857142935 0.14109347442680764
4 0.5037202380952381 0.5824514991181657 0.05406746031746024 0.14021164021164012
4 0.5394345238095238 0.49470899470899465 0.0500992063492064 0.13227513227513227
4 0.6371527777777778 0.48500881834215165 0.042162698412698346 0.14109347442680778
4 0.9352678571428572 0.5454144620811288 0.08085317460317455 0.14021164021164018
1 0.37797619047619035 0.6203703703703701 0.4821428571428571 0.18783068783068718
1 0.09623015873015872 0.9060846560846559 0.19246031746031744 0.18783068783068763
