5 0.7245053272450533 0.5040595399188093 0.009132420091324178 0.014884979702300427
4 0.9248511904761905 0.7160493827160493 0.06597222222222228 0.25573192239858905
4 0.8611111111111112 0.5590828924162257 0.05753968253968239 0.18871252204585537
4 0.6088789682539683 0.4215167548500882 0.03323412698412703 0.12522045855379182
4 0.6279761904761905 0.41005291005291006 0.019841269841269805 0.14109347442680772
4 0.5615079365079365 0.45370370370370366 0.05853174603174608 0.12610229276895943
4 0.5094246031746031 0.43871252204585537 0.04067460317460316 0.13668430335097
4 0.47048611111111116 0.49029982363315694 0.04910714285714285 0.14285714285714285
4 0.5262896825396826 0.43253968253968256 0.042658730158730195 0.13139329805996475
4 0.34647817460317465 0.6080246913580247 0.0600198412698413 0.20546737213403873
3 0.09945436507936507 0.5798059964726632 0.05109126984126984 0.16843033509700184
2 0.04861111111111109 0.5947971781305115 0.09722222222222218 0.17724867724867713
1 0.610863095238095 0.623015873015872 0.5044642857142854 0.17019400352733663
1 0.16889880952380948 0.8875661375661363 0.33779761904761896 0.22486772486772533
