5 0.433964 0.589472 0.004579 0.006331
3 0.39406337047353757 0.5919220055710306 0.042305013927576594 0.1337047353760446
2 0.3168958913649025 0.6030640668523677 0.09949512534818936 0.1476323119777159
6 0.26636490250696376 0.8272980501392757 0.07520891364902503 0.27298050139275776
4 0.49747562674094703 0.6713091922005572 0.08461002785515319 0.17827298050139276
4 0.5797353760445682 0.6580779944289694 0.05797353760445674 0.17688022284122573
4 0.5107938718662952 0.5285515320334262 0.07990947075208915 0.14623955431754873
4 0.5433060584958216 0.5264623955431754 0.033687325905292484 0.1364902506963788
4 0.6776636490250696 0.5536211699164345 0.06267409470752085 0.1350974930362117
4 0.7027332869080779 0.6392757660167131 0.04387186629526468 0.1671309192200556
4 0.7387708913649024 0.6511142061281336 0.03603760445682468 0.19637883008356552
4 0.8817461699164345 0.6044568245125348 0.044655292479108655 0.16434540389972135
1 0.780858286908078 0.6079387186629527 0.43828342618384425 0.17130919220055701
1 0.3975887883008354 0.8809192200557098 0.6212569637883004 0.23816155988857932
