5 0.6198630136986302 0.6982408660351827 0.012937595129375978 0.01623815967523683
6 0.3149373259052925 0.3941504178272981 0.039171309192200604 0.12813370473537603
3 0.13592444289693592 0.6030640668523677 0.052489554317548724 0.1114206128133705
2 0.05092270194986072 0.6002785515320334 0.10184540389972144 0.16155988857938725
4 0.1864554317548746 0.5807799442896936 0.02820334261838436 0.16713091922005568
4 0.2268018802228412 0.5661559888579387 0.03212047353760447 0.1406685236768803
4 0.26558147632311974 0.5591922005571031 0.03290389972144844 0.12116991643454028
4 0.2463875348189415 0.5403899721448469 0.043088440111420566 0.16155988857938716
4 0.4065981894150418 0.5912256267409471 0.0564066852367688 0.1350974930362117
4 0.5096187325905293 0.5675487465181058 0.07442548746518106 0.13231197771587744
4 0.5879613509749303 0.6072423398328691 0.11046309192200553 0.12534818941504178
4 0.6764885097493035 0.6225626740947076 0.0916608635097493 0.15598885793871864
4 0.7885184540389971 0.5988857938718662 0.09636142061281347 0.11699164345403908
1 0.5248955431754874 0.5835654596100278 0.43871866295264617 0.14484679665738148
1 0.21583391364902493 0.8732590529247907 0.4316678272980498 0.25348189415041716
