5 0.6469194312796209 0.7373595505617976 0.011058451816745673 0.0168539325842697
3 0.4858630952380952 0.4285714285714286 0.0481150793650793 0.1569664902998236
2 0.49479166666666663 0.4360670194003527 0.10069444444444443 0.13492063492063494
6 0.1130952380952381 0.3236331569664903 0.038690476190476206 0.14109347442680775
4 0.5907738095238095 0.4347442680776014 0.07638888888888878 0.06349206349206347
4 0.6463293650793651 0.44488536155202824 0.052579365079365205 0.12610229276895943
4 0.7410714285714286 0.6657848324514991 0.08333333333333329 0.16402116402116398
4 0.4288194444444444 0.8884479717813051 0.09871031746031747 0.21604938271604923
4 0.25570436507936506 0.8011463844797179 0.06994047619047623 0.24074074074074076
4 0.2614087301587302 0.5789241622574955 0.06448412698412703 0.1490299823633157
4 0.19345238095238096 0.5551146384479718 0.04761904761904763 0.13844797178130505
1 0.12673611111111105 0.47839506172839497 0.25347222222222204 0.18606701940035295
1 0.5131448412698408 0.7539682539682535 0.6006944444444442 0.31922398589065293
