5 0.38545 0.57633 0.008347 0.006529
3 0.4404761904761905 0.5921516754850088 0.04464285714285715 0.13315696649029987
2 0.363343253968254 0.605379188712522 0.10168650793650798 0.15961199294532633
6 0.2698412698412698 0.8271604938271605 0.06944444444444439 0.2804232804232805
4 0.8762400793650794 0.6040564373897708 0.03819444444444457 0.1763668430335096
4 0.7214781746031746 0.6644620811287477 0.03422619047619051 0.20723104056437386
4 0.6939484126984127 0.6481481481481481 0.03571428571428569 0.19929453262786595
4 0.6681547619047619 0.5599647266313933 0.05158730158730151 0.16225749559082886
4 0.5892857142857143 0.6291887125220459 0.056547619047619124 0.1843033509700176
4 0.4880952380952381 0.6657848324514991 0.04563492063492056 0.1869488536155202
4 0.5193452380952381 0.5246913580246914 0.038690476190476136 0.15520282186948856
4 0.4804067460317461 0.5357142857142857 0.03521825396825399 0.13315696649029987
1 0.8077876984126985 0.6177248677248677 0.38442460317460314 0.1772486772486773
1 0.4494047619047614 0.8871252204585541 0.6309523809523802 0.2257495590828923
