5 0.125 0.7380949999999998 0.00974 0.012987
6 0.3710317460317461 0.46164021164021163 0.03571428571428577 0.1507936507936509
3 0.6205357142857143 0.46560846560846564 0.05357142857142861 0.1428571428571429
2 0.6125992063492063 0.4638447971781305 0.10416666666666657 0.13932980599647274
4 0.6619543650793651 0.4916225749559083 0.042162698412698346 0.17019400352733682
4 0.7306547619047621 0.4991181657848325 0.04464285714285708 0.17107583774250443
4 0.501984126984127 0.6256613756613757 0.0863095238095238 0.13492063492063494
4 0.4146825396825397 0.6212522045855379 0.07936507936507936 0.1649029982363315
4 0.9588293650793651 0.7297178130511464 0.07837301587301596 0.17372134038800696
1 0.5997023809523805 0.7870370370370368 0.6091269841269841 0.3253968253968251
1 0.9293154761904759 0.5163139329805995 0.14136904761904745 0.17195767195767192
