5 0.200893 0.49494900000000003 0.005682 0.008658
4 0.8995535714285714 0.4268077601410934 0.04216269841269849 0.12698412698412703
4 0.820436507936508 0.43871252204585537 0.041666666666666574 0.13844797178130505
4 0.6178075396825397 0.5498236331569665 0.09474206349206347 0.12610229276895943
4 0.6061507936507937 0.45987654320987653 0.03571428571428569 0.14550264550264544
4 0.40277777777777773 0.45326278659611996 0.042658730158730195 0.10758377425044088
4 0.3368055555555556 0.507936507936508 0.11507936507936506 0.10052910052910058
4 0.140625 0.781305114638448 0.07886904761904762 0.1710758377425043
0 0.2328869047619045 0.8606701940035272 0.465773809523809 0.2786596119929452
1 0.9456845238095238 0.5709876543209876 0.10863095238095227 0.15432098765432095
