5 0.3641552511415525 0.42557510148849803 0.009893455098934538 0.017591339648173162
6 0.9826388888888888 0.7081128747795415 0.03472222222222214 0.25925925925925936
3 0.9375 0.49074074074074076 0.05654761904761898 0.17372134038800702
2 0.9754464285714284 0.5022045855379194 0.04910714285714253 0.1419753086419759
4 0.6790674603174602 0.37257495590828926 0.04166666666666671 0.13844797178130508
4 0.6185515873015872 0.3540564373897708 0.027777777777777787 0.1049382716049383
4 0.6398809523809524 0.4598765432098766 0.043650793650793676 0.1261022927689595
4 0.6949404761904762 0.5537918871252205 0.07242063492063494 0.17813051146384487
4 0.43576388888888884 0.3738977072310405 0.047123015873015886 0.10934744268077601
4 0.4057539682539682 0.36816578483245155 0.032738095238095254 0.11728395061728396
4 0.23908730158730157 0.4753086419753086 0.0505952380952381 0.1569664902998236
4 0.1552579365079365 0.7041446208112875 0.08829365079365083 0.2283950617283949
1 0.5039682539682534 0.5335097001763666 0.46825396825396803 0.1534391534391534
1 0.8660714285714285 0.8298059964726628 0.2678571428571428 0.31569664902998246
