5 0.694399 0.575758 0.008929 0.01443
4 0.8335654596100278 0.7158774373259053 0.11751392757660156 0.1838440111420612
4 0.6236072423398329 0.4874651810584959 0.04073816155988865 0.15320334261838447
4 0.5903116295264624 0.4867688022284123 0.04622214484679667 0.13788300835654596
4 0.4128655988857938 0.4665738161559888 0.03760445682451248 0.13091922005571027
4 0.38152855153203336 0.4686629526462396 0.050139275766016664 0.16016713091922008
4 0.3184627437325905 0.5188022284122563 0.052489554317548794 0.10724233983286907
4 0.46026288300835655 0.5772980501392757 0.08225974930362114 0.16016713091922008
4 0.47671483286908073 0.7458217270194986 0.09949512534818936 0.213091922005571
1 0.44459435933147623 0.7089136490250696 0.5570160167130918 0.23119777158774377
1 0.09479456824512533 0.9665738161559885 0.18958913649025066 0.06685236768802202
