5 0.562961 0.5361309999999999 0.007042 0.009065
4 0.4409722222222222 0.43650793650793646 0.03571428571428569 0.1164021164021164
4 0.4484126984126984 0.45679012345679015 0.0694444444444445 0.11111111111111115
6 0.1011904761904762 0.4228395061728395 0.04166666666666666 0.14550264550264544
4 0.22073412698412695 0.5771604938271605 0.048611111111111105 0.15079365079365067
4 0.16245039682539683 0.6309523809523809 0.050099206349206345 0.1913580246913579
4 0.43898809523809523 0.7883597883597884 0.0625 0.22222222222222215
4 0.6537698412698413 0.6940035273368608 0.05456349206349209 0.18165784832451506
4 0.7750496031746033 0.6203703703703703 0.07688492063492064 0.1825396825396826
4 0.6078869047619048 0.9210758377425045 0.06994047619047628 0.1490299823633157
0 0.42410714285714285 0.8430335097001752 0.6130952380952378 0.2892416225749565
