5 0.5292259083728278 0.5365168539325843 0.02527646129541857 0.030898876404494402
6 0.988343253968254 0.3443562610229277 0.02331349206349216 0.3959435626102293
4 0.8521825396825398 0.3505291005291005 0.09623015873015874 0.41005291005291006
4 0.7125496031746033 0.2698412698412698 0.06299603174603177 0.328042328042328
3 0.7574404761904762 0.4484126984126985 0.10416666666666657 0.4417989417989419
4 0.6641865079365078 0.35493827160493824 0.07341269841269835 0.34832451499118167
4 0.6391369047619048 0.5343915343915344 0.07986111111111122 0.39682539682539675
4 0.31200396825396826 0.6450617283950618 0.09027777777777779 0.4347442680776014
4 0.22991071428571427 0.468694885361552 0.08581349206349202 0.4223985890652557
4 0.1840277777777778 0.36022927689594353 0.09523809523809527 0.38888888888888895
6 0.08878968253968253 0.22045855379188717 0.09027777777777779 0.28395061728395066
2 0.8886408730158724 0.5088183421516753 0.21775793650793632 0.3562610229276899
1 0.16344246031746035 0.5008818342151666 0.3258928571428572 0.5202821869488534
