5 0.5442370000000001 0.577201 0.007305000000000001 0.011544
3 0.7214781746031745 0.5061728395061729 0.056051587301587345 0.10758377425044088
2 0.8152281746031746 0.48368606701940037 0.10267857142857154 0.13844797178130513
6 0.3898809523809524 0.40476190476190477 0.033730158730158735 0.10582010582010583
4 0.45833333333333337 0.5529100529100529 0.05654761904761898 0.15520282186948847
4 0.5285218253968255 0.539241622574956 0.04017857142857146 0.1507936507936508
1 0.378472222222222 0.49867724867724855 0.4067460317460316 0.15961199294532602
4 0.08953373015873016 0.5246913580246914 0.04712301587301588 0.17813051146384482
4 0.28100198412698413 0.8597883597883598 0.06398809523809522 0.2363315696649029
1 0.7827380952380949 0.8042328042328041 0.43452380952381015 0.3474426807760146
