5 0.810882800608828 0.5412719891745602 0.0144596651445967 0.013531799729364025
6 0.21552579365079366 0.41490299823633153 0.03224206349206348 0.10141093474426803
4 0.1909722222222222 0.5026455026455027 0.07242063492063493 0.10052910052910051
4 0.269593253968254 0.6199294532627866 0.05902777777777775 0.1534391534391534
4 0.4174107142857143 0.6005291005291006 0.05307539682539677 0.14109347442680772
4 0.6001984126984127 0.6040564373897707 0.06150793650793652 0.22222222222222215
4 0.37996031746031744 0.7261904761904762 0.11111111111111115 0.1613756613756614
4 0.10143849206349205 0.8827160493827162 0.09970238095238095 0.2328042328042328
3 0.09920634920634921 0.754409171075837 0.19841269841269843 0.2495590828924163
1 0.6830357142857143 0.47354497354497355 0.31150793650793646 0.10052910052910058
1 0.9169146825396816 0.6816578483245149 0.16617063492063436 0.20634920634920667
4 0.8020833333333335 0.9528218694885361 0.06547619047619115 0.09435626102292755
