5 0.23417199999999996 0.506494 0.007305000000000001 0.011544
6 0.47553969359331477 0.4477715877437326 0.03760445682451255 0.10167130919220056
4 0.9369777158774372 0.4394150417827298 0.042305013927576594 0.1406685236768802
4 0.8645107938718661 0.4505571030640668 0.04152158774373262 0.13509749303621163
1 0.9781075905292479 0.5759052924791086 0.04152158774373262 0.1128133704735376
4 0.6388840529247911 0.4728412256267409 0.04152158774373255 0.12674094707520894
4 0.6130309888579386 0.5424791086350975 0.12299791086350964 0.10167130919220056
4 0.3662517409470752 0.511142061281337 0.09322771587743733 0.09470752089136489
4 0.1617775069637883 0.7667130919220055 0.060323816155988884 0.18802228412256283
0 0.26832346796657364 0.857938718662952 0.5366469359331473 0.2841225626740943
