5 0.625471 0.5597450000000002 0.011626 0.011731
6 0.9084821428571428 0.45502645502645506 0.05902777777777786 0.16225749559082892
4 0.650297619047619 0.5 0.0892857142857143 0.13051146384479723
4 0.7996031746031746 0.7610229276895945 0.12797619047619052 0.2151675485008819
4 0.44345238095238104 0.6569664902998237 0.11408730158730158 0.15520282186948856
4 0.4025297619047619 0.5335097001763668 0.056051587301587345 0.13932980599647266
4 0.34598214285714285 0.8037918871252205 0.12847222222222218 0.24603174603174593
4 0.21825396825396823 0.4929453262786596 0.03869047619047617 0.14285714285714285
4 0.07514880952380952 0.5634920634920636 0.06200396825396826 0.1463844797178131
4 0.045138888888888895 0.49338624338624343 0.04265873015873016 0.14373897707231045
0 0.04117063492063492 0.9197530864197533 0.08234126984126984 0.1604938271604934
1 0.8214285714285705 0.6212522045855355 0.357142857142858 0.164902998236332
