5 0.4452054794520548 0.6143437077131257 0.009132420091324178 0.02165087956698237
6 0.6275243732590529 0.28690807799442897 0.034470752089136525 0.12534818941504178
4 0.9126915041782729 0.6128133704735376 0.12221448467966567 0.1922005571030641
4 0.6988161559888578 0.7409470752089138 0.1551183844011141 0.22005571030640678
4 0.6220403899721448 0.483983286908078 0.05013927576601681 0.14066852367688015
4 0.6275243732590529 0.3983286908077994 0.04700557103064071 0.13091922005571027
4 0.5581911559888578 0.431058495821727 0.05562325905292475 0.1183844011142061
4 0.5186281337047354 0.4122562674094708 0.03917130919220049 0.12813370473537603
3 0.47749825905292476 0.37325905292479106 0.06032381615598894 0.09192200557103064
2 0.47201427576601673 0.3516713091922006 0.09322771587743738 0.11559888579387184
6 0.38427054317548737 0.4909470752089136 0.03682103064066858 0.17409470752089143
4 0.41599930362116977 0.48607242339832873 0.02977019498607241 0.1114206128133705
4 0.45791260445682447 0.5188022284122562 0.06345752089136497 0.11559888579387184
4 0.3114119080779944 0.5870473537604457 0.08696030640668524 0.19080779944289694
4 0.23620299442896933 0.5292479108635098 0.0916608635097493 0.16434540389972135
1 0.8384401114206126 0.3927576601671309 0.3231197771587745 0.12534818941504175
1 0.4156075905292475 0.5800835654596096 0.5084435933147629 0.22980501392757613
