5 0.7207740916271722 0.7254213483146067 0.01658767772511851 0.023876404494382088
6 0.4360119047619048 0.3011463844797178 0.022817460317460316 0.08201058201058195
6 0.8767361111111112 0.3187830687830688 0.01934523809523796 0.07142857142857142
1 0.980406746031746 0.4118165784832452 0.037202380952380876 0.0811287477954145
4 0.5687003968253969 0.6485890652557319 0.03819444444444443 0.08377425044091716
4 0.523313492063492 0.7125220458553791 0.07142857142857145 0.14814814814814808
4 0.3757440476190476 0.5291005291005291 0.042162698412698416 0.10052910052910058
4 0.37673611111111116 0.4708994708994709 0.02728174603174601 0.07583774250440918
4 0.32266865079365076 0.3540564373897708 0.03224206349206348 0.06613756613756613
4 0.19816468253968253 0.44797178130511467 0.030257936507936522 0.09700176366843032
4 0.30778769841269843 0.7297178130511464 0.05704365079365083 0.14197530864197533
4 0.12549603174603174 0.7063492063492063 0.04960317460317459 0.15520282186948847
1 0.03149801587301587 0.40961199294532624 0.060019841269841265 0.09259259259259267
0 0.50719246031746 0.5555555555555557 0.3457341269841266 0.19400352733686022
