5 0.6678082191780823 0.5595399188092016 0.008371385083713817 0.017591339648173304
3 0.4731894150417827 0.44498607242339827 0.02977019498607241 0.11838440111420617
2 0.4849408077994428 0.45334261838440115 0.08617688022284127 0.11002785515320333
4 0.3470577994428969 0.46587743732590525 0.045438718662952626 0.10167130919220049
4 0.32394672701949856 0.399025069637883 0.066591225626741 0.09052924791086354
4 0.777158774373259 0.5417827298050139 0.10497910863509759 0.1337047353760446
6 0.8030118384401113 0.6915041782729804 0.06424094707520894 0.20752089136490257
4 0.10850452646239553 0.6107242339832869 0.08225974930362118 0.17409470752089143
4 0.0775591922005571 0.5257660167130919 0.09557799442896936 0.14623955431754873
1 0.14767583565459613 0.503481894150418 0.29535167130919227 0.11281337047353784
1 0.5350800835654593 0.6657381615598885 0.45595403899721426 0.21169916434540384
