5 0.681412 0.6645020000000001 0.008929 0.010101
6 0.2683531746031746 0.2821869488536155 0.03670634920634917 0.13756613756613756
4 0.5225694444444444 0.38403880070546736 0.0500992063492064 0.14902998236331566
4 0.8732638888888888 0.609347442680776 0.08978174603174593 0.19929453262786595
4 0.3380456349206349 0.5066137566137566 0.0679563492063492 0.1719576719576719
4 0.19841269841269843 0.6552028218694886 0.08134920634920634 0.2134038800705467
4 0.13120039682539683 0.46252204585537915 0.06894841269841269 0.1666666666666667
4 0.09300595238095238 0.4272486772486772 0.05406746031746033 0.1701940035273369
4 0.05158730158730159 0.4188712522045856 0.037698412698412696 0.16754850088183423
4 0.02008928571428571 0.46428571428571425 0.04017857142857142 0.18253968253968264
4 0.016369047619047616 0.6640211640211636 0.03273809523809523 0.25044091710758365
1 0.43452380952380965 0.4382716049382715 0.4444444444444447 0.1446208112874782
1 0.10491071428571422 0.7200176366843027 0.20982142857142844 0.27425044091710754
