5 0.493234 0.6243189999999998 0.00554 0.009497
6 0.6604282729805013 0.9498607242339833 0.04073816155988865 0.10027855153203333
4 0.7595316852367688 0.5264623955431754 0.03682103064066851 0.12534818941504178
4 0.6827559192200556 0.738857938718663 0.066591225626741 0.15738161559888567
4 0.6588614206128134 0.5118384401114205 0.056406685236768866 0.11559888579387184
4 0.6298746518105849 0.5703342618384402 0.050139275766016594 0.11002785515320333
4 0.5832607938718662 0.6337047353760445 0.09479456824512532 0.13370473537604455
4 0.5577994428969358 0.5584958217270195 0.062674094707521 0.1476323119777159
4 0.5057016016713092 0.5188022284122562 0.06189066852367682 0.11838440111420628
4 0.1551183844011142 0.676183844011142 0.05483983286908078 0.19359331476323113
1 0.20917479108635104 0.6107242339832871 0.4183495821727021 0.17130919220055746
1 0.04818071030640667 0.9227019498607243 0.09636142061281334 0.1545961002785515
0 0.9741469359331475 0.9122562674094715 0.05170612813370437 0.16991643454038993
6 0.008617688022284116 0.94150417827298 0.01723537604456823 0.10306406685236792
