5 0.19596651445966512 0.6129905277401895 0.009893455098934573 0.018944519621109705
6 0.4751479805013927 0.4178272980501393 0.0383878830083566 0.1281337047353761
3 0.34353238161559885 0.5257660167130919 0.06345752089136489 0.1100278551532034
4 0.3470577994428969 0.5452646239554317 0.04387186629526468 0.12116991643454035
2 0.283991991643454 0.49512534818941506 0.07285863509749298 0.12674094707520894
4 0.7544394150417827 0.5529247910863511 0.05640668523676865 0.12256267409470759
4 0.8081041086350974 0.7813370473537604 0.12456476323119774 0.17827298050139262
4 0.5017844707520891 0.6246518105849581 0.04465529247910858 0.16016713091922008
4 0.496300487465181 0.6128133704735376 0.05092270194986071 0.16991643454039
4 0.45282033426183843 0.7346796657381616 0.07520891364902503 0.14623955431754865
4 0.5178447075208914 0.8753481894150417 0.09871169916434538 0.14066852367688043
1 0.3505832172701948 0.7493036211699163 0.497475626740947 0.23676880222841198
1 0.6760967966573815 0.5 0.38074512534818944 0.1364902506963788
