5 0.5125570776255708 0.7591339648173207 0.012937595129375978 0.021650879566982438
6 0.9446924603174602 0.31966490299823636 0.047123015873015955 0.1261022927689594
4 0.6865079365079364 0.49118165784832457 0.03968253968253976 0.17636684303350975
4 0.6629464285714286 0.4797178130511464 0.03621031746031747 0.16402116402116407
3 0.08333333333333334 0.3831569664902998 0.04662698412698412 0.1137566137566138
2 0.04117063492063491 0.3664021164021164 0.08035714285714285 0.1243386243386243
6 0.040178571428571425 0.6340388007054674 0.0625 0.22222222222222215
1 0.12127976190476188 0.6507936507936509 0.24255952380952375 0.27513227513227495
1 0.43774801587301565 0.38844797178130486 0.3745039682539678 0.13844797178130466
4 0.6569940476190476 0.7680776014109347 0.07986111111111108 0.18342151675485
4 0.5414186507936507 0.5824514991181657 0.052083333333333426 0.17548500881834214
4 0.5069444444444444 0.505731922398589 0.04861111111111107 0.1596119929453262
4 0.43973214285714285 0.5564373897707231 0.04811507936507937 0.13051146384479723
