5 0.100244 0.741703 0.008929 0.017316
6 0.3563988095238095 0.46472663139329806 0.0431547619047619 0.1499118165784833
3 0.6086309523809524 0.472663139329806 0.04761904761904752 0.13580246913580254
2 0.6029265873015873 0.46516754850088193 0.10267857142857138 0.13139329805996475
4 0.652281746031746 0.4880952380952381 0.042658730158730195 0.16313932980599646
4 0.7251984126984127 0.49514991181657847 0.04861111111111114 0.17548500881834223
4 0.9441964285714286 0.7208994708994709 0.0689484126984128 0.1843033509700176
1 0.9231150793650794 0.5220458553791887 0.15376984126984128 0.17460317460317462
4 0.5034722222222222 0.6309523809523807 0.07738095238095244 0.12962962962963015
4 0.44742063492063494 0.6075837742504409 0.07440476190476197 0.14462081128747792
1 0.5870535714285701 0.7905643738977071 0.598710317460317 0.3271604938271604
