5 0.46050552922590837 0.6537921348314606 0.014218009478673039 0.03230337078651693
6 0.14980158730158732 0.46075837742504405 0.0376984126984127 0.1472663139329807
1 0.15376984126984133 0.6005291005291007 0.30753968253968267 0.16931216931216939
4 0.20411706349206368 0.6900352733686062 0.057043650793650535 0.175485008818341
4 0.6220238095238095 0.5921516754850089 0.0456349206349207 0.1455026455026455
4 0.6527777777777779 0.564373897707231 0.043650793650793746 0.11992945326278658
4 0.7212301587301587 0.6159611992945326 0.05257936507936506 0.12433862433862437
4 0.7430555555555556 0.5776014109347443 0.038690476190476206 0.14814814814814817
4 0.7740575396825398 0.5886243386243386 0.03918650793650798 0.1507936507936508
4 0.8301091269841271 0.5295414462081129 0.05902777777777786 0.134920634920635
0 0.8715277777777777 0.8924162257495591 0.2559523809523809 0.20634920634920634
