5 0.32306477093206953 0.8012640449438204 0.015797788309636615 0.026685393258427018
6 0.28477541782729804 0.12395543175487464 0.035254178272980496 0.0863509749303621
4 0.45791260445682447 0.18384401114206128 0.03838788300835645 0.0974930362116992
4 0.5456563370473537 0.20891364902506962 0.06032381615598886 0.1225626740947075
4 0.6165564066852367 0.14415041782729804 0.050139275766016594 0.12116991643454038
4 0.7661908077994428 0.2959610027855153 0.04073816155988851 0.13509749303621174
4 0.8370908774373259 0.5995821727019499 0.04152158774373262 0.16295264623955447
4 0.9487291086350973 0.36072423398328696 0.07050835654596099 0.11420612813370472
4 0.9718401810584958 0.2520891364902507 0.052489554317548655 0.09192200557103064
4 0.30005222841225626 0.5954038997214486 0.06267409470752083 0.19637883008356538
6 0.10928795264623954 0.8746518105849583 0.09636142061281337 0.20612813370473546
0 0.1343575905292478 0.4547353760445688 0.2687151810584956 0.25487465181058466
1 0.7105675487465178 0.19359331476323122 0.30083565459609984 0.12534818941504178
1 0.8954126044568247 0.44846796657381577 0.20917479108635043 0.2451253481894154
