5 0.712875197472354 0.9262640449438203 0.013428120063191074 0.02106741573033716
4 0.9543650793650794 0.5679012345679013 0.07043650793650812 0.11463844797178133
0 0.8524305555555557 0.5224867724867728 0.2951388888888884 0.24074074074074064
4 0.8325892857142857 0.22398589065255733 0.02827380952380963 0.09700176366843034
4 0.4439484126984127 0.3134920634920635 0.03968253968253968 0.10317460317460313
4 0.5892857142857143 0.7116402116402116 0.06845238095238088 0.11992945326278658
4 0.6071428571428572 0.849647266313933 0.09722222222222214 0.14550264550264544
4 0.3246527777777778 0.6265432098765431 0.045138888888888895 0.16313932980599638
1 0.19717261904761887 0.2892416225749557 0.32390873015872984 0.12345679012345653
1 0.05431547619047619 0.5383597883597887 0.10863095238095238 0.19312169312169336
6 0.517361111111111 0.8818342151675485 0.05555555555555557 0.1499118165784833
