5 0.297216 0.673209 0.008606 0.011079
6 0.771577380952381 0.41754850088183415 0.04811507936507937 0.1649029982363316
4 0.9392361111111112 0.4519400352733686 0.05307539682539684 0.17195767195767198
4 0.8663194444444445 0.6437389770723104 0.05307539682539684 0.162257495590829
4 0.8368055555555556 0.7416225749559082 0.1488095238095238 0.1728395061728395
4 0.5890376984126984 0.652557319223986 0.07986111111111112 0.17989417989417994
3 0.4092261904761905 0.6089065255731922 0.0575396825396826 0.19135802469135804
2 0.3792162698412698 0.6331569664902998 0.1274801587301587 0.181657848324515
4 0.7132936507936509 0.9197530864197532 0.05952380952380949 0.16049382716049407
4 0.8752480158730167 0.9373897707231035 0.06795634920634955 0.1252204585537913
1 0.46850198412698424 0.9096119929453262 0.7177579365079366 0.17901234567901358
1 0.828621031746032 0.6485890652557319 0.34275793650793657 0.1948853615520281
