5 0.372565 0.797258 0.014610000000000001 0.015873
6 0.5719246031746031 0.2707231040564374 0.037698412698412724 0.15343915343915346
3 0.2378472222222222 0.42151675485008816 0.07291666666666669 0.13403880070546734
2 0.22544642857142855 0.40520282186948847 0.12648809523809523 0.1578483245149912
4 0.292906746031746 0.4783950617283951 0.08283730158730161 0.1737213403880071
4 0.3516865079365079 0.4360670194003527 0.06845238095238099 0.15608465608465608
4 0.3883928571428571 0.4722222222222222 0.11210317460317462 0.1737213403880071
4 0.5572916666666664 0.4991181657848326 0.10664682539682487 0.20458553791887124
4 0.8561507936507937 0.419753086419753 0.11309523809523796 0.18871252204585537
4 0.4623015873015873 0.6565255731922399 0.08432539682539676 0.2583774250440916
4 0.27504960317460314 0.6917989417989417 0.1443452380952381 0.25485008818342153
1 0.754712301587301 0.45634920634920656 0.4895833333333337 0.16490299823633225
1 0.25272817460317465 0.7354497354497351 0.5024801587301587 0.3333333333333312
