5 0.8533650000000002 0.6528959999999999 0.011218 0.015195
6 0.4199164345403899 0.27298050139275765 0.05483983286908071 0.18105849582172706
6 0.499825905292479 0.5912256267409471 0.04387186629526461 0.2381615598885795
4 0.7516974233983285 0.5682451253481894 0.16060236768802227 0.16991643454039
4 0.7348537604456828 0.6211699164345401 0.08461002785515256 0.19220055710306408
3 0.5370386490250696 0.3662952646239554 0.07129178272980496 0.15320334261838436
2 0.5683756963788302 0.3655988857938719 0.11359679665738161 0.17966573816155987
4 0.48846622562674086 0.43454038997214484 0.10262883008356546 0.16155988857938725
4 0.4547788997214484 0.5856545961002786 0.06972493036211702 0.15738161559888575
4 0.40581476323119775 0.6030640668523677 0.05797353760445688 0.2228412256267409
4 0.32394672701949856 0.5842618384401115 0.10106197771587745 0.19359331476323127
4 0.2303272980501393 0.5557103064066853 0.047005571030640673 0.22005571030640675
4 0.14297527855153203 0.42548746518105846 0.1073293871866295 0.17966573816155992
1 0.1512012534818941 0.38649025069637893 0.3024025069637882 0.190807799442897
1 0.47632311977715885 0.7110027855153198 0.6690459610027857 0.31894150417827205
