5 0.873397 0.683761 0.010684 0.018044
6 0.3311011904761905 0.31437389770723106 0.04414682539682538 0.1772486772486773
6 0.45932539682539686 0.6415343915343916 0.060515873015873044 0.2301587301587302
4 0.46999007936507936 0.46604938271604934 0.06795634920634917 0.1737213403880071
3 0.49826388888888884 0.4118165784832451 0.047123015873015886 0.1604938271604938
2 0.5037202380952381 0.4104938271604938 0.10763888888888885 0.156084656084656
4 0.7437996031746031 0.5842151675485009 0.06398809523809518 0.13668430335096984
4 0.7571924603174598 0.6036155202821862 0.07986111111110987 0.14197530864197405
4 0.3901289682539683 0.6230158730158731 0.06894841269841273 0.207231040564374
4 0.3368055555555556 0.6671075837742505 0.09226190476190478 0.2037037037037038
4 0.16418650793650794 0.6741622574955909 0.07440476190476192 0.2142857142857143
4 0.16269841269841268 0.5401234567901234 0.06051587301587302 0.1701940035273369
1 0.12053571428571422 0.43253968253968245 0.24107142857142844 0.18430335097001754
1 0.41096230158730074 0.7376543209876545 0.653273809523808 0.30599647266313934
