5 0.262596 0.637527 0.007872 0.015994
6 0.759672619047619 0.42548500881834217 0.052083333333333426 0.1613756613756614
4 0.9538690476190476 0.4642857142857143 0.037698412698412655 0.18253968253968253
4 0.8953373015873015 0.6587301587301587 0.08730158730158735 0.20634920634920634
4 0.9779265873015873 0.746031746031746 0.04414682539682531 0.21869488536155196
4 0.7475198412698413 0.941358024691358 0.05853174603174608 0.10846560846560849
4 0.6716269841269841 0.6635802469135803 0.11607142857142846 0.2019400352733686
1 0.809523809523808 0.6402116402116402 0.3809523809523807 0.19223985890652645
3 0.37624007936507936 0.6014109347442681 0.04017857142857139 0.19576719576719576
2 0.34102182539682546 0.6331569664902998 0.11755952380952386 0.17813051146384468
1 0.4350198412698407 0.9069664902998237 0.7063492063492053 0.18606701940035245
4 0.9620535714285714 0.9731040564373898 0.04712301587301582 0.052028218694885456
