5 0.5715372907153728 0.584573748308525 0.01065449010654497 0.016238159675236757
3 0.6376488095238095 0.5189594356261023 0.06795634920634917 0.12786596119929464
2 0.7299107142857143 0.52336860670194 0.09970238095238101 0.12962962962962968
4 0.7281746031746031 0.6234567901234569 0.07242063492063494 0.17989417989417994
4 0.6805555555555556 0.7570546737213405 0.0932539682539683 0.17019400352733696
1 0.7495039682539684 0.7874779541446209 0.5009920634920634 0.2716049382716048
4 0.3182043650793651 0.5903880070546738 0.047123015873015886 0.14197530864197525
4 0.2837301587301587 0.6141975308641975 0.04662698412698415 0.14197530864197533
4 0.3965773809523809 0.8977072310405645 0.09275793650793653 0.2028218694885362
4 0.18353174603174602 0.6701940035273368 0.07440476190476188 0.18694885361552024
4 0.0625 0.6618165784832452 0.051587301587301584 0.20194003527336868
1 0.30059523809523797 0.5586419753086425 0.4027777777777776 0.1243386243386246
