5 0.116071 0.7424239999999999 0.00974 0.012987
6 0.36703516713091916 0.45891364902506965 0.03838788300835652 0.14902506963788306
3 0.6149895543175486 0.4686629526462396 0.050139275766016664 0.1350974930362117
2 0.6126392757660166 0.4630919220055711 0.10654596100278546 0.1406685236768803
4 0.6757050835654596 0.4888579387186623 0.07912604456824462 0.15598885793871856
4 0.7309366295264624 0.4972144846796657 0.053272980501392765 0.16155988857938725
4 0.9612639275766017 0.7235376044568246 0.07050835654596099 0.1880222841225626
4 0.503351323119777 0.6239554317548746 0.08225974930362114 0.13370473537604446
4 0.42187499999999994 0.6288300835654597 0.09949512534818936 0.16573816155988866
1 0.9287082172701944 0.5125348189415042 0.14258356545960996 0.16434540389972147
1 0.5930536211699154 0.7834261838440117 0.6016713091921991 0.30779944289693617
