5 0.55166 0.527066 0.008681 0.014641
4 0.4779265873015873 0.45723104056437386 0.03621031746031754 0.13492063492063494
4 0.5188492063492063 0.4598765432098766 0.04960317460317455 0.12081128747795418
4 0.6681547619047619 0.6869488536155203 0.04861111111111114 0.16754850088183418
4 0.7958829365079364 0.6291887125220458 0.06299603174603163 0.18077601410934732
4 0.4216269841269842 0.8037918871252205 0.07539682539682538 0.22486772486772494
4 0.21701388888888892 0.5727513227513228 0.045138888888888895 0.13844797178130513
4 0.16964285714285715 0.6340388007054674 0.04563492063492063 0.19047619047619052
6 0.21378968253968253 0.41313932980599644 0.03670634920634921 0.14726631393298056
4 0.665922619047619 0.9444444444444444 0.06994047619047614 0.10758377425044074
0 0.5349702380952369 0.8293650793650785 0.6135912698412685 0.2813051146384471
