5 0.560471 0.6940840000000001 0.012175 0.011544
6 0.40352182539682546 0.2583774250440917 0.030257936507936522 0.13580246913580243
4 0.6708829365079364 0.3800705467372134 0.05605158730158721 0.1622574955908289
4 0.4397321428571429 0.47310405643738973 0.07986111111111108 0.16313932980599652
4 0.24280753968253968 0.45679012345679015 0.06101190476190471 0.1657848324514991
4 0.2767857142857143 0.658289241622575 0.08730158730158735 0.1649029982363315
4 0.10689484126984126 0.6640211640211641 0.07093253968253968 0.2751322751322751
3 0.07837301587301587 0.39285714285714285 0.07440476190476192 0.16490299823633162
2 0.06200396825396825 0.3999118165784833 0.12103174603174603 0.1507936507936508
4 0.15004960317460317 0.4603174603174604 0.06498015873015872 0.18871252204585537
4 0.19171626984126985 0.41225749559082886 0.055059523809523794 0.16666666666666663
1 0.16939484126984122 0.7283950617283951 0.3368055555555555 0.3174603174603173
1 0.582589285714285 0.43827160493827144 0.4806547619047615 0.1657848324514993
