5 0.557002 0.507676 0.009571 0.013849
6 0.4779265873015873 0.39241622574955914 0.03720238095238095 0.13580246913580246
4 0.5483630952380952 0.43694885361552027 0.042162698412698346 0.12610229276895943
4 0.7767857142857143 0.48059964726631393 0.04761904761904759 0.1428571428571429
4 0.9136904761904762 0.5903880070546738 0.04861111111111114 0.16313932980599652
4 0.7517361111111112 0.7147266313932981 0.0699404761904762 0.13139329805996483
0 0.7460317460317453 0.8042328042328036 0.5059523809523806 0.27160493827160503
4 0.7844742063492066 0.9642857142857144 0.08978174603174609 0.07142857142857123
4 0.4382440476190476 0.7447089947089947 0.06894841269841265 0.175485008818342
4 0.24206349206349206 0.6212522045855379 0.07341269841269842 0.15079365079365076
4 0.2884424603174603 0.5652557319223986 0.051091269841269805 0.13051146384479714
