5 0.663961 0.544733 0.014610000000000001 0.015873
6 0.9623015873015873 0.8364197530864197 0.07539682539682531 0.3218694885361552
6 0.6788194444444444 0.9307760141093473 0.09474206349206354 0.13315696649029987
4 0.8462301587301587 0.6199294532627866 0.10615079365079368 0.23633156966490299
4 0.5334821428571429 0.5 0.08184523809523803 0.16931216931216939
4 0.37648809523809523 0.32936507936507936 0.09623015873015874 0.14197530864197533
6 0.2785218253968254 0.2667548500881834 0.03224206349206348 0.13139329805996477
4 0.34523809523809523 0.4400352733686067 0.11011904761904759 0.16754850088183432
4 0.28100198412698413 0.5537918871252204 0.15228174603174605 0.21869488536155202
4 0.19072420634920637 0.38888888888888884 0.10069444444444445 0.13051146384479714
4 0.08283730158730158 0.4241622574955909 0.08730158730158731 0.16225749559082892
4 0.08606150793650792 0.3813932980599647 0.0927579365079365 0.1684303350970017
4 0.013392857142857142 0.6000881834215168 0.024801587301587297 0.2636684303350971
3 0.01661706349206349 0.37257495590828926 0.026289682539682536 0.17019400352733688
1 0.48908730158730157 0.40652557319223986 0.4732142857142857 0.14285714285714285
1 0.12375992063492058 0.6913580246913582 0.24751984126984117 0.2980599647266312
