5 0.893455098934551 0.5798376184032478 0.009132420091324178 0.014884979702300427
6 0.8319986072423399 0.41504178272980496 0.034470752089136594 0.14206128133704732
4 0.9808495821727018 0.5480501392757661 0.037604456824512626 0.18245125348189417
4 0.8218140668523675 0.7862116991643453 0.14415041782729796 0.22144846796657414
4 0.4414606545961003 0.7144846796657381 0.10732938718662957 0.2061281337047354
4 0.5072684540389971 0.4268802228412257 0.03525417827298043 0.15459610027855156
4 0.34000696378830086 0.4220055710306406 0.04387186629526461 0.14206128133704737
4 0.27341573816155984 0.42966573816155984 0.06894150417827301 0.12674094707520886
4 0.12260619777158772 0.5097493036211699 0.10419568245125348 0.1364902506963788
4 0.03055362116991643 0.5027855153203338 0.057973537604456817 0.15877437325905283
0 0.4539954735376043 0.8279944289693587 0.6306580779944286 0.3133704735376038
