5 0.4710806697108067 0.7009472259810555 0.012176560121765618 0.01623815967523683
4 0.4055059523809524 0.34082892416225746 0.04513888888888886 0.10317460317460324
4 0.6091269841269842 0.3827160493827161 0.03670634920634917 0.10229276895943563
4 0.6649305555555555 0.3809523809523809 0.05208333333333329 0.10229276895943563
4 0.6604662698412699 0.4607583774250441 0.04414682539682545 0.11022927689594368
4 0.7299107142857142 0.44576719576719576 0.0689484126984128 0.1261022927689595
4 0.9427083333333335 0.43033509700176364 0.04414682539682545 0.13932980599647266
4 0.3189484126984125 0.784391534391534 0.06845238095238126 0.25485008818342214
1 0.09722222222222224 0.7649911816578482 0.19444444444444448 0.27072310405643724
1 0.401041666666666 0.4916225749559082 0.41815476190476125 0.12962962962962948
