5 0.5635464231354643 0.5466847090663058 0.009893455098934538 0.01082543978349129
4 0.8325892857142857 0.7248677248677248 0.15724206349206354 0.20634920634920625
4 0.959077380952381 0.6168430335097002 0.0818452380952381 0.16843033509700178
4 0.6475694444444445 0.6234567901234568 0.06398809523809533 0.17460317460317454
4 0.5044642857142857 0.6340388007054674 0.08333333333333329 0.16754850088183432
4 0.5354662698412698 0.48500881834215165 0.04910714285714292 0.12169312169312171
4 0.42063492063492064 0.5886243386243386 0.06150793650793652 0.1490299823633157
6 0.3824404761904762 0.45767195767195756 0.04464285714285715 0.14285714285714285
4 0.216765873015873 0.7028218694885362 0.05456349206349209 0.14638447971781304
4 0.1763392857142857 0.687389770723104 0.05902777777777775 0.13139329805996475
3 0.19990079365079363 0.6287477954144621 0.038690476190476206 0.14814814814814817
2 0.13541666666666669 0.6591710758377425 0.11706349206349209 0.1578483245149912
1 0.6143353174603174 0.644620811287478 0.4618055555555555 0.1728395061728395
1 0.2638888888888888 0.9100529100529093 0.5277777777777776 0.17989417989417944
