5 0.45015220700152203 0.557510148849797 0.011415525114155257 0.016238159675236757
4 0.8891369047619048 0.5167548500881834 0.042162698412698346 0.16931216931216939
4 0.8100198412698413 0.7389770723104055 0.06646825396825391 0.22751322751322747
4 0.6597222222222221 0.4986772486772487 0.05853174603174601 0.14021164021164034
4 0.5505952380952381 0.5736331569664903 0.04861111111111107 0.1666666666666667
4 0.5679563492063492 0.4925044091710758 0.06547619047619051 0.11022927689594361
4 0.5463789682539683 0.4634038800705468 0.03918650793650791 0.1261022927689595
4 0.4888392857142857 0.4955908289241623 0.05208333333333329 0.13580246913580246
4 0.24925595238095238 0.5630511463844797 0.04712301587301582 0.16313932980599652
4 0.14831349206349206 0.47883597883597884 0.0406746031746032 0.14991181657848324
1 0.2777777777777776 0.6565255731922399 0.536706349206349 0.20194003527336754
1 0.043650793650793614 0.9479717813051134 0.08730158730158723 0.10405643738977036
