5 0.322646 0.738095 0.007305000000000001 0.010101
3 0.5610119047619048 0.541005291005291 0.08630952380952372 0.12962962962962968
2 0.5441468253968254 0.5114638447971781 0.12797619047619035 0.181657848324515
4 0.6845238095238095 0.4991181657848325 0.05753968253968253 0.19223985890652556
4 0.7740575396825398 0.5436507936507937 0.05902777777777786 0.18606701940035278
4 0.785218253968254 0.466931216931217 0.0505952380952381 0.1825396825396826
4 0.931299603174603 0.5850970017636683 0.08680555555555557 0.17724867724867713
1 0.9248511904761904 0.5705467372134038 0.15029761904761912 0.1922398589065255
4 0.648313492063492 0.7261904761904762 0.1011904761904762 0.1948853615520281
4 0.45138888888888884 0.7782186948853616 0.10317460317460309 0.20723104056437378
4 0.3710317460317461 0.5471781305114638 0.0674603174603174 0.1807760141093474
4 0.2569444444444444 0.560405643738977 0.07142857142857142 0.1772486772486772
1 0.5205853174603168 0.8553791887125218 0.7534722222222215 0.28924162257495645
