5 0.5837282780410743 0.7331460674157303 0.014218009478672897 0.02528089887640448
6 0.20014880952380953 0.3659611992945326 0.04414682539682538 0.164021164021164
3 0.5766369047619048 0.6225749559082893 0.07291666666666671 0.14109347442680778
4 0.6004464285714285 0.6424162257495589 0.061011904761904816 0.12257495590828923
4 0.6245039682539683 0.677689594356261 0.07043650793650784 0.19135802469135818
4 0.6669146825396826 0.6009700176366843 0.056051587301587345 0.21604938271604937
2 0.5858134920634921 0.5731922398589064 0.11805555555555557 0.1728395061728394
4 0.47048611111111105 0.6150793650793652 0.08382936507936503 0.1860670194003526
4 0.45188492063492064 0.5542328042328042 0.05456349206349209 0.19488536155202824
4 0.3950892857142857 0.5030864197530864 0.051091269841269805 0.12786596119929455
1 0.5811011904761897 0.902116402116402 0.8328373015873004 0.1887125220458551
1 0.13368055555555555 0.6358024691358024 0.2673611111111111 0.2328042328042327
