5 0.5951816745655607 0.8061797752808988 0.01026856240126385 0.0168539325842697
6 0.4187412952646239 0.20403899721448468 0.02585306406685234 0.09052924791086354
3 0.6044133008356546 0.2896935933147632 0.03212047353760454 0.06963788300835656
2 0.6118558495821727 0.2708913649025069 0.06110724233983291 0.09331476323119774
1 0.34079038997214484 0.26601671309192204 0.2585306406685237 0.13649025069637885
4 0.30671135097493035 0.34192200557103064 0.0430884401114206 0.09888579387186631
4 0.2769411559888579 0.3544568245125348 0.02741991643454039 0.09331476323119774
4 0.4555623259052925 0.38091922005571033 0.06345752089136489 0.09610027855153198
4 0.1758791782729805 0.5557103064066853 0.071291782729805 0.13649025069637888
4 0.4167827298050139 0.552924791086351 0.03760445682451248 0.13370473537604455
4 0.4696639972144847 0.7005571030640669 0.05092270194986071 0.11142061281337036
4 0.70704213091922 0.6657381615598885 0.06189066852367688 0.1337047353760447
4 0.7783339136490249 0.6859331476323121 0.035254178272980566 0.0933147632311978
1 0.6216486768802227 0.5111420612813371 0.34705779944289694 0.2562674094707523
