5 0.468924 0.602213 0.005574 0.005781
4 0.8308531746031746 0.5895061728395061 0.04464285714285708 0.14550264550264544
4 0.7028769841269842 0.63668430335097 0.042658730158730125 0.162257495590829
4 0.6755952380952381 0.6018518518518519 0.042658730158730125 0.156084656084656
4 0.6240079365079366 0.5537918871252204 0.043650793650793746 0.13403880070546734
4 0.5275297619047619 0.5930335097001763 0.04910714285714292 0.10670194003527335
4 0.5215773809523809 0.5264550264550265 0.042162698412698346 0.10052910052910058
3 0.2088293650793651 0.6049382716049383 0.04464285714285715 0.12698412698412695
2 0.12425595238095237 0.6111111111111112 0.10069444444444443 0.15167548500881828
6 0.16666666666666663 0.8558201058201058 0.061507936507936505 0.2707231040564372
4 0.36929563492063494 0.6794532627865961 0.05902777777777778 0.15432098765432095
4 0.5367063492063492 0.7261904761904762 0.04662698412698418 0.17019400352733682
6 0.9198908730158735 0.9448853615520284 0.052083333333332836 0.11022927689594378
1 0.25024801587301587 0.8813932980599647 0.5004960317460317 0.23721340388006967
1 0.5773809523809506 0.6053791887125217 0.4374999999999989 0.15608465608465555
