5 0.764329437649864 0.6070280625804212 0.00810676332118021 0.012252370800452397
6 0.34722222222222227 0.49382716049382713 0.042658730158730195 0.15167548500881836
4 0.7232142857142857 0.5145502645502645 0.04067460317460331 0.14197530864197525
3 0.851438492063492 0.5828924162257496 0.06200396825396837 0.15696649029982368
2 0.9069940476190476 0.5987654320987654 0.11359126984126988 0.1746031746031747
4 0.5610119047619048 0.689594356261023 0.06150793650793652 0.16049382716049387
4 0.5364583333333335 0.5480599647266314 0.03720238095238095 0.18959435626102297
4 0.46106150793650796 0.5767195767195767 0.04513888888888893 0.14285714285714277
4 0.4243551587301587 0.5216049382716049 0.042162698412698416 0.15784832451499128
4 0.38020833333333326 0.5286596119929453 0.028273809523809562 0.1613756613756614
1 0.39310515873015833 0.6058201058201054 0.46874999999999933 0.1798941798941806
1 0.7795138888888884 0.8849206349206349 0.4409722222222221 0.23015873015873026
