5 0.431049 0.619841 0.004931 0.009131
6 0.7633928571428572 0.9488536155202821 0.05654761904761898 0.1022927689594357
6 0.05257936507936508 0.8641975308641975 0.05357142857142857 0.26631393298059963
3 0.022073412698412693 0.603615520282187 0.04414682539682539 0.15255731922398583
4 0.23685515873015872 0.6600529100529101 0.06200396825396826 0.15255731922398588
4 0.5525793650793651 0.7442680776014109 0.04761904761904759 0.18694885361552038
4 0.7703373015873015 0.5705467372134039 0.042658730158730125 0.12169312169312164
4 0.6272321428571429 0.6027336860670194 0.03323412698412689 0.15608465608465616
4 0.6391369047619048 0.5599647266313933 0.05704365079365068 0.12169312169312171
4 0.5590277777777778 0.5612874779541446 0.06448412698412696 0.12610229276895943
4 0.5188492063492063 0.6049382716049384 0.04563492063492056 0.1287477954144621
4 0.4960317460317461 0.5617283950617284 0.04067460317460323 0.13403880070546748
1 0.365575396825397 0.6044973544973548 0.4186507936507939 0.15961199294532574
1 0.14905753968253965 0.8928571428571429 0.2981150793650793 0.2142857142857139
