5 0.476993 0.602711 0.006079 0.005894
4 0.8650793650793651 0.5921516754850089 0.034722222222222286 0.1455026455026455
4 0.7306547619047621 0.6512345679012346 0.04464285714285708 0.17901234567901234
4 0.7023809523809524 0.6146384479717814 0.043650793650793676 0.1604938271604938
4 0.6666666666666665 0.5555555555555556 0.060515873015873044 0.13756613756613753
4 0.5483630952380952 0.5299823633156966 0.05307539682539677 0.12345679012345684
4 0.5458829365079365 0.5661375661375662 0.06597222222222228 0.13227513227513235
4 0.552827380952381 0.7045855379188712 0.052083333333333356 0.16931216931216939
4 0.42509920634920634 0.689594356261023 0.04960317460317462 0.15520282186948856
3 0.2914186507936508 0.6009700176366843 0.04117063492063494 0.11375661375661367
2 0.2145337301587302 0.605379188712522 0.09474206349206352 0.15079365079365076
6 0.2269345238095238 0.8390652557319224 0.06696428571428573 0.2742504409171076
1 0.2936507936507937 0.8761022927689593 0.5873015873015874 0.24779541446208103
1 0.6726190476190483 0.6141975308641977 0.451388888888889 0.1578483245149917
