5 0.4573820395738204 0.45805142083897155 0.009132420091324178 0.01217861975642755
6 0.7428075396825397 0.4074074074074074 0.04414682539682531 0.15873015873015872
3 0.917906746031746 0.5485008818342152 0.05704365079365076 0.19929453262786587
2 0.974702380952381 0.5789241622574957 0.0505952380952381 0.17724867724867735
4 0.7805059523809524 0.5449735449735449 0.1175595238095238 0.21340388007054678
4 0.7286706349206349 0.5277777777777777 0.09027777777777772 0.18606701940035272
4 0.6413690476190476 0.45767195767195773 0.038690476190476136 0.1587301587301588
4 0.5768849206349206 0.41754850088183415 0.05853174603174594 0.13315696649029982
4 0.538938492063492 0.6344797178130511 0.06299603174603177 0.22486772486772488
4 0.48164682539682546 0.38183421516754845 0.038690476190476136 0.12874779541446205
4 0.234375 0.5061728395061729 0.09771825396825391 0.17107583774250443
4 0.15128968253968253 0.4713403880070547 0.06448412698412698 0.1666666666666667
4 0.11334325396825395 0.6957671957671958 0.15029761904761904 0.22574955908289232
1 0.44890873015872984 0.5886243386243383 0.5238095238095234 0.19135802469135826
1 0.8000992063492052 0.8897707231040566 0.3998015873015863 0.22045855379188672
