5 0.22605500000000003 0.864358 0.012175 0.017316
6 0.5486111111111112 0.25925925925925924 0.04563492063492056 0.1252204585537919
4 0.6927083333333335 0.4404761904761905 0.03521825396825406 0.1737213403880071
4 0.722718253968254 0.533068783068783 0.06944444444444443 0.17195767195767198
4 0.5696924603174602 0.45679012345679015 0.07291666666666664 0.16402116402116407
1 0.7537202380952382 0.423721340388007 0.4925595238095234 0.15432098765432103
4 0.42981150793650796 0.42107583774250446 0.05406746031746032 0.17195767195767198
4 0.39856150793650796 0.4109347442680776 0.05803571428571423 0.14285714285714285
4 0.3162202380952381 0.40167548500881833 0.0530753968253968 0.12962962962962968
4 0.26587301587301587 0.4228395061728395 0.03174603174603174 0.13492063492063494
3 0.2666170634920635 0.376984126984127 0.04613095238095241 0.14373897707231045
2 0.24801587301587305 0.37610229276895946 0.11408730158730161 0.1490299823633157
4 0.16369047619047616 0.7279541446208113 0.08630952380952378 0.2777777777777778
1 0.2519841269841269 0.6843033509700167 0.5039682539682538 0.3068783068783068
