5 0.6477093206951027 0.7127808988764045 0.014218009478672968 0.02949438202247194
3 0.5833333333333333 0.5542328042328042 0.04960317460317448 0.1613756613756613
4 0.5434027777777778 0.603615520282187 0.08779761904761912 0.16313932980599652
4 0.5416666666666666 0.6957671957671958 0.10416666666666671 0.21164021164021166
4 0.4962797619047618 0.47883597883597884 0.04414682539682531 0.2028218694885362
4 0.5354662698412698 0.4761904761904762 0.06299603174603177 0.19223985890652565
2 0.6825396825396826 0.5520282186948854 0.1458333333333333 0.19929453262786595
4 0.34548611111111116 0.6155202821869489 0.06994047619047614 0.2186948853615521
4 0.21081349206349206 0.8730158730158729 0.09126984126984126 0.25044091710758365
4 0.038938492063492064 0.7645502645502645 0.06994047619047619 0.2557319223985889
4 0.02529761904761905 0.6089065255731922 0.04861111111111112 0.20194003527336868
1 0.16220238095238096 0.5983245149911812 0.3244047619047619 0.24955908289241663
1 0.6277281746031746 0.8906525573192244 0.7435515873015873 0.20811287477954246
