5 0.870192 0.6899339999999999 0.010684 0.013295
6 0.30902777777777773 0.31613756613756616 0.04464285714285715 0.1737213403880071
6 0.4523809523809524 0.6529982363315696 0.07638888888888885 0.2213403880070546
3 0.46205357142857145 0.41490299823633153 0.06200396825396823 0.13844797178130513
2 0.48586309523809523 0.41754850088183415 0.11160714285714278 0.17548500881834223
4 0.7470238095238096 0.5842151675485009 0.05952380952380949 0.12786596119929441
4 0.8080357142857143 0.6115520282186949 0.13690476190476175 0.18606701940035278
4 0.3861607142857143 0.626984126984127 0.1006944444444445 0.20811287477954138
4 0.34399801587301576 0.6790123456790124 0.12946428571428564 0.19929453262786587
4 0.14905753968253968 0.5555555555555556 0.05902777777777778 0.17813051146384482
4 0.11929563492063494 0.6966490299823633 0.08878968253968257 0.23104056437389772
1 0.1118551587301587 0.43694885361552066 0.2237103174603174 0.18253968253968228
1 0.38938492063492036 0.7460317460317456 0.6527777777777772 0.30158730158730085
4 0.49206349206349204 0.46516754850088177 0.08829365079365015 0.17901234567901236
