5 0.271104 0.830447 0.008117 0.015873
3 0.29241071428571425 0.38403880070546736 0.04117063492063494 0.13492063492063486
2 0.2802579365079365 0.38359788359788355 0.11408730158730161 0.14991181657848324
4 0.3080357142857143 0.41490299823633153 0.0406746031746032 0.15432098765432095
4 0.3596230158730158 0.40784832451499115 0.06547619047619044 0.15432098765432095
4 0.4243551587301587 0.40652557319223986 0.06498015873015874 0.181657848324515
4 0.45535714285714285 0.43077601410934746 0.060515873015873044 0.17019400352733696
6 0.5868055555555555 0.2685185185185185 0.037698412698412655 0.12433862433862433
4 0.7792658730158729 0.44620811287477946 0.07738095238095241 0.1940035273368607
4 0.7175099206349206 0.5674603174603174 0.07093253968253975 0.23192239858906533
4 0.601438492063492 0.47354497354497355 0.0749007936507936 0.18342151675485013
4 0.22867063492063494 0.7160493827160493 0.12599206349206352 0.28042328042328035
1 0.2693452380952379 0.6847442680776011 0.5386904761904758 0.3095238095238092
1 0.7708333333333335 0.4316578483245149 0.4553571428571428 0.15961199294532624
