5 0.7969984202211691 0.6137640449438202 0.009478672985782026 0.022471910112359623
3 0.9320494186046511 0.4308785529715762 0.03125 0.14599483204134367
4 0.7892441860465115 0.5284237726098191 0.04941860465116278 0.12919896640826878
4 0.5603197674418605 0.3604651162790698 0.03052325581395351 0.08527131782945738
4 0.4694767441860465 0.48320413436692505 0.03779069767441854 0.14987080103359177
4 0.6013808139534883 0.6337209302325582 0.13880813953488372 0.20025839793281647
4 0.48219476744186046 0.8669250645994832 0.1417151162790698 0.21705426356589158
2 0.9607558139534873 0.4450904392764861 0.07848837209302327 0.11240310077519433
1 0.6170058139534883 0.43475452196382414 0.31250000000000017 0.12273901808785524
1 0.8582848837209298 0.6854005167958662 0.283430232558139 0.24418604651162826
0 0.04760174418604634 0.7112403100775186 0.09520348837209268 0.2028423772609815
