5 0.31200631911532384 0.8110955056179777 0.014218009478672933 0.02387640449438195
4 0.9221230158730159 0.4118165784832451 0.07142857142857154 0.11111111111111115
4 0.9208829365079364 0.30335097001763667 0.02430555555555557 0.13403880070546742
4 0.6946924603174602 0.4572310405643739 0.04811507936507937 0.11552028218694879
4 0.8531746031746031 0.6164021164021165 0.10019841269841265 0.15167548500881828
4 0.48784722222222227 0.4351851851851852 0.05803571428571438 0.1243386243386243
6 0.4878472222222222 0.25573192239858905 0.03621031746031747 0.09876543209876544
4 0.40029761904761896 0.3011463844797178 0.04464285714285715 0.11904761904761905
3 0.10416666666666669 0.3994708994708995 0.04960317460317463 0.15167548500881836
2 0.056795634920634906 0.42460317460317465 0.09374999999999999 0.14197530864197533
1 0.5027281746031743 0.4215167548500881 0.39732142857142855 0.1499118165784832
1 0.17658730158730154 0.7398589065255731 0.3531746031746031 0.3315696649029987
4 0.2366071428571427 0.7151675485008808 0.08432539682539679 0.22045855379188642
