5 0.6968340000000001 0.4112549999999999 0.007305000000000001 0.011544
4 0.5808531746031745 0.5436507936507937 0.0555555555555555 0.1507936507936508
2 0.532986111111111 0.5268959435626103 0.1294642857142857 0.17901234567901234
4 0.9176587301587301 0.5529100529100529 0.0625 0.20458553791887119
4 0.771577380952381 0.6305114638447972 0.06894841269841265 0.18342151675485
4 0.6840277777777777 0.5515873015873016 0.057539682539682675 0.23192239858906538
4 0.6897321428571428 0.5194003527336861 0.0689484126984128 0.22045855379188717
4 0.6130952380952381 0.61331569664903 0.06349206349206347 0.24955908289241627
4 0.4568452380952381 0.6635802469135803 0.06944444444444443 0.21075837742504405
4 0.40029761904761907 0.8051146384479719 0.07638888888888885 0.27513227513227506
4 0.40004960317460314 0.8919753086419752 0.09375 0.2107583774250442
4 0.31646825396825395 0.8531746031746031 0.06547619047619044 0.283068783068783
1 0.4995039682539683 0.8708112874779539 0.8055555555555555 0.25837742504409117
1 0.9265873015873015 0.5877425044091711 0.14682539682539683 0.20017636684303355
