5 0.43562401263823064 0.6720505617977528 0.01026856240126385 0.026685393258427014
3 0.7728499303621169 0.26880222841225626 0.06815807799442908 0.1281337047353761
2 0.8022284122562674 0.270891364902507 0.10811281337047347 0.11838440111420617
6 0.6200818245125348 0.10724233983286907 0.03212047353760454 0.11420612813370475
4 0.6807973537604457 0.3795264623955432 0.04857242339832865 0.15459610027855153
4 0.5127524373259053 0.46030640668523676 0.07912604456824511 0.18523676880222836
4 0.5354717966573815 0.633008356545961 0.1355327298050139 0.18245125348189412
4 0.1617775069637883 0.6768802228412255 0.071291782729805 0.24791086350974936
4 0.05483983286908077 0.4164345403899722 0.09244428969359329 0.18105849582172703
4 0.26558147632311974 0.282033426183844 0.04073816155988858 0.16852367688022288
4 0.3231633008356546 0.16991643454038996 0.04622214484679663 0.12813370473537603
4 0.40346448467966567 0.2736768802228412 0.10497910863509745 0.11559888579387188
4 0.4512534818941504 0.23050139275766018 0.05170612813370468 0.1350974930362117
1 0.39680536211699147 0.23816155988857937 0.3768279944289692 0.1977715877437326
1 0.7751566852367688 0.6253481894150412 0.4496866295264618 0.3844011142061278
