5 0.3420852359208524 0.8592692828146145 0.0144596651445967 0.016238159675236688
4 0.9231150793650792 0.34038800705467376 0.07242063492063508 0.1534391534391534
4 0.7802579365079367 0.22486772486772483 0.027777777777777856 0.12169312169312171
4 0.7202380952380952 0.2649911816578483 0.03670634920634924 0.11022927689594361
4 0.6458333333333333 0.38183421516754845 0.08134920634920632 0.14462081128747795
6 0.5726686507936507 0.9320987654320987 0.09474206349206347 0.13580246913580254
4 0.2507440476190476 0.7588183421516754 0.09672619047619048 0.25308641975308627
4 0.36706349206349204 0.19664902998236328 0.03968253968253968 0.1058201058201058
1 0.44370039682539664 0.332451499118166 0.38442460317460286 0.128747795414462
3 0.05233134920634921 0.2940917107583774 0.04712301587301587 0.1507936507936508
2 0.036458333333333336 0.29805996472663104 0.07291666666666667 0.1146384479717812
1 0.12698412698412698 0.5762786596119924 0.25396825396825395 0.26190476190476175
