5 0.6907470000000001 0.881674 0.006494 0.008658
4 0.7611607142857142 0.8500881834215167 0.07787698412698418 0.2363315696649029
4 0.6817956349206349 0.5692239858906525 0.06498015873015874 0.1719576719576719
4 0.5786210317460317 0.5030864197530864 0.05208333333333322 0.1649029982363315
4 0.605406746031746 0.3311287477954144 0.04414682539682538 0.1472663139329806
4 0.5500992063492063 0.26455026455026454 0.03571428571428569 0.11992945326278662
4 0.40798611111111105 0.6261022927689595 0.09375 0.19576719576719584
4 0.3504464285714286 0.30246913580246915 0.03918650793650791 0.12698412698412703
3 0.21205357142857142 0.28835978835978837 0.051091269841269805 0.13227513227513227
2 0.18501984126984128 0.27998236331569665 0.08531746031746032 0.13492063492063494
4 0.13864087301587302 0.34700176366843033 0.04414682539682541 0.11728395061728392
4 0.12103174603174603 0.33553791887125217 0.029761904761904746 0.13844797178130513
1 0.20758928571428562 0.554673721340388 0.41517857142857134 0.2698412698412699
1 0.5600198412698407 0.30511463844797165 0.3541666666666664 0.14462081128747833
