5 0.4771770000000001 0.60222 0.006079 0.007532
3 0.28596230158730157 0.5992063492063492 0.04811507936507933 0.12610229276895935
2 0.2048611111111111 0.6084656084656085 0.10416666666666664 0.14991181657848324
6 0.21750992063492064 0.8421516754850089 0.05902777777777778 0.2786596119929453
1 0.2921626984126979 0.8800705467372132 0.5783730158730148 0.2398589065255733
4 0.42063492063492064 0.685626102292769 0.06150793650793652 0.156084656084656
4 0.5493551587301587 0.5727513227513227 0.061011904761904746 0.12257495590828923
4 0.5411706349206349 0.5317460317460317 0.042658730158730125 0.1287477954144621
4 0.6622023809523809 0.5542328042328042 0.04960317460317462 0.1455026455026455
4 0.7048611111111112 0.6075837742504409 0.029761904761904816 0.15343915343915335
4 0.7254464285714286 0.6459435626102292 0.04117063492063494 0.1684303350970017
4 0.8640873015873015 0.5956790123456791 0.037698412698412655 0.1596119929453262
1 0.6659226190476175 0.6058201058201057 0.44394841269841206 0.15696649029982337
4 0.5481150793650792 0.7089947089947087 0.05357142857142912 0.1746031746031748
6 0.982886904761905 0.9559082892416216 0.03422619047619047 0.08818342151675473
