5 0.7879146919431279 0.625 0.013428120063190932 0.022471910112359553
6 0.2807539682539683 0.6238977072310405 0.05654761904761909 0.2283950617283953
3 0.9345238095238096 0.7076719576719577 0.0505952380952381 0.24955908289241605
2 0.962549603174603 0.7345679012345664 0.07490079365079319 0.1922398589065252
4 0.7095734126984128 0.5639329805996472 0.12748015873015872 0.1437389770723105
4 0.7085813492063491 0.7147266313932981 0.08680555555555557 0.20194003527336868
4 0.5744047619047619 0.7698412698412699 0.11309523809523803 0.2557319223985891
4 0.4682539682539682 0.5088183421516754 0.07638888888888878 0.13756613756613753
4 0.4228670634920635 0.537037037037037 0.06498015873015874 0.15167548500881836
4 0.0662202380952381 0.6252204585537918 0.07490079365079366 0.19400352733686063
4 0.040426587301587304 0.5749559082892417 0.07688492063492064 0.18871252204585545
1 0.33655753968253976 0.7627865961199296 0.6433531746031746 0.24867724867724894
