5 0.3854660347551343 0.42485955056179775 0.011058451816745673 0.02106741573033709
3 0.16691468253968253 0.5749559082892417 0.049107142857142884 0.1499118165784833
2 0.11259920634920625 0.5815696649029981 0.11904761904761896 0.17195767195767173
4 0.4332837301587301 0.40388007054673714 0.0887896825396825 0.12169312169312174
4 0.5967261904761905 0.4642857142857143 0.052579365079365135 0.12962962962962954
4 0.846974206349206 0.6706349206349205 0.09970238095238085 0.18959435626102328
4 0.49727182539682535 0.748236331569665 0.11359126984126988 0.22310405643738968
4 0.2837301587301587 0.6935626102292768 0.11111111111111115 0.18606701940035258
4 0.21155753968253968 0.623015873015873 0.08482142857142855 0.18606701940035264
6 0.016369047619047603 0.8500881834215176 0.0327380952380952 0.20634920634920462
1 0.201140873015873 0.8963844797178132 0.402281746031746 0.20723104056437358
1 0.6091269841269837 0.6115520282186937 0.4583333333333334 0.23544973544973563
