5 0.48259 0.565916 0.008013 0.010792
6 0.3256448412698413 0.482363315696649 0.02628968253968253 0.13932980599647274
1 0.19246031746031747 0.6186067019400339 0.3849206349206349 0.1649029982363313
1 0.045634920634920625 0.9149029982363315 0.09126984126984125 0.17019400352733663
4 0.6252480158730159 0.503968253968254 0.08680555555555557 0.11552028218694893
4 0.7103174603174602 0.4929453262786596 0.05952380952380949 0.1252204585537919
4 0.8601190476190476 0.5480599647266314 0.09424603174603177 0.1313932980599647
4 0.910218253968254 0.652116402116402 0.047619047619047734 0.14902998236331563
4 0.6701388888888888 0.6459435626102292 0.10019841269841265 0.13844797178130505
4 0.8149801587301587 0.9281305114638448 0.09027777777777786 0.13668430335097
0 0.9384920634920636 0.8866843033509696 0.12301587301587258 0.22663139329805942
