5 0.44270799999999993 0.626187 0.008013 0.007914
4 0.771577380952381 0.560405643738977 0.07390873015873012 0.1278659611992945
4 0.6314484126984127 0.5480599647266314 0.04662698412698425 0.10493827160493836
4 0.6061507936507937 0.5903880070546736 0.042658730158730125 0.13668430335097007
4 0.5567956349206349 0.554673721340388 0.07390873015873012 0.09523809523809526
4 0.507688492063492 0.5656966490299824 0.05803571428571423 0.14021164021164034
4 0.5257936507936508 0.6203703703703705 0.05753968253968253 0.10317460317460317
4 0.5798611111111112 0.7354497354497355 0.0813492063492064 0.16402116402116407
6 0.7259424603174603 0.9506172839506172 0.04414682539682531 0.09347442680776012
4 0.19692460317460317 0.6477072310405645 0.052579365079365094 0.16843033509700184
6 0.024305555555555552 0.8694885361552028 0.04563492063492063 0.2433862433862433
1 0.234375 0.8999118165784833 0.001488095238095255 0.0008818342151677427
1 0.11706349206349209 0.8977072310405646 0.23214285714285718 0.20458553791887094
1 0.30803571428571436 0.6067019400352729 0.44841269841269865 0.1622574955908284
