5 0.870192 0.67094 0.009615 0.009497
6 0.37152777777777773 0.29717813051146386 0.042658730158730195 0.16578483245149914
6 0.4806547619047619 0.6261022927689595 0.05357142857142854 0.2257495590828925
3 0.5218253968253969 0.39329805996472667 0.04563492063492056 0.16402116402116407
2 0.5300099206349206 0.3875661375661376 0.1125992063492064 0.17195767195767198
4 0.4895833333333331 0.4409171075837742 0.11011904761904749 0.1516754850088183
4 0.7457837301587301 0.6261022927689595 0.06398809523809533 0.14814814814814817
4 0.7527281746031745 0.5789241622574955 0.1413690476190476 0.16666666666666663
4 0.42460317460317454 0.6022927689594355 0.07043650793650791 0.1922398589065255
4 0.3601190476190476 0.6305114638447972 0.06150793650793652 0.21693121693121703
4 0.23561507936507936 0.6384479717813051 0.0863095238095238 0.20282186948853606
4 0.1902281746031746 0.5533509700176367 0.07688492063492064 0.2054673721340388
4 0.03397817460317461 0.4523809523809524 0.06398809523809523 0.18518518518518526
1 0.13368055555555558 0.4122574955908289 0.26736111111111116 0.18606701940035278
1 0.4370039682539681 0.7244268077601407 0.6666666666666664 0.31834215167548546
