5 0.788309636650869 0.6650280898876406 0.015797788309636615 0.02106741573033716
3 0.7028769841269841 0.38492063492063494 0.020833333333333287 0.0767195767195767
2 0.7053571428571428 0.38668430335097 0.05257936507936492 0.0802469135802469
1 0.48412698412698413 0.38536155202821876 0.21230158730158735 0.07760141093474424
1 0.7098214285714274 0.5467372134038803 0.29067460317460286 0.16402116402116407
4 0.5163690476190476 0.5127865961199294 0.07341269841269842 0.09435626102292773
4 0.45907738095238093 0.5105820105820106 0.03720238095238102 0.1128747795414462
4 0.23139880952380953 0.4466490299823633 0.06498015873015874 0.06437389770723108
4 0.2033730158730159 0.39726631393298056 0.03769841269841269 0.08906525573192241
6 0.18551587301587305 0.34523809523809523 0.04761904761904763 0.06261022927689598
6 0.1294642857142857 0.38888888888888884 0.01984126984126984 0.07407407407407413
4 0.08928571428571429 0.5246913580246914 0.07837301587301586 0.09876543209876537
4 0.0873015873015873 0.767636684303351 0.059523809523809514 0.14550264550264558
4 0.01636904761904762 0.7742504409171076 0.03273809523809524 0.2151675485008819
0 0.08159722222222215 0.6212522045855372 0.1631944444444443 0.19488536155202812
