5 0.7020547945205479 0.4262516914749662 0.008371385083713817 0.016238159675236757
3 0.9211309523809524 0.36948853615520283 0.05555555555555543 0.11287477954144624
2 0.9635416666666667 0.3703703703703704 0.0699404761904762 0.10582010582010586
4 0.9784226190476187 0.44885361552028236 0.04315476190476138 0.146384479717813
4 0.6257440476190476 0.34523809523809523 0.03621031746031747 0.0908289241622575
4 0.6026785714285714 0.4312169312169312 0.05853174603174608 0.11463844797178126
4 0.5597718253968255 0.39373897707231037 0.06597222222222221 0.09788359788359785
4 0.31274801587301587 0.47045855379188706 0.052083333333333356 0.12257495590828932
4 0.05927579365079365 0.4475308641975309 0.0560515873015873 0.13139329805996475
6 0.013640873015873016 0.32407407407407407 0.027281746031746032 0.12081128747795411
0 0.01711309523809524 0.6926807760141094 0.03422619047619048 0.14021164021164026
1 0.5877976190476184 0.3884479717813051 0.35317460317460286 0.11375661375661383
1 0.8767361111111112 0.6115520282186949 0.24355158730158735 0.24779541446208114
