5 0.29265402843601895 0.5709269662921348 0.01026856240126385 0.018258426966292093
3 0.7777777777777766 0.4069664902998236 0.07341269841269824 0.19664902998236344
2 0.7673611111111112 0.4056437389770723 0.12896825396825407 0.18518518518518515
4 0.9367559523809524 0.4673721340388007 0.07688492063492049 0.18694885361552024
4 0.665922619047619 0.6503527336860669 0.07291666666666657 0.20723104056437386
6 0.602430555555555 0.8694885361552026 0.0997023809523801 0.23809523809523825
4 0.5208333333333334 0.537037037037037 0.11805555555555557 0.15873015873015872
4 0.49801587301587225 0.5771604938271604 0.09523809523809507 0.14021164021164065
4 0.32787698412698413 0.4876543209876544 0.11210317460317462 0.16754850088183432
1 0.714285714285714 0.8117283950617277 0.5714285714285711 0.37654320987654194
