5 0.8036529680365296 0.5270635994587279 0.009132420091324178 0.012178619756427622
6 0.33878968253968256 0.3734567901234568 0.032738095238095254 0.10317460317460317
3 0.16939484126984128 0.42901234567901225 0.0431547619047619 0.08730158730158727
2 0.16195436507936506 0.4135802469135801 0.06994047619047618 0.09347442680776004
4 0.11185515873015872 0.46075837742504405 0.04811507936507937 0.09788359788359792
4 0.10168650793650795 0.4387125220458553 0.049603174603174593 0.10670194003527335
4 0.47147817460317465 0.4149029982363316 0.04017857142857139 0.08201058201058203
4 0.4751984126984127 0.4647266313932981 0.04960317460317462 0.12345679012345684
4 0.20138888888888892 0.6018518518518519 0.06646825396825395 0.14021164021164026
4 0.14484126984126985 0.6970899470899471 0.06944444444444445 0.19841269841269843
4 0.36805555555555536 0.7694003527336859 0.06547619047619056 0.23015873015873045
6 0.17931547619047605 0.9034391534391533 0.08382936507936505 0.1931216931216937
1 0.16989087301587294 0.641093474426808 0.3377976190476189 0.22398589065255659
4 0.7710813492063491 0.8747795414462081 0.08581349206349202 0.23985890652557315
4 0.6887400793650794 0.7530864197530863 0.06200396825396837 0.22222222222222215
4 0.6656746031746031 0.7473544973544974 0.037698412698412655 0.17195767195767203
1 0.4885912698412694 0.43298059964726604 0.3075396825396824 0.1005291005291003
