5 0.265422 0.4992779999999999 0.00487 0.008658
3 0.10912698412698411 0.390652557319224 0.028769841269841282 0.10229276895943556
2 0.09573412698412698 0.40652557319223986 0.07242063492063493 0.09347442680776019
6 0.018353174603174604 0.4942680776014109 0.03670634920634921 0.11904761904761905
1 0.1297123015873015 0.6071428571428571 0.257440476190476 0.21252204585538037
4 0.09846230158730158 0.6441798941798942 0.09970238095238097 0.15784832451499115
4 0.22495039682539683 0.47883597883597884 0.07787698412698411 0.08994708994709001
4 0.28621031746031744 0.5855379188712522 0.07242063492063494 0.12522045855379177
1 0.3700396825396821 0.40035273368606666 0.24801587301587283 0.1005291005291002
4 0.6433531746031745 0.48236331569664903 0.03968253968253968 0.11992945326278658
4 0.6103670634920634 0.5595238095238095 0.06696428571428577 0.1384479717813052
4 0.8040674603174602 0.40079365079365076 0.046626984126984045 0.09611992945326285
4 0.8792162698412699 0.5123456790123457 0.06994047619047607 0.09876543209876544
4 0.6569940476190476 0.32804232804232814 0.03621031746031747 0.07583774250440918
0 0.8789682539682534 0.6807760141093473 0.24206349206349193 0.2663139329805991
