5 0.418483 0.5261160000000001 0.006624 0.007977
6 0.16170634920634921 0.47354497354497355 0.04265873015873014 0.10758377425044102
4 0.2013888888888889 0.5454144620811288 0.0873015873015873 0.11022927689594361
4 0.3742559523809524 0.4832451499118166 0.0749007936507936 0.09700176366843039
4 0.4610615079365079 0.4708994708994709 0.06795634920634924 0.10758377425044088
4 0.8340773809523809 0.5171957671957672 0.09871031746031747 0.10670194003527335
4 0.6711309523809524 0.6631393298059964 0.09523809523809526 0.12874779541446216
4 0.28844246031746035 0.8059964726631392 0.097718253968254 0.1358024691358024
0 0.07688492063492063 0.859788359788359 0.15376984126984122 0.22222222222222257
1 0.7916666666666673 0.591269841269841 0.41170634920634946 0.13844797178130566
1 0.9273313492063475 0.8765432098765413 0.14533730158730115 0.2257495590828919
