5 0.13467614533965244 0.5316011235955056 0.010268562401263831 0.023876404494381945
3 0.28320856545961 0.5167130919220055 0.071291782729805 0.11142061281337057
2 0.26009749303621166 0.5132311977715878 0.10967966573816156 0.16852367688022285
4 0.16216922005571033 0.4526462395543176 0.02977019498607243 0.14763231197771595
4 0.2072162256267409 0.44428969359331477 0.08696030640668524 0.13927576601671313
4 0.4120821727019498 0.45891364902506965 0.053272980501392835 0.17130919220055701
4 0.3686020194986072 0.5243732590529249 0.06345752089136489 0.16573816155988866
4 0.5084435933147633 0.5752089136490249 0.10967966573816149 0.1810584958217271
4 0.6784470752089136 0.5403899721448469 0.1143802228412256 0.16713091922005574
4 0.9079909470752088 0.5313370473537604 0.05797353760445688 0.17409470752089135
1 0.7612726323119776 0.5201949860724229 0.4774547353760448 0.21030640668523662
1 0.3063196378830083 0.852367688022283 0.6126392757660166 0.29526462395543085
