5 0.5132338787295477 0.776732249786142 0.006256015399422523 0.0068434559452524015
3 0.9799107142857143 0.11331569664902999 0.024305555555555712 0.1472663139329806
2 0.9786706349206349 0.12610229276895943 0.041666666666666574 0.1252204585537919
4 0.6448412698412699 0.059082892416225746 0.0694444444444445 0.09171075837742503
4 0.8772321428571429 0.6084656084656085 0.09275793650793646 0.19047619047619044
4 0.5582837301587302 0.710758377425044 0.1294642857142857 0.19753086419753083
4 0.45138888888888884 0.5731922398589065 0.11607142857142855 0.22751322751322747
4 0.1324404761904762 0.3337742504409171 0.14980158730158732 0.1525573192239859
4 0.14930555555555558 0.44488536155202824 0.05654761904761907 0.1613756613756613
6 0.38566468253968256 0.8888888888888888 0.07886904761904759 0.1358024691358024
0 0.029265873015873023 0.4444444444444445 0.058531746031746046 0.19223985890652567
1 0.6091269841269835 0.1309523809523809 0.3521825396825392 0.1472663139329805
1 0.8544146825396828 0.436507936507936 0.28918650793650763 0.31216931216931143
