5 0.235795 0.8557000000000001 0.010552 0.01443
6 0.558531746031746 0.26102292768959434 0.037698412698412655 0.1287477954144621
3 0.2728174603174603 0.37918871252204583 0.05654761904761905 0.13756613756613756
2 0.25595238095238093 0.37742504409171074 0.1111111111111111 0.14814814814814814
4 0.27529761904761907 0.42151675485008816 0.038690476190476206 0.1375661375661376
4 0.32167658730158727 0.39991181657848324 0.04811507936507933 0.14726631393298065
4 0.40600198412698413 0.4087301587301587 0.05406746031746039 0.1507936507936508
4 0.43477182539682546 0.4153439153439153 0.05902777777777778 0.1763668430335097
4 0.574156746031746 0.45767195767195773 0.07688492063492071 0.17283950617283955
4 0.7028769841269841 0.4576719576719577 0.026785714285714305 0.22751322751322747
4 0.7212301587301587 0.5282186948853616 0.07440476190476175 0.181657848324515
4 0.17435515873015872 0.7341269841269841 0.07688492063492065 0.27425044091710743
1 0.25446428571428564 0.6843033509700177 0.5089285714285713 0.30335097001763656
1 0.7601686507936505 0.42592592592592554 0.47966269841269904 0.15696649029982332
