5 0.21484992101105846 0.6853932584269663 0.01579778830963665 0.022471910112359553
3 0.5243055555555556 0.5299823633156967 0.05357142857142861 0.2186948853615521
2 0.4848710317460318 0.5648148148148148 0.14236111111111122 0.18606701940035264
4 0.484126984126984 0.5070546737213404 0.05357142857142854 0.19047619047619052
4 0.3705357142857143 0.5233686067019401 0.06646825396825391 0.14021164021164026
4 0.269593253968254 0.5753968253968254 0.08283730158730161 0.15608465608465608
4 0.5969742063492063 0.572310405643739 0.07688492063492056 0.1534391534391535
4 0.628968253968254 0.5105820105820106 0.05456349206349209 0.1252204585537919
4 0.7108134920634922 0.7632275132275131 0.05952380952380949 0.2724867724867724
4 0.636656746031746 0.9254850088183421 0.11061507936507929 0.14550264550264544
1 0.9067460317460316 0.6216931216931216 0.18154761904761912 0.2222222222222222
1 0.4600694444444442 0.8897707231040561 0.8358134920634916 0.2204585537918877
