5 0.3017503805175038 0.6975642760487145 0.014459665144596628 0.01759133964817323
6 0.3784722222222222 0.4298941798941799 0.03174603174603177 0.1578483245149912
3 0.6292162698412699 0.5348324514991182 0.07291666666666664 0.14197530864197533
2 0.6922123015873015 0.5211640211640212 0.11458333333333336 0.14814814814814817
4 0.5324900793650794 0.5365961199294533 0.03918650793650798 0.1772486772486773
4 0.42956349206349204 0.5524691358024691 0.04464285714285715 0.1649029982363315
4 0.4744543650793651 0.7297178130511464 0.08482142857142862 0.18430335097001765
4 0.4250992063492064 0.6111111111111112 0.05257936507936506 0.16049382716049373
4 0.39608134920634924 0.5992063492063493 0.055059523809523725 0.1543209876543211
4 0.3685515873015873 0.6344797178130512 0.08531746031746032 0.15784832451499128
4 0.20907738095238096 0.7297178130511466 0.06001984126984124 0.25661375661375657
1 0.20610119047619055 0.5639329805996467 0.41220238095238104 0.15784832451499117
1 0.7031249999999994 0.8364197530864199 0.5877976190476184 0.30599647266313945
