5 0.48538704581358616 0.49438202247191015 0.01026856240126385 0.016853932584269628
3 0.7375992063492063 0.537037037037037 0.04861111111111114 0.14638447971781304
2 0.8035714285714285 0.5502645502645499 0.10912698412698407 0.1640211640211641
4 0.4305555555555556 0.5057319223985891 0.04861111111111107 0.1472663139329807
4 0.39608134920634924 0.458994708994709 0.04910714285714285 0.1119929453262786
4 0.23983134920634921 0.6380070546737214 0.05307539682539684 0.1737213403880071
4 0.07961309523809523 0.5718694885361552 0.039186507936507936 0.16313932980599646
4 0.07291666666666666 0.5114638447971781 0.047619047619047616 0.13756613756613767
1 0.3241567460317461 0.5335097001763666 0.4548611111111112 0.23456790123456805
1 0.7544642857142856 0.8734567901234561 0.4910714285714285 0.25308641975308566
