5 0.419605 0.519943 0.0069440000000000005 0.011396
6 0.7795138888888888 0.39726631393298056 0.03918650793650798 0.13668430335097
4 0.9171626984126985 0.5740740740740741 0.12202380952380949 0.13227513227513235
4 0.49677579365079366 0.61331569664903 0.09374999999999993 0.14726631393298056
4 0.4409722222222222 0.458994708994709 0.05753968253968253 0.11375661375661388
4 0.31870039682539686 0.597442680776014 0.07787698412698414 0.1455026455026455
4 0.3191964285714286 0.847442680776014 0.10267857142857145 0.20105820105820102
4 0.2683531746031746 0.5202821869488536 0.07043650793650791 0.11111111111111122
1 0.5900297619047618 0.5947971781305115 0.4618055555555555 0.16313932980599627
1 0.8340773809523795 0.8844797178130517 0.33184523809523625 0.22927689594356196
