5 0.581375 0.536738 0.006133 0.00809
4 0.2857142857142859 0.4426807760141095 0.03670634920634928 0.1340388007054673
4 0.32663690476190477 0.4440035273368606 0.045138888888888895 0.13492063492063486
4 0.24330357142857145 0.5335097001763668 0.0530753968253968 0.15167548500881836
4 0.12227182539682539 0.5868606701940036 0.05406746031746032 0.1701940035273369
4 0.4260912698412698 0.6922398589065256 0.06448412698412696 0.18165784832451493
4 0.646577380952381 0.6878306878306879 0.05307539682539684 0.16754850088183418
4 0.6644345238095238 0.5573192239858906 0.07291666666666664 0.1287477954144621
4 0.48611111111111116 0.8778659611992944 0.08432539682539691 0.2372134038800705
0 0.2338789682539682 0.8606701940035264 0.4677579365079364 0.27865961199294487
