5 0.3793759512937595 0.6021650879566982 0.012937595129375978 0.018944519621109636
6 0.3270804317548746 0.3084958217270195 0.02898676880222837 0.10167130919220056
4 0.5072684540389971 0.42757660167130923 0.08382660167130915 0.11420612813370475
4 0.6330083565459609 0.49582172701949856 0.09557799442896922 0.10306406685236766
4 0.9432451253481888 0.5153203342618383 0.0861768802228411 0.14484679665738154
4 0.6666956824512533 0.7416434540389971 0.13944986072423396 0.2158774373259054
4 0.26832346796657375 0.6594707520891364 0.06032381615598883 0.1657381615598887
4 0.4081650417827298 0.5153203342618384 0.04700557103064064 0.16155988857938725
4 0.34823293871866295 0.44498607242339827 0.1104630919220056 0.11838440111420617
4 0.14258356545961 0.5132311977715878 0.05327298050139275 0.16573816155988857
3 0.07364206128133705 0.4178272980501393 0.05327298050139274 0.1364902506963788
4 0.024677924791086346 0.3969359331476323 0.030553621169916428 0.10863509749303624
2 0.032903899721448464 0.4338440111420611 0.06580779944289693 0.11838440111420617
1 0.12417305013927575 0.6901114206128136 0.2483461002785515 0.2576601671309189
1 0.4355849582172702 0.44289693593314733 0.3791782729805013 0.12534818941504175
