5 0.666802 0.634921 0.008929 0.017316
3 0.6130309888579386 0.5299442896935933 0.07442548746518092 0.1295264623955431
2 0.5907033426183843 0.49512534818941506 0.1316155988857939 0.17130919220055715
4 0.8178969359331475 0.5146239554317549 0.062674094707521 0.17409470752089143
4 0.8903638579387185 0.7096100278551531 0.09636142061281333 0.1991643454038998
4 0.7607068245125348 0.5995821727019499 0.06424094707520879 0.21866295264623958
4 0.7046918523676879 0.49860724233983283 0.11986420612813362 0.15598885793871858
4 0.4203081476323119 0.6260445682451253 0.12613161559888575 0.19080779944289689
4 0.2722405988857938 0.777158774373259 0.07755919220055713 0.2089136490250698
4 0.21622562674094706 0.6727019498607243 0.08774373259052921 0.222841225626741
4 0.04387186629526462 0.7137883008356541 0.08774373259052921 0.22423398328690755
1 0.5679839832869074 0.8440111420612793 0.7536559888579377 0.3008356545960989
1 0.9494690111420603 0.5452646239554312 0.10106197771587713 0.17409470752089123
