5 0.5818829999999999 0.540406 0.011956 0.013114
4 0.2822420634920635 0.4470899470899471 0.03571428571428569 0.13580246913580246
4 0.3226686507936508 0.4409171075837742 0.03125 0.13227513227513227
4 0.2395833333333333 0.5410052910052913 0.050595238095238096 0.14726631393298104
4 0.11879960317460317 0.5842151675485009 0.05307539682539684 0.17724867724867735
4 0.4208829365079365 0.6865079365079364 0.06894841269841265 0.17901234567901228
0 0.228422619047619 0.8580246913580245 0.45585317460317454 0.2839506172839507
4 0.47966269841269843 0.8840388007054674 0.08234126984126988 0.21957671957671948
4 0.6450892857142858 0.687389770723104 0.05406746031746039 0.16313932980599646
4 0.6622023809523809 0.5559964726631393 0.07738095238095234 0.12962962962962962
