5 0.7847551342812005 0.6158707865168539 0.011848341232227569 0.015449438202247166
6 0.13665674603174602 0.3447971781305115 0.0431547619047619 0.13580246913580243
3 0.4288194444444444 0.4929453262786596 0.06398809523809518 0.12345679012345684
2 0.44692460317460314 0.4841269841269842 0.10515873015873012 0.14814814814814817
4 0.525297619047619 0.43738977072310403 0.03670634920634917 0.13227513227513227
4 0.564484126984127 0.43871252204585537 0.03968253968253976 0.13315696649029987
4 0.6468253968253969 0.5026455026455027 0.06150793650793645 0.13403880070546742
4 0.7492559523809524 0.5321869488536155 0.057043650793650896 0.1261022927689595
4 0.5964781746031745 0.6847442680776014 0.07192460317460309 0.16137566137566126
4 0.20337301587301584 0.8977072310405643 0.10218253968253968 0.20105820105820102
1 0.42733134920634896 0.8090828924162266 0.6254960317460315 0.31657848324514903
4 0.3479662698412699 0.49029982363315694 0.04613095238095241 0.13580246913580246
4 0.26066468253968256 0.5458553791887125 0.04910714285714285 0.14109347442680772
4 0.21378968253968253 0.48456790123456783 0.05158730158730162 0.1507936507936508
1 0.0984623015873016 0.5299823633156966 0.1949404761904762 0.17989417989417988
