5 0.6209419999999999 0.591631 0.012987 0.011544
3 0.013709958217270193 0.42061281337047357 0.025853064066852362 0.09749303621169915
4 0.280466573816156 0.49233983286908084 0.02977019498607241 0.11281337047353766
4 0.30945334261838436 0.5076601671309193 0.03603760445682447 0.08217270194986077
4 0.4156075905292479 0.7144846796657381 0.08696030640668524 0.14206128133704737
4 0.7513057103064065 0.4387186629526462 0.034470752089136594 0.09192200557103064
4 0.8214223537604457 0.46727019498607236 0.08225974930362114 0.11559888579387184
4 0.9565633704735376 0.5006963788300836 0.05483983286908071 0.13509749303621163
1 0.3027942200557105 0.4122562674094707 0.27654944289693606 0.10584958217270193
1 0.0881354456824512 0.6364902506963778 0.1762708913649024 0.2311977715877433
0 0.8601584261838436 0.7089136490250704 0.27968314763231095 0.28969359331476285
