5 0.6623379999999999 0.531746 0.00974 0.015873
3 0.280466573816156 0.4394150417827298 0.08774373259052921 0.1350974930362117
2 0.18097144846796656 0.41364902506963785 0.13161559888579386 0.16991643454039
6 0.05444811977715878 0.7151810584958217 0.10889623955431754 0.26880222841225615
4 0.36977715877437317 0.6796657381615598 0.0877437325905293 0.21727019498607233
4 0.5264623955431754 0.5167130919220057 0.13004874651810588 0.1532033426183844
4 0.6729630919220055 0.4032033426183844 0.08931058495821738 0.16295264623955433
4 0.7665825208913648 0.5647632311977716 0.13396587743732596 0.22423398328690816
1 0.7321117688022284 0.4477715877437326 0.49904247910863503 0.20194986072423404
1 0.24207869080779923 0.7994428969359325 0.48415738161559846 0.40111420612813364
