5 0.6943990000000001 0.8968249999999999 0.007305000000000001 0.012987
3 0.21006944444444442 0.26278659611992944 0.04315476190476193 0.1287477954144621
4 0.1865079365079365 0.304673721340388 0.03472222222222222 0.13139329805996475
4 0.1579861111111111 0.2998236331569665 0.03224206349206348 0.12698412698412695
2 0.16865079365079366 0.2623456790123457 0.07837301587301586 0.12610229276895943
4 0.3273809523809524 0.2751322751322751 0.0436507936507936 0.12698412698412695
4 0.45659722222222227 0.2588183421516755 0.04414682539682538 0.11904761904761908
4 0.6240079365079365 0.29850088183421514 0.042658730158730264 0.13668430335096995
1 0.5585317460317454 0.2782186948853614 0.36011904761904723 0.14726631393298084
4 0.6240079365079365 0.4466490299823633 0.05555555555555557 0.14373897707231037
4 0.7482638888888888 0.5119047619047619 0.07192460317460317 0.1649029982363316
4 0.7485119047619048 0.8549382716049382 0.09821428571428584 0.25661375661375674
4 0.43576388888888884 0.6036155202821872 0.09970238095238079 0.15432098765432095
1 0.20709325396825373 0.541005291005291 0.41418650793650746 0.2795414462081127
