5 0.23341232227488148 0.488061797752809 0.010268562401263814 0.026685393258427014
3 0.9091660863509747 0.5285515320334262 0.043088440111420566 0.1518105849582173
2 0.9565633704735376 0.5605849582172702 0.08617688022284127 0.14623955431754873
6 0.7830344707520891 0.3537604456824512 0.025853064066852484 0.09470752089136489
4 0.8672527855153203 0.5717270194986073 0.034470752089136455 0.14902506963788306
4 0.8006615598885793 0.46587743732590525 0.037604456824512626 0.08495821727019497
4 0.6988161559888578 0.39972144846796653 0.034470752089136455 0.09192200557103071
4 0.6745299442896936 0.3593314763231198 0.03760445682451248 0.08913649025069635
4 0.5350800835654596 0.6225626740947076 0.056406685236768866 0.1476323119777159
4 0.4947336350974931 0.5543175487465181 0.052489554317548724 0.14206128133704737
1 0.5734679665738162 0.5194986072423401 0.3494080779944288 0.18662952646239556
1 0.8515407381615592 0.8572423398328689 0.2969185236768799 0.28551532033426197
4 0.1566852367688022 0.6392757660167131 0.042305013927576594 0.16434540389972135
4 0.11986420612813369 0.49582172701949856 0.036037604456824524 0.13091922005571027
