5 0.19196399999999997 0.497835 0.005682 0.008658
4 0.880952380952381 0.42945326278659607 0.051587301587301654 0.13932980599647266
4 0.8033234126984127 0.435626102292769 0.04712301587301582 0.1287477954144621
4 0.6026785714285715 0.5458553791887125 0.10416666666666671 0.11992945326278658
4 0.5910218253968255 0.45811287477954143 0.03918650793650805 0.13668430335097015
4 0.38293650793650796 0.4431216931216932 0.042658730158730195 0.11904761904761905
4 0.33754960317460314 0.5158730158730158 0.12152777777777772 0.10934744268077601
4 0.1284722222222222 0.7826278659611993 0.09623015873015872 0.19312169312169303
0 0.22668650793650807 0.8619929453262783 0.45337301587301615 0.2760141093474424
1 0.9340277777777776 0.5753968253968251 0.131944444444444 0.14902998236331555
