5 0.7215639810426541 0.5294943820224719 0.011848341232227569 0.019662921348314554
3 0.574156746031746 0.47707231040564374 0.04414682539682538 0.12345679012345684
2 0.5875496031746031 0.4717813051146385 0.08085317460317448 0.12522045855379196
4 0.6421130952380952 0.5 0.040178571428571314 0.10229276895943563
4 0.6840277777777777 0.48236331569664903 0.04563492063492063 0.08994708994709001
4 0.4898313492063492 0.5141093474426808 0.051091269841269736 0.13227513227513235
4 0.7033730158730159 0.8139329805996474 0.08432539682539683 0.20105820105820102
4 0.34598214285714285 0.7288359788359787 0.060019841269841265 0.15079365079365076
4 0.40079365079365076 0.5639329805996472 0.047619047619047665 0.1649029982363316
4 0.2986111111111111 0.5004409171075838 0.03670634920634917 0.1278659611992945
1 0.1879960317460316 0.506172839506173 0.3749999999999997 0.15343915343915293
1 0.6014384920634922 0.7517636684303349 0.5163690476190481 0.27601410934744297
6 0.9905753968253969 0.6415343915343911 0.01884920634920623 0.19135802469135782
