5 0.6749190000000002 0.69697 0.007305000000000001 0.01443
6 0.39484679665738154 0.32869080779944293 0.03290389972144844 0.12813370473537603
1 0.5589745821727015 0.4261838440111422 0.42226671309192165 0.14484679665738162
4 0.9420264623955431 0.5933147632311978 0.11594707520891374 0.18941504178272978
4 0.12299791086350968 0.7291086350974929 0.16922005571030632 0.2214484679665737
4 0.18684714484679663 0.4282729805013928 0.05405640668523679 0.14623955431754865
4 0.12730675487465182 0.4366295264623956 0.03838788300835654 0.13788300835654602
3 0.13318245125348188 0.4032033426183844 0.072075208913649 0.12116991643454042
2 0.0853934540389972 0.3983286908077997 0.12378133704735376 0.13649025069637832
4 0.028595055710306395 0.5118384401114209 0.05719011142061279 0.16016713091922066
1 0.16961176880222825 0.6928969359331484 0.3392235376044565 0.29665738161559896
