5 0.170455 0.5122659999999999 0.006494 0.008658
4 0.8385416666666665 0.41490299823633153 0.03422619047619051 0.12433862433862437
4 0.7663690476190476 0.42857142857142855 0.05357142857142847 0.12345679012345684
4 0.5863095238095238 0.5343915343915344 0.12698412698412703 0.12345679012345684
4 0.5510912698412698 0.4523809523809524 0.03571428571428569 0.12698412698412703
4 0.32936507936507936 0.5304232804232804 0.11309523809523814 0.11022927689594347
4 0.3249007936507936 0.45326278659611985 0.0456349206349206 0.12698412698412703
4 0.10912698412698414 0.7799823633156967 0.10813492063492067 0.1878306878306877
1 0.9045138888888888 0.5798059964726631 0.19097222222222207 0.1649029982363317
0 0.19196428571428567 0.8672839506172835 0.38392857142857134 0.2654320987654317
