5 0.30173775671406006 0.5765449438202247 0.011058451816745639 0.015449438202247166
3 0.7819940476190476 0.5498236331569665 0.059027777777777714 0.1507936507936508
2 0.9253472222222223 0.5740740740740741 0.1284722222222223 0.1957671957671959
6 0.453125 0.3694885361552028 0.03621031746031747 0.15696649029982365
4 0.5243055555555556 0.48897707231040566 0.04861111111111114 0.13492063492063494
4 0.5845734126984127 0.5736331569664903 0.07986111111111115 0.15255731922398597
4 0.6989087301587301 0.6115520282186949 0.10019841269841265 0.13668430335097
4 0.785714285714286 0.6380070546737197 0.09424603174603227 0.16313932980599335
4 0.9221230158730159 0.9404761904761904 0.0892857142857143 0.11552028218694872
1 0.7646329365079364 0.8871252204585539 0.47073412698412737 0.22398589065255733
4 0.3053075396825397 0.9228395061728395 0.11160714285714281 0.14550264550264558
4 0.38715277777777785 0.5013227513227513 0.09474206349206347 0.12610229276895943
4 0.12574404761904762 0.8165784832451499 0.08978174603174603 0.19929453262786595
1 0.3516865079365076 0.5886243386243385 0.5317460317460312 0.20017636684303397
