5 0.17248399999999997 0.5122659999999999 0.005682 0.008658
4 0.8472754178272979 0.4199164345403899 0.03682103064066851 0.1406685236768802
4 0.7763753481894149 0.42409470752089135 0.05013927576601674 0.12116991643454035
4 0.5879613509749303 0.536908077994429 0.13396587743732583 0.11838440111420617
4 0.56054143454039 0.451949860724234 0.035254178272980496 0.1295264623955431
4 0.32316330083565453 0.5271587743732591 0.10889623955431756 0.10167130919220056
4 0.3309975626740947 0.4505571030640668 0.030553621169916455 0.1183844011142061
4 0.11046309192200557 0.7806406685236769 0.09557799442896936 0.19637883008356552
0 0.20016538997214484 0.8732590529247908 0.40033077994428967 0.25348189415041705
1 0.9083826601671308 0.5849582172701949 0.17940459610027845 0.17270194986072412
