5 0.372329 0.43209899999999996 0.007479 0.009117
3 0.6708829365079364 0.5564373897707232 0.061011904761904816 0.20811287477954152
2 0.7430555555555555 0.5687830687830688 0.16468253968253962 0.2257495590828925
4 0.9751984126984128 0.7239858906525573 0.049603174603174344 0.3015873015873014
4 0.5540674603174603 0.742504409171076 0.09126984126984126 0.3209876543209876
4 0.48611111111111116 0.6040564373897708 0.08035714285714285 0.26807760141093473
4 0.5451388888888888 0.562610229276896 0.07043650793650805 0.1569664902998236
4 0.6011904761904762 0.5727513227513227 0.0674603174603174 0.17901234567901228
4 0.2993551587301587 0.652116402116402 0.11557539682539683 0.25308641975308643
4 0.3251488095238095 0.48456790123456783 0.08779761904761905 0.1807760141093474
4 0.2743055555555556 0.4431216931216932 0.06150793650793652 0.19841269841269843
4 0.11532738095238095 0.5890652557319224 0.10962301587301589 0.2028218694885362
1 0.185267857142857 0.6159611992945329 0.370535714285714 0.24074074074073984
1 0.671130952380951 0.9047619047619044 0.6577380952380939 0.19047619047619097
