5 0.20941600000000002 0.6442999999999999 0.008117 0.012987
4 0.31376218662952643 0.5591922005571031 0.08069289693593319 0.13509749303621163
4 0.3780031337047353 0.552924791086351 0.1590355153203343 0.20055710306406688
3 0.4383269498607242 0.6239554317548747 0.08696030640668524 0.1420612813370475
2 0.3999390668523678 0.6107242339832862 0.1370995821727019 0.18802228412256386
4 0.5707259749303621 0.5974930362116991 0.09009401114206134 0.20334261838440126
4 0.7058669916434539 0.5264623955431754 0.053272980501392765 0.16713091922005574
4 0.8116295264623955 0.5981894150417828 0.06424094707520879 0.1880222841225627
4 0.7610985376044568 0.7701949860724233 0.16686977715877432 0.20055710306406682
4 0.6827559192200556 0.6462395543175488 0.07285863509749291 0.1922005571030641
4 0.5397806406685237 0.9213091922005572 0.08774373259052919 0.15738161559888558
1 0.38466225626740935 0.913649025069638 0.7693245125348187 0.17270194986072354
1 0.86133356545961 0.6692200557103063 0.2773328690807798 0.2409470752089131
