5 0.5153994225216555 0.47262617621899056 0.005774783445620883 0.004277159965782786
4 0.7458217270194986 0.4672701949860724 0.08461002785515319 0.12674094707520894
4 0.7885184540389971 0.3892757660167131 0.0462221448467966 0.1128133704735376
4 0.7375957520891364 0.3739554317548746 0.030553621169916455 0.10445682451253482
4 0.7027332869080779 0.4575208913649025 0.08461002785515319 0.13509749303621163
4 0.6145978412256267 0.3885793871866295 0.15590181058495822 0.10584958217270199
4 0.41404073816155984 0.4032033426183844 0.03995473537604454 0.14345403899721446
4 0.21661733983286907 0.5201949860724234 0.058756963788300816 0.18245125348189412
4 0.2714571727019498 0.7123955431754875 0.05405640668523674 0.20752089136490248
4 0.28986768802228396 0.8969359331476325 0.14101671309192187 0.18941504178273016
1 0.1018454038997214 0.5264623955431751 0.2036908077994428 0.211699164345404
0 0.8480153203342617 0.8530640668523672 0.30396935933147606 0.29387186629526385
