5 0.301816 0.677263 0.006466 0.009497
6 0.7710813492063491 0.4184303350970018 0.04712301587301582 0.1613756613756613
3 0.4184027777777778 0.6115520282186949 0.050099206349206324 0.2037037037037038
2 0.3871527777777778 0.6331569664902998 0.12648809523809518 0.17989417989417988
4 0.5791170634920635 0.661816578483245 0.08283730158730165 0.18077601410934746
4 0.9350198412698413 0.4501763668430335 0.060515873015873044 0.17195767195767198
4 0.8591269841269841 0.6675485008818342 0.04960317460317455 0.20282186948853614
4 0.8236607142857143 0.7319223985890653 0.14930555555555572 0.18518518518518512
4 0.851686507936508 0.9303350970017635 0.0863095238095238 0.1358024691358024
4 0.7167658730158729 0.9162257495590828 0.051587301587301654 0.15520282186948847
1 0.8311011904761901 0.6450617283950619 0.33779761904761846 0.20899470899470893
1 0.4833829365079365 0.9082892416225764 0.7326388888888888 0.17283950617283947
