5 0.8264840182648402 0.6359945872801083 0.012176560121765476 0.013531799729364025
6 0.931102019498607 0.44428969359331477 0.06659122562674086 0.1504178272980502
4 0.84375 0.5403899721448469 0.07364206128133688 0.18941504178272972
3 0.6196901114206128 0.39136490250696376 0.042305013927576525 0.14206128133704737
2 0.6271326601671308 0.3920612813370474 0.09479456824512532 0.12674094707520894
4 0.48141538997214484 0.383008356545961 0.06972493036211702 0.11699164345403901
4 0.5272458217270194 0.46030640668523676 0.05170612813370468 0.12674094707520886
4 0.48024025069637877 0.5041782729805014 0.06424094707520894 0.10027855153203341
4 0.4590877437325905 0.548050139275766 0.04073816155988858 0.11559888579387184
1 0.2154422005571032 0.43384401114206134 0.39484679665738187 0.12674094707520892
1 0.6913736072423391 0.6448467966573813 0.5523154596100275 0.2534818941504177
