5 0.8175355450236966 0.5983146067415731 0.017377567140600264 0.02528089887640448
6 0.12648809523809523 0.27336860670194 0.043650793650793634 0.14285714285714285
3 0.4027777777777778 0.5 0.056547619047619124 0.16754850088183432
4 0.4263392857142857 0.5308641975308642 0.03918650793650791 0.1287477954144621
2 0.41145833333333326 0.47310405643738973 0.10466269841269842 0.1578483245149912
4 0.578125 0.4391534391534392 0.04811507936507937 0.162257495590829
4 0.6684027777777777 0.46957671957671965 0.050099206349206185 0.13315696649029982
4 0.683531746031746 0.5044091710758377 0.05357142857142861 0.12345679012345684
4 0.7276785714285716 0.5440917107583775 0.11805555555555557 0.12345679012345669
4 0.5106646825396826 0.7623456790123455 0.056051587301587276 0.24779541446208106
4 0.3898809523809524 0.5771604938271605 0.11408730158730158 0.18783068783068785
4 0.16741071428571427 0.6291887125220454 0.09970238095238097 0.177248677248677
1 0.07341269841269837 0.5101410934744267 0.14682539682539675 0.19312169312169358
1 0.3762400793650793 0.8346560846560842 0.6473214285714284 0.3306878306878309
