5 0.7329549999999999 0.608225 0.00974 0.012987
3 0.13541666666666669 0.43253968253968256 0.066468253968254 0.13668430335097
2 0.026537698412698416 0.4281305114638448 0.05307539682539683 0.13668430335097007
6 0.06919642857142858 0.7760141093474426 0.10962301587301589 0.26102292768959445
1 0.13938492063492045 0.7865961199294529 0.2787698412698409 0.3650793650793654
4 0.6612103174603174 0.42107583774250446 0.08531746031746039 0.14197530864197525
4 0.4930555555555556 0.5423280423280423 0.12698412698412703 0.1463844797178131
4 0.8023313492063493 0.5731922398589065 0.1175595238095238 0.1851851851851852
4 0.40054563492063494 0.8121693121693121 0.10664682539682538 0.23633156966490304
1 0.4642857142857143 0.4510582010582012 0.42956349206349204 0.17195767195767203
