5 0.905032 0.43650800000000006 0.006494 0.012987
4 0.9880745125348185 0.33913649025069637 0.023850974930363145 0.12952646239554327
6 0.9487291086350974 0.9596100278551531 0.045438718662952626 0.07242339832869078
4 0.6263492339832868 0.3398328690807799 0.05248955431754858 0.10863509749303617
4 0.6283077994428968 0.4561281337047355 0.05013927576601674 0.09888579387186631
4 0.5797353760445683 0.447075208913649 0.05483983286908078 0.10584958217270199
4 0.636142061281337 0.8683844011142061 0.09087743732590532 0.2353760445682451
4 0.44733635097493035 0.7270194986072422 0.072075208913649 0.22284122562674086
4 0.23502785515320335 0.42618384401114207 0.05170612813370472 0.11699164345403901
4 0.2064327994428969 0.39484679665738154 0.04152158774373262 0.11559888579387184
4 0.11202994428969358 0.3816155988857938 0.0360376044568245 0.13649025069637882
4 0.14415041782729804 0.3488857938718663 0.026636490250696355 0.12395543175487457
2 0.09322771587743732 0.3391364902506963 0.07207520891364902 0.12674094707520886
1 0.47044742339832796 0.34192200557103064 0.3470577994428966 0.1406685236768803
1 0.1656946378830083 0.6065459610027851 0.3313892757660166 0.26880222841225615
