5 0.912744 0.623377 0.017045 0.01443
4 0.8306051587301587 0.4717813051146385 0.04811507936507922 0.09523809523809533
4 0.7170138888888888 0.47663139329806 0.08779761904761899 0.11375661375661388
4 0.8489583333333333 0.8646384479717812 0.11855158730158735 0.17724867724867735
4 0.6706349206349206 0.40476190476190477 0.06646825396825413 0.06878306878306872
4 0.2787698412698413 0.8139329805996474 0.10317460317460317 0.1305114638447971
4 0.24305555555555558 0.4828042328042328 0.07341269841269846 0.10141093474426817
4 0.19270833333333337 0.48368606701940037 0.033234126984127 0.12610229276895943
1 0.16592261904761904 0.43077601410934746 0.3010912698412698 0.11375661375661374
0 0.019593253968253965 0.6349206349206344 0.03918650793650793 0.13932980599647263
0 0.792906746031746 0.6644620811287478 0.41319444444444436 0.2601410934744268
