5 0.1773301737756714 0.6362359550561798 0.013428120063191145 0.019662921348314627
6 0.8437499999999999 0.3704735376044568 0.04073816155988851 0.11699164345403897
4 0.6874564763231197 0.4700557103064067 0.07912604456824511 0.13231197771587744
4 0.8143715181058496 0.6545961002785515 0.11046309192200553 0.1754874651810586
4 0.5730762534818941 0.5236768802228412 0.07755919220055701 0.14206128133704737
3 0.45712917827298044 0.5125348189415041 0.04622214484679667 0.16991643454039
2 0.43010097493036203 0.5292479108635098 0.1128133704735376 0.15041782729805014
4 0.40934018105849573 0.4331476323119777 0.035254178272980496 0.1476323119777159
4 0.18253830083565462 0.5438718662952645 0.048572423398328686 0.15181058495821723
1 0.44576949860724224 0.8467966573816161 0.6283077994428969 0.2952646239554319
1 0.8393976323119774 0.5647632311977712 0.321204735376044 0.182451253481894
