5 0.476055 0.556999 0.008929 0.01443
3 0.6812996031746033 0.6067019400352734 0.05902777777777786 0.2557319223985891
2 0.7646329365079364 0.6415343915343915 0.164186507936508 0.2213403880070546
4 0.6200396825396826 0.4506172839506173 0.05853174603174601 0.19929453262786595
4 0.601438492063492 0.46164021164021163 0.06299603174603177 0.1737213403880071
4 0.5478670634920635 0.505731922398589 0.09871031746031747 0.15079365079365076
6 0.24578373015873015 0.42239858906525574 0.03521825396825399 0.18694885361552038
4 0.25595238095238093 0.5471781305114639 0.05456349206349206 0.17724867724867735
4 0.4332837301587302 0.6552028218694885 0.08878968253968253 0.21164021164021157
4 0.2524801587301587 0.695326278659612 0.09226190476190478 0.2213403880070547
1 0.18700396825396826 0.6984126984126984 0.3740079365079365 0.2663139329805999
1 0.7083333333333318 0.9435626102292758 0.5833333333333323 0.1128747795414453
