5 0.849838 0.4206349999999999 0.008117 0.010101
3 0.4913194444444444 0.539241622574956 0.056051587301587276 0.1948853615520283
2 0.4290674603174603 0.5612874779541444 0.1636904761904762 0.1825396825396826
4 0.5367063492063493 0.6049382716049382 0.047619047619047665 0.24691358024691362
4 0.5959821428571428 0.593915343915344 0.06200396825396823 0.22310405643738968
4 0.6552579365079364 0.5167548500881834 0.05555555555555557 0.21164021164021166
4 0.7971230158730159 0.5842151675485009 0.09027777777777786 0.18077601410934754
4 0.9149305555555556 0.507936507936508 0.15128968253968253 0.18694885361552033
4 0.6374007936507937 0.9303350970017635 0.06944444444444457 0.13227513227513227
4 0.5441468253968255 0.8646384479717812 0.0555555555555555 0.26366843033509696
4 0.5106646825396826 0.8046737213403881 0.08085317460317462 0.3112874779541447
4 0.4764384920634921 0.6988536155202822 0.08581349206349202 0.20017636684303355
1 0.39558531746031717 0.8880070546737212 0.7911706349206343 0.22398589065255706
1 0.8685515873015872 0.6168430335096998 0.26289682539682513 0.23897707231040563
