5 0.24310099999999998 0.849928 0.008929 0.011544
6 0.5652281746031745 0.2605820105820106 0.04613095238095248 0.13315696649029984
3 0.27529761904761907 0.37213403880070545 0.05357142857142854 0.13932980599647263
2 0.26388888888888884 0.376984126984127 0.1121031746031746 0.15432098765432098
4 0.28397817460317465 0.41446208112874783 0.04811507936507937 0.14991181657848324
4 0.33730158730158727 0.40343915343915343 0.057539682539682495 0.14373897707231045
4 0.40922619047619047 0.4087301587301587 0.060515873015873044 0.1613756613756614
4 0.4345238095238095 0.4201940035273368 0.06150793650793652 0.18077601410934746
4 0.5830853174603174 0.4598765432098766 0.06994047619047614 0.1825396825396826
4 0.720734126984127 0.5308641975308642 0.07142857142857138 0.181657848324515
4 0.7155257936507937 0.45326278659611985 0.04613095238095241 0.1940035273368607
1 0.7619047619047609 0.4298941798941797 0.47420634920634863 0.16313932980599638
4 0.177827380952381 0.7292768959435624 0.07688492063492064 0.2821869488536153
1 0.26165674603174605 0.6812169312169313 0.5233134920634921 0.3024691358024695
