5 0.575321 0.537987 0.008547 0.011396
4 0.7123015873015873 0.5886243386243386 0.0505952380952381 0.1772486772486772
4 0.6431051587301587 0.7045855379188712 0.06498015873015867 0.19047619047619044
4 0.4521329365079365 0.7491181657848324 0.07390873015873012 0.20370370370370366
4 0.5277777777777778 0.8959435626102292 0.0744047619047619 0.20458553791887113
4 0.37772817460317465 0.43915343915343913 0.04017857142857139 0.14109347442680778
4 0.3526785714285714 0.4338624338624338 0.037698412698412724 0.13051146384479714
4 0.23239087301587305 0.5634920634920635 0.05505952380952383 0.15696649029982368
4 0.13938492063492064 0.605379188712522 0.06051587301587302 0.1948853615520283
0 0.28472222222222215 0.8531746031746029 0.5684523809523808 0.2936507936507943
