5 0.501175 0.5654320000000002 0.007906 0.009877
4 0.7683531746031746 0.5401234567901234 0.05456349206349202 0.13315696649029982
4 0.6505456349206349 0.5268959435626103 0.07291666666666657 0.12962962962962968
4 0.6240079365079364 0.5798059964726632 0.07638888888888878 0.11375661375661374
4 0.5520833333333335 0.5502645502645502 0.06349206349206347 0.1022927689594357
4 0.5143849206349206 0.5207231040564373 0.046626984126984114 0.08906525573192248
4 0.574156746031746 0.6216931216931217 0.07093253968253982 0.12874779541446216
4 0.6490575396825398 0.7319223985890653 0.061011904761904816 0.15167548500881836
6 0.6790674603174602 0.9475308641975309 0.03968253968253961 0.09611992945326292
4 0.16716269841269843 0.6653439153439153 0.0505952380952381 0.19664902998236328
1 0.2274305555555555 0.6102292768959435 0.454861111111111 0.1657848324514985
1 0.07614087301587301 0.9096119929453264 0.15228174603174602 0.17548500881834214
4 0.015128968253968261 0.9126984126984116 0.030257936507936522 0.16402116402116476
