5 0.3467614533965245 0.6390449438202247 0.011058451816745673 0.011235955056179848
4 0.9756944444444444 0.5485008818342152 0.04563492063492078 0.17636684303350975
4 0.9816468253968255 0.6238977072310409 0.03670634920634954 0.18959435626102317
1 0.8442460317460311 0.5855379188712518 0.3115079365079363 0.16931216931216878
4 0.7743055555555556 0.6393298059964727 0.10813492063492078 0.1710758377425045
4 0.6071428571428568 0.7998236331569665 0.12400793650793634 0.19753086419753083
4 0.5726686507936508 0.5595238095238095 0.08482142857142862 0.15608465608465608
4 0.44543650793650796 0.5780423280423279 0.08333333333333336 0.15432098765432095
4 0.439484126984127 0.49514991181657847 0.038690476190476136 0.11022927689594354
4 0.33730158730158727 0.5595238095238095 0.10912698412698414 0.14021164021164018
4 0.1884920634920635 0.6984126984126985 0.061507936507936505 0.181657848324515
6 0.049603174603174593 0.48544973544973546 0.06746031746031746 0.12786596119929455
0 0.11631944444444446 0.8822751322751321 0.23263888888888892 0.23544973544973508
