5 0.643669 0.6810970000000001 0.00974 0.011544
6 0.2996605153203343 0.2743732590529248 0.033687325905292484 0.13091922005571027
4 0.8895804317548746 0.6190807799442898 0.11986420612813362 0.22701949860724235
4 0.5816939415041782 0.38649025069637877 0.075992339832869 0.14902506963788295
1 0.47123084958217265 0.43454038997214484 0.44576949860724224 0.15598885793871864
4 0.38662082172701945 0.5062674094707521 0.11046309192200553 0.16016713091922008
4 0.21857590529247906 0.6566852367688031 0.08147632311977723 0.19637883008356563
4 0.027028203342618382 0.6789693593314763 0.05405640668523677 0.27437325905292476
4 0.15355153203342617 0.46657381615598886 0.0767757660167131 0.17827298050139276
4 0.11398850974930362 0.4164345403899722 0.06502437325905293 0.1643454038997215
4 0.0853934540389972 0.3857938718662953 0.04543871866295264 0.11142061281337043
4 0.06110724233983287 0.4547353760445682 0.0846100278551532 0.1768802228412256
3 0.010967966573816155 0.4011142061281337 0.02193593314763231 0.16713091922005574
1 0.1167305013927577 0.7214484679665739 0.2334610027855154 0.2924791086350976
