5 0.23249619482496192 0.5460081190798377 0.009893455098934538 0.014884979702300356
6 0.6165674603174602 0.5149911816578484 0.032738095238095254 0.1693121693121693
4 0.6453373015873015 0.5127865961199294 0.033730158730158666 0.1313932980599647
4 0.9809027777777777 0.7319223985890653 0.03819444444444443 0.24691358024691354
4 0.5262896825396826 0.4828042328042328 0.038690476190476136 0.13668430335097007
4 0.41914682539682546 0.47927689594356265 0.06051587301587297 0.12081128747795411
4 0.3598710317460318 0.48544973544973546 0.03720238095238095 0.08024691358024683
4 0.4337797619047619 0.6697530864197531 0.06498015873015874 0.2248677248677248
4 0.40054563492063494 0.7517636684303352 0.07589285714285715 0.1596119929453262
4 0.296875 0.6238977072310405 0.060019841269841265 0.17372134038800696
4 0.34920634920634924 0.5881834215167548 0.052579365079365135 0.1604938271604935
3 0.09647817460317461 0.6234567901234568 0.049107142857142856 0.16931216931216922
2 0.051091269841269854 0.6406525573192247 0.10218253968253971 0.15961199294532666
1 0.5820932539682541 0.6706349206349198 0.5074404761904764 0.16666666666666594
1 0.16195436507936514 0.9140211640211637 0.3239087301587303 0.1719576719576722
