5 0.590278 0.540691 0.008593 0.011560999999999998
4 0.6468253968253969 0.5388007054673721 0.04960317460317448 0.12345679012345684
4 0.6619543650793651 0.6684303350970018 0.05803571428571423 0.1463844797178131
1 0.9432043650793651 0.5978835978835979 0.11160714285714278 0.14109347442680772
4 0.45287698412698413 0.8646384479717812 0.06845238095238078 0.23897707231040555
4 0.36408730158730157 0.6578483245149911 0.06646825396825391 0.15343915343915357
4 0.25992063492063494 0.5365961199294533 0.04067460317460316 0.1455026455026455
4 0.29117063492063494 0.4523809523809524 0.05059523809523807 0.14109347442680786
4 0.23015873015873012 0.4598765432098766 0.04662698412698415 0.1472663139329807
4 0.09375 0.5630511463844797 0.053571428571428575 0.17019400352733682
1 0.18700396825396828 0.8655202821869485 0.37400793650793657 0.26895943562610297
