5 0.676542 0.550505 0.013799 0.012987
6 0.9673137186629526 0.8412256267409471 0.06537256267409475 0.3147632311977716
6 0.6854979108635095 0.9324512534818942 0.08617688022284127 0.13509749303621163
4 0.8488422701949864 0.6100278551532036 0.11046309192200553 0.23119777158774402
4 0.5205866991643453 0.4944289693593315 0.08382660167130908 0.17548746518105843
4 0.37486942896935926 0.3321727019498607 0.08539345403899716 0.14345403899721446
4 0.34196552924791085 0.44080779944289694 0.10576253481894145 0.17688022284122568
4 0.27302402506963785 0.5445682451253482 0.14650069637883006 0.21727019498607242
6 0.2738074512534819 0.26740947075208915 0.030553621169916455 0.15041782729805012
4 0.1841051532033426 0.3850974930362117 0.10811281337047353 0.14623955431754876
4 0.07873433147632312 0.4178272980501393 0.08539345403899722 0.14484679665738162
4 0.08813544568245124 0.38370473537604455 0.08852715877437327 0.16852367688022285
3 0.013709958217270194 0.3697771587743733 0.02741991643454039 0.1880222841225627
4 0.02820334261838439 0.6086350974930362 0.0564066852367688 0.2618384401114207
1 0.4782816852367685 0.41155988857938725 0.4614380222841225 0.15181058495821692
1 0.12143105849582173 0.7019498607242339 0.24286211699164345 0.2869080779944288
