5 0.695617 0.68759 0.008117 0.015873
6 0.32837301587301587 0.3231922398589065 0.03273809523809522 0.13668430335097
1 0.5002480158730147 0.42372134038800696 0.4330357142857137 0.1437389770723104
4 0.9040178571428572 0.6058201058201058 0.06795634920634924 0.19223985890652556
4 0.142609126984127 0.42107583774250446 0.045138888888888874 0.1578483245149912
3 0.08581349206349209 0.40476190476190477 0.042658730158730174 0.12874779541446205
4 0.08531746031746032 0.427689594356261 0.04265873015873016 0.1534391534391534
2 0.040426587301587304 0.3959435626102292 0.07986111111111112 0.14285714285714285
4 0.109375 0.722663139329806 0.0798611111111111 0.21957671957671948
1 0.1431051587301587 0.6922398589065253 0.2862103174603174 0.2945326278659614
