5 0.6255924170616114 0.4662921348314606 0.007898894154818379 0.022471910112359553
6 0.6979166666666665 0.4885361552028219 0.03174603174603177 0.1058201058201059
4 0.5538194444444444 0.42901234567901236 0.02529761904761905 0.09082892416225746
4 0.5751488095238095 0.4188712522045855 0.02728174603174601 0.09347442680776012
4 0.5297619047619048 0.52336860670194 0.04662698412698418 0.1243386243386243
4 0.45808531746031783 0.8981481481481479 0.06498015873015876 0.19312169312169294
4 0.2542162698412698 0.939594356261023 0.056051587301587276 0.12081128747795418
4 0.19667658730158732 0.5264550264550265 0.03720238095238095 0.1322751322751322
4 0.31374007936507936 0.4541446208112875 0.03125 0.10052910052910051
4 0.3407738095238095 0.4761904761904763 0.025793650793650827 0.1181657848324516
3 0.40749007936507936 0.41446208112874816 0.04117063492063497 0.1128747795414462
2 0.41666666666666674 0.4104938271604938 0.07341269841269842 0.10317460317460309
1 0.42931547619047594 0.6962081128747798 0.42212301587301565 0.29541446208112887
1 0.12103174603174599 0.43430335097001804 0.240079365079365 0.17195767195767178
