5 0.702922 0.4090909999999999 0.006494 0.010101
4 0.9131944444444444 0.5582010582010583 0.05654761904761898 0.20458553791887135
4 0.7681051587301587 0.6322751322751323 0.07490079365079368 0.18694885361552024
4 0.6867559523809524 0.5537918871252204 0.06894841269841265 0.22751322751322747
4 0.6924603174603174 0.5189594356261023 0.07142857142857138 0.23368606701940045
4 0.6116071428571429 0.6141975308641976 0.05952380952380963 0.2548500881834216
3 0.5818452380952381 0.5392416225749559 0.06150793650793652 0.17019400352733682
2 0.529265873015873 0.5317460317460317 0.13988095238095233 0.18694885361552033
4 0.45585317460317454 0.6556437389770723 0.066468253968254 0.19135802469135796
4 0.4050099206349205 0.7985008818342152 0.08184523809523835 0.2742504409171078
4 0.3278769841269842 0.8514109347442681 0.06150793650793652 0.28835978835978837
4 0.4097222222222222 0.8928571428571428 0.09424603174603177 0.20546737213403887
1 0.49801587301587275 0.8681657848324515 0.8075396825396823 0.26366843033509685
1 0.9226190476190476 0.5890652557319224 0.15476190476190482 0.20634920634920634
