5 0.252325 0.6184010000000001 0.006913 0.011731
6 0.7556145543175486 0.42966573816155984 0.04622214484679674 0.15459610027855156
3 0.37251915041782724 0.6009749303621169 0.03995473537604461 0.2019498607242339
2 0.3317809888579387 0.6399721448467967 0.1182973537604456 0.17409470752089148
4 0.6835393454038996 0.6636490250696379 0.11359679665738148 0.20473537604456823
4 0.910341225626741 0.6622562674094707 0.07990947075208922 0.20752089136490248
4 0.9604805013927575 0.4700557103064067 0.037604456824512626 0.1713091922005571
4 0.7630571030640668 0.9442896935933149 0.04387186629526468 0.09749303621169915
1 0.42030814763231134 0.9087743732590498 0.701166434540389 0.18245125348189387
1 0.8029683147632312 0.6399721448467972 0.394063370473537 0.19916434540389974
