5 0.3079 0.6813870000000002 0.0092 0.010552
6 0.7733134920634922 0.4118165784832451 0.05853174603174594 0.1728395061728395
4 0.9290674603174603 0.45149911816578486 0.06349206349206354 0.17107583774250443
4 0.8551587301587301 0.6380070546737213 0.04563492063492063 0.14726631393298065
4 0.8442460317460317 0.7275132275132276 0.09027777777777772 0.1763668430335097
4 0.8444940476190476 0.9215167548500881 0.07589285714285708 0.15343915343915326
4 0.7073412698412699 0.9144620811287478 0.06646825396825391 0.16225749559082886
4 0.5674603174603174 0.6507936507936507 0.08432539682539691 0.17813051146384473
3 0.4154265873015873 0.6031746031746031 0.0620039682539683 0.21869488536155196
2 0.390625 0.6340388007054675 0.1423611111111111 0.16754850088183398
1 0.8355654761904762 0.6472663139329794 0.3288690476190471 0.20105820105820155
1 0.4816468253968253 0.9082892416225744 0.7152777777777775 0.179894179894179
