5 0.470779 0.55772 0.008117 0.010101
3 0.6877480158730158 0.6040564373897707 0.051091269841269875 0.24867724867724875
2 0.7730654761904762 0.6397707231040565 0.15426587301587305 0.22134038800705474
4 0.6225198412698413 0.44532627865961205 0.06448412698412703 0.19576719576719576
4 0.59375 0.45502645502645506 0.043650793650793676 0.1693121693121693
4 0.5478670634920635 0.5017636684303352 0.09077380952380949 0.15696649029982368
4 0.43576388888888884 0.6534391534391534 0.08382936507936513 0.20634920634920634
4 0.24975198412698402 0.6847442680776016 0.09374999999999994 0.21781305114638452
4 0.26512896825396826 0.5304232804232804 0.052083333333333356 0.15255731922398588
6 0.24454365079365079 0.4201940035273369 0.041666666666666644 0.1913580246913581
1 0.1912202380952379 0.7067901234567902 0.3824404761904758 0.2777777777777774
1 0.712053571428571 0.944885361552028 0.575892857142856 0.11022927689594346
