5 0.7439846005774783 0.5654405474764755 0.004812319538017249 0.0034217279726262008
6 0.6331845238095238 0.24691358024691357 0.02628968253968253 0.11463844797178133
1 0.8353174603174601 0.2927689594356259 0.3124999999999997 0.12874779541446166
1 0.9558531746031746 0.5542328042328042 0.08829365079365076 0.20370370370370366
4 0.779265873015873 0.5348324514991182 0.04563492063492078 0.1613756613756614
4 0.6066468253968255 0.5828924162257496 0.04761904761904752 0.1269841269841269
4 0.14112103174603174 0.7072310405643738 0.04613095238095239 0.14462081128747792
0 0.19122023809523817 0.5282186948853616 0.3804563492063494 0.23985890652557282
4 0.3705357142857143 0.9122574955908288 0.0555555555555555 0.16843033509700178
4 0.12003968253968254 0.9263668430335096 0.053571428571428575 0.13668430335097
6 0.6123511904761905 0.894620811287478 0.05307539682539677 0.13139329805996483
