5 0.267451 0.8787880000000001 0.013799 0.011544
6 0.5 0.2601410934744268 0.047619047619047734 0.13580246913580246
4 0.36210317460317454 0.40608465608465605 0.06150793650793652 0.15255731922398597
4 0.3821924603174603 0.41490299823633153 0.05704365079365076 0.16666666666666663
4 0.53125 0.45370370370370366 0.06448412698412696 0.17901234567901234
4 0.6091269841269842 0.46119929453262787 0.05059523809523803 0.2134038800705467
4 0.7058531746031746 0.5379188712522045 0.08432539682539683 0.15520282186948856
4 0.982390873015873 0.6221340388007055 0.03521825396825392 0.2389770723104057
1 0.7130456349206349 0.42239858906525596 0.47371031746031717 0.14991181657848313
4 0.10813492063492053 0.7619047619047618 0.11309523809523797 0.275132275132275
3 0.24603174603174602 0.3844797178130511 0.07043650793650795 0.14109347442680775
2 0.19990079365079366 0.37786596119929455 0.11607142857142862 0.15079365079365079
4 0.21378968253968253 0.4298941798941799 0.05158730158730162 0.15255731922398588
1 0.23437499999999983 0.6926807760141089 0.46874999999999967 0.3077601410934751
