5 0.548701 0.576479 0.006494 0.010101
2 0.7229662698412699 0.5048500881834215 0.05406746031746039 0.10493827160493822
3 0.8174603174603174 0.48104056437389775 0.10317460317460317 0.14197530864197533
6 0.5260416666666667 0.5436507936507937 0.04216269841269849 0.1507936507936508
6 0.45932539682539686 0.5520282186948853 0.05555555555555557 0.15520282186948856
6 0.3965773809523809 0.4038800705467372 0.03422619047619044 0.10934744268077601
1 0.3876488095238092 0.4982363315696645 0.3963293650793649 0.15696649029982357
1 0.7832341269841269 0.8011463844797173 0.4335317460317465 0.3412698412698415
4 0.2867063492063492 0.8589065255731921 0.0625 0.2363315696649029
4 0.09499007936507936 0.5194003527336861 0.0431547619047619 0.16754850088183423
