5 0.469968 0.556277 0.008117 0.010101
6 0.24677579365079363 0.4223985890652557 0.03621031746031747 0.19047619047619044
4 0.2743055555555556 0.5396825396825397 0.04166666666666668 0.1657848324514991
4 0.26116071428571425 0.6900352733686067 0.10962301587301589 0.20546737213403873
4 0.43576388888888884 0.6512345679012346 0.08184523809523818 0.19841269841269843
3 0.6902281746031746 0.6093474426807759 0.04910714285714292 0.2486772486772486
2 0.7765376984126984 0.6388888888888888 0.15228174603174607 0.2213403880070547
4 0.6282242063492063 0.44797178130511467 0.0620039682539683 0.19223985890652565
4 0.5999503968253969 0.4470899470899471 0.04811507936507944 0.16225749559082886
4 0.5461309523809524 0.5035273368606701 0.0942460317460317 0.14991181657848324
1 0.1956845238095238 0.7041446208112879 0.3913690476190476 0.28659611992945316
1 0.7155257936507929 0.944885361552029 0.5689484126984119 0.11022927689594236
