5 0.43912300000000004 0.6774889999999999 0.012987 0.007215
4 0.84375 0.5798059964726632 0.05456349206349216 0.1261022927689595
4 0.7043650793650794 0.5529100529100529 0.041666666666666574 0.13580246913580246
4 0.45089285714285715 0.5123456790123456 0.037698412698412655 0.1534391534391534
4 0.5277777777777777 0.7588183421516754 0.07539682539682538 0.17372134038800696
4 0.4027777777777778 0.5842151675485009 0.03174603174603177 0.13668430335096984
4 0.36507936507936506 0.5277777777777778 0.05753968253968246 0.14373897707231037
4 0.2085813492063492 0.4753086419753087 0.03918650793650794 0.14462081128747797
4 0.06547619047619048 0.5277777777777778 0.05853174603174601 0.15961199294532633
1 0.24751984126984108 0.6931216931216927 0.49206349206349176 0.21340388007054675
