5 0.23133100000000004 0.8823949999999999 0.011364 0.012987
6 0.5151027158774373 0.2639275766016713 0.04465529247910858 0.1323119777158775
3 0.24403725626740944 0.37186629526462395 0.02741991643454039 0.12813370473537603
4 0.2256267409470752 0.43245125348189417 0.048572423398328686 0.1350974930362117
2 0.211916782729805 0.3697771587743733 0.1073293871866295 0.1573816155988858
4 0.2691068941504178 0.4018105849582173 0.0571901114206128 0.15459610027855156
4 0.36311803621169914 0.4038997214484679 0.07912604456824511 0.15320334261838447
4 0.39876392757660173 0.41155988857938725 0.06894150417827298 0.1713091922005571
4 0.5581911559888578 0.4575208913649025 0.09949512534818936 0.16295264623955433
4 0.631049791086351 0.46448467966573814 0.04778899721448461 0.22144846796657383
4 0.711742688022284 0.5536211699164345 0.10262883008356552 0.20473537604456818
4 0.1488509749303621 0.754874651810585 0.1551183844011142 0.27855153203342625
1 0.23776984679665739 0.6873259052924793 0.47553969359331477 0.3077994428969358
1 0.7234940807799443 0.4178272980501396 0.48024025069637893 0.14484679665738176
