5 0.7872907153729071 0.793640054127199 0.009893455098934538 0.020297699594046037
6 0.8082837301587301 0.195326278659612 0.015376984126984041 0.07319223985890654
6 0.705109126984127 0.18738977072310406 0.018353174603174694 0.07142857142857141
6 0.33358134920634924 0.17195767195767198 0.01736111111111107 0.05643738977072312
4 0.5721726190476191 0.1988536155202822 0.02728174603174601 0.05908289241622576
4 0.6746031746031746 0.24779541446208111 0.04563492063492063 0.08641975308641975
4 0.7562003968253967 0.28042328042328046 0.06200396825396823 0.11816578483245156
4 0.828125 0.6538800705467372 0.15128968253968253 0.28130511463844804
4 0.6944444444444444 0.5992063492063493 0.10912698412698411 0.19135802469135804
3 0.6150793650793651 0.5753968253968254 0.11011904761904759 0.17372134038800702
4 0.5481150793650794 0.4973544973544973 0.05357142857142847 0.2151675485008819
4 0.5925099206349206 0.4673721340388007 0.060019841269841265 0.14462081128747797
4 0.5381944444444444 0.3170194003527337 0.03670634920634917 0.08553791887125214
4 0.5124007936507937 0.30511463844797176 0.0436507936507936 0.1128747795414462
0 0.5062003968253969 0.19973544973544974 0.12748015873015867 0.04850088183421516
1 0.4419642857142857 0.15388007054673722 0.08234126984126981 0.023809523809523815
1 0.5825892857142857 0.15123456790123455 0.08680555555555557 0.016754850088183417
3 0.5119047619047619 0.13668430335097 0.00992063492063501 0.01940035273368606
2 0.5124007936507937 0.13315696649029982 0.020833333333333356 0.021164021164021152
2 0.5074404761904762 0.6975308641975309 0.24702380952380948 0.2945326278659613
1 0.20758928571428575 0.4528218694885361 0.4151785714285715 0.284832451499118
1 0.806547619047619 0.455026455026455 0.3869047619047619 0.28218694885361556
