5 0.567797 0.537354 0.006677 0.011475000000000003
6 0.015276810584958212 0.4282729805013928 0.030553621169916424 0.15459610027855175
4 0.4097318941504177 0.44986072423398327 0.06580779944289696 0.11977715877437319
4 0.7266277855153203 0.5898328690807798 0.09949512534818951 0.16016713091922008
4 0.6463266016713092 0.6977715877437326 0.061107242339832765 0.1782729805013927
4 0.5989293175487463 0.9129526462395543 0.14336699164345412 0.17130919220055701
4 0.4508617688022284 0.7750696378830084 0.06815807799442901 0.2075208913649027
4 0.23111072423398327 0.5668523676880223 0.05797353760445681 0.16991643454039
4 0.1723537604456824 0.6128133704735376 0.10341225626740946 0.18105849582172703
0 0.3462743732590529 0.8419220055710306 0.6016713091922006 0.28551532033426186
