5 0.461851 0.553391 0.006494 0.010101
3 0.6870647632311977 0.6016713091922006 0.06424094707520894 0.24512534818941503
2 0.7740250696378829 0.66016713091922 0.1754874651810583 0.18662952646239547
6 0.25383008356545955 0.4164345403899722 0.04387186629526465 0.18105849582172703
4 0.632224930362117 0.4449860724233984 0.06424094707520886 0.19359331476323122
4 0.5260706824512534 0.49930362116991645 0.11673050139275759 0.15459610027855142
4 0.4395020891364902 0.6462395543175486 0.07520891364902503 0.1866295264623956
4 0.30436107242339805 0.5612813370473537 0.06815807799442931 0.2144846796657381
4 0.28947597493036176 0.6747910863509748 0.12769846796657386 0.2214484679665738
1 0.7160080083565454 0.9449860724233987 0.5679839832869071 0.11002785515320274
1 0.1950731197771588 0.7019498607242342 0.3901462395543176 0.27298050139275737
