5 0.318182 0.7330450000000001 0.008117 0.01443
3 0.5575396825396826 0.5432098765432098 0.08829365079365083 0.1252204585537919
2 0.542906746031746 0.5158730158730159 0.12748015873015867 0.17107583774250443
4 0.6825396825396826 0.5008818342151675 0.060515873015873044 0.19047619047619052
4 0.7757936507936507 0.5480599647266314 0.05357142857142861 0.18606701940035272
4 0.7862103174603174 0.47442680776014107 0.05456349206349216 0.1728395061728395
4 0.925843253968254 0.5789241622574957 0.08283730158730165 0.1631393298059966
4 0.6537698412698413 0.7279541446208113 0.11210317460317469 0.19488536155202815
4 0.45535714285714285 0.7777777777777777 0.09920634920634924 0.20811287477954152
4 0.37227182539682535 0.5542328042328042 0.07390873015873012 0.1613756613756613
4 0.2601686507936508 0.560405643738977 0.07390873015873016 0.16490299823633164
1 0.5208333333333335 0.8562610229276896 0.7519841269841271 0.28747795414462074
1 0.9213789682539683 0.5696649029982364 0.15724206349206354 0.20105820105820107
