5 0.459821 0.746032 0.015422 0.011544
6 0.5235615079365079 0.25970017636684306 0.03224206349206355 0.1490299823633157
4 0.8010912698412699 0.4012345679012346 0.07043650793650784 0.1746031746031746
4 0.5337301587301587 0.4814814814814815 0.0932539682539683 0.1746031746031747
4 0.357390873015873 0.4678130511463845 0.07390873015873012 0.1737213403880071
4 0.3990575396825397 0.6468253968253969 0.08779761904761899 0.18253968253968253
4 0.20833333333333331 0.6812169312169312 0.0982142857142857 0.2601410934744267
4 0.26339285714285715 0.4757495590828924 0.052579365079365135 0.16666666666666663
4 0.30158730158730157 0.42107583774250446 0.05952380952380953 0.15961199294532627
3 0.18998015873015872 0.4109347442680776 0.07242063492063493 0.14814814814814817
2 0.17063492063492058 0.3977072310405644 0.128968253968254 0.1657848324514991
1 0.7187500000000003 0.4435626102292771 0.5257936507936509 0.16754850088183368
1 0.22767857142857134 0.7376543209876545 0.45337301587301576 0.3447971781305115
