5 0.7130680000000001 0.58658 0.010552 0.015873
4 0.6790674603174602 0.4263668430335097 0.03472222222222214 0.13315696649029987
4 0.8330853174603174 0.5727513227513227 0.05406746031746039 0.17901234567901228
4 0.4546130952380952 0.5365961199294533 0.0620039682539683 0.134920634920635
4 0.4136904761904762 0.8196649029982364 0.10218253968253975 0.22663139329806
6 0.06597222222222222 0.7857142857142857 0.1001984126984127 0.252204585537919
3 0.11210317460317461 0.4347442680776014 0.06349206349206347 0.13756613756613753
2 0.014136904761904762 0.4298941798941799 0.027281746031746032 0.11904761904761905
1 0.4459325396825399 0.44973544973544977 0.4226190476190481 0.16578483245149933
1 0.12698412698412698 0.7804232804232804 0.25396825396825395 0.3421516754850088
