5 0.838866 0.5799759999999999 0.009539 0.007462
3 0.667906746031746 0.5348324514991182 0.03125 0.12081128747795418
2 0.712797619047619 0.5533509700176367 0.08531746031746039 0.11375661375661374
6 0.7242063492063491 0.6380070546737213 0.04662698412698418 0.14197530864197533
4 0.4818948412698413 0.6785714285714286 0.055059523809523794 0.11728395061728392
4 0.5419146825396826 0.896384479717813 0.060019841269841265 0.1472663139329805
4 0.4868551587301587 0.9365079365079364 0.052083333333333356 0.08818342151675494
4 0.3149801587301587 0.6688712522045855 0.043650793650793634 0.156084656084656
1 0.3482142857142854 0.5590828924162257 0.3581349206349202 0.12345679012345681
1 0.6465773809523795 0.784832451499118 0.47470238095237977 0.22751322751322697
4 0.1560019841269841 0.47310405643738973 0.031249999999999983 0.11904761904761899
4 0.09250992063492064 0.507936507936508 0.036210317460317464 0.08641975308641982
6 0.05977182539682539 0.455026455026455 0.055059523809523794 0.0881834215167548
4 0.10069444444444443 0.6662257495590829 0.05059523809523808 0.14197530864197525
4 0.08705357142857142 0.7958553791887125 0.05307539682539682 0.15961199294532624
