5 0.47275600000000007 0.603039 0.006079 0.007204
6 0.23873546511627908 0.8385012919896642 0.058866279069767415 0.2790697674418605
4 0.8702761627906977 0.5930232558139535 0.04287790697674424 0.16020671834625325
4 0.7318313953488372 0.6498708010335917 0.04505813953488371 0.17312661498708004
4 0.7100290697674418 0.6201550387596899 0.04505813953488371 0.16795865633074938
4 0.6555232558139535 0.5587855297157622 0.11627906976744193 0.14599483204134367
4 0.5425145348837209 0.562015503875969 0.06758720930232556 0.11369509043927643
4 0.5479651162790697 0.5232558139534883 0.04505813953488371 0.1291989664082687
4 0.5737645348837209 0.6944444444444444 0.0763081395348837 0.18475452196382428
4 0.4694767441860465 0.6873385012919897 0.09738372093023251 0.1860465116279069
3 0.32013081395348836 0.5943152454780362 0.037063953488372124 0.13695090439276478
2 0.24600290697674418 0.6027131782945737 0.10101744186046513 0.15374677002583986
1 0.3219476744186046 0.8863049095607236 0.6031976744186046 0.22739018087855278
1 0.70421511627907 0.6078811369509043 0.46366279069767435 0.164082687338501
