5 0.7163150000000001 0.41269799999999995 0.007305000000000001 0.011544
4 0.9087743732590527 0.5550139275766017 0.06894150417827291 0.2047353760445683
1 0.9228325208913646 0.5898328690807803 0.15433495821726984 0.20752089136490257
4 0.7657990947075208 0.6357938718662952 0.08225974930362127 0.19080779944289694
4 0.6796222144846795 0.5591922005571031 0.06345752089136497 0.23259052924791088
4 0.6040215877437325 0.6190807799442897 0.06580779944289696 0.24930362116991653
3 0.5742513927576601 0.5480501392757661 0.04857242339832865 0.13788300835654596
2 0.5233286908077993 0.5341225626740947 0.1394498607242339 0.19359331476323127
4 0.6890233286908076 0.5146239554317549 0.06502437325905291 0.22423398328690808
4 0.4590877437325905 0.6650417827298051 0.07990947075208908 0.2019498607242339
4 0.4124738857938718 0.7715877437325905 0.06659122562674093 0.20612813370473532
4 0.3364815459610027 0.8572423398328691 0.06972493036211695 0.27715877437325903
4 0.42344185236768794 0.8962395543175486 0.08069289693593312 0.1991643454038997
1 0.4935584958217263 0.8711699164345401 0.8006615598885783 0.25766016713091944
