5 0.4246789999999999 0.5883619999999999 0.008256 0.009065
3 0.4134424603174603 0.5956790123456791 0.06398809523809533 0.13668430335097
2 0.32787698412698413 0.6062610229276896 0.10218253968253961 0.15784832451499115
6 0.27083333333333337 0.8315696649029982 0.07341269841269846 0.2680776014109347
4 0.4975198412698413 0.6710758377425045 0.08234126984126981 0.17813051146384487
4 0.5825892857142857 0.6538800705467372 0.05902777777777778 0.17548500881834223
4 0.5059523809523809 0.5097001763668431 0.06944444444444443 0.19047619047619052
4 0.5379464285714286 0.5202821869488536 0.03422619047619051 0.1287477954144621
4 0.6557539682539683 0.5559964726631393 0.10218253968253975 0.14373897707231037
4 0.7013888888888888 0.6344797178130511 0.042658730158730125 0.19664902998236328
4 0.7336309523809524 0.6552028218694886 0.03968253968253961 0.19576719576719584
4 0.8821924603174602 0.6014109347442681 0.03819444444444443 0.1746031746031747
1 0.7924107142857142 0.6186067019400352 0.4151785714285717 0.17019400352733657
1 0.4102182539682535 0.8840388007054665 0.6200396825396819 0.2319223985890649
