5 0.7731330000000001 0.4177489999999999 0.010552 0.010101
4 0.9055059523809524 0.5260141093474426 0.09077380952380935 0.18606701940035272
4 0.7876984126984128 0.603615520282187 0.10317460317460331 0.20723104056437391
4 0.695188492063492 0.5105820105820107 0.061011904761904816 0.20105820105820107
4 0.663938492063492 0.5573192239858906 0.05803571428571438 0.23633156966490304
4 0.5922619047619048 0.5881834215167548 0.05555555555555557 0.23104056437389772
3 0.5533234126984127 0.5485008818342152 0.0481150793650793 0.18694885361552033
2 0.5086805555555556 0.5485008818342151 0.16617063492063494 0.17989417989417988
4 0.4910714285714286 0.906084656084656 0.07738095238095234 0.1772486772486772
4 0.39632936507936506 0.8562610229276896 0.07341269841269842 0.2610229276895943
4 0.4600694444444444 0.8253968253968254 0.04811507936507937 0.2998236331569665
4 0.46750992063492064 0.6468253968253969 0.07986111111111108 0.14373897707231045
1 0.47470238095238093 0.8734567901234566 0.8065476190476191 0.24250440917107519
1 0.9119543650793651 0.5930335097001764 0.17609126984126988 0.21252204585537932
