5 0.412455 0.519578 0.005958 0.010958
6 0.7762896825396826 0.3990299823633157 0.03670634920634924 0.13139329805996475
4 0.9382440476190476 0.5692239858906525 0.0699404761904762 0.12257495590828923
4 0.4464285714285714 0.46119929453262787 0.04464285714285715 0.11463844797178126
4 0.4680059523809524 0.6146384479717814 0.056051587301587345 0.14109347442680772
4 0.25074404761904767 0.5141093474426808 0.050099206349206366 0.09876543209876544
4 0.3246527777777778 0.6014109347442681 0.05704365079365079 0.14991181657848324
1 0.5860615079365072 0.6000881834215166 0.4608134920634919 0.17019400352733677
1 0.8311011904761904 0.8880070546737212 0.3377976190476191 0.21693121693121697
4 0.3439980158730158 0.8412698412698413 0.05902777777777778 0.21869488536155202
