5 0.23376599999999997 0.465368 0.00974 0.010101
4 0.9279683147632312 0.5264623955431754 0.060323816155988794 0.14484679665738157
4 0.7736333565459609 0.8774373259052924 0.1261316155988858 0.21727019498607233
4 0.5389972144846796 0.7903899721448469 0.15355153203342625 0.24373259052924795
4 0.36272632311977715 0.6525069637883009 0.05954038997214489 0.16573816155988857
4 0.3392235376044568 0.6525069637883009 0.057973537604456775 0.14345403899721446
4 0.16922005571030638 0.5146239554317549 0.06267409470752085 0.12674094707520894
4 0.11007137883008357 0.5814763231197771 0.044655292479108655 0.1406685236768802
3 0.07364206128133705 0.5605849582172702 0.04387186629526461 0.14623955431754873
4 0.03447075208913649 0.6107242339832869 0.028203342618384402 0.16295264623955433
2 0.030553621169916435 0.5738161559888579 0.056406685236768804 0.15598885793871872
1 0.4649634401114205 0.587743732590529 0.42540041782729804 0.16713091922005557
1 0.1492426880222841 0.871866295264624 0.29848537604456815 0.2562674094707518
