5 0.43150684931506844 0.564276048714479 0.007610350076103529 0.013531799729364025
6 0.6334325396825398 0.2927689594356261 0.027777777777777787 0.12169312169312171
3 0.4801587301587301 0.3738977072310405 0.0644841269841269 0.10229276895943563
2 0.47718253968253976 0.3558201058201058 0.08531746031746032 0.11022927689594354
6 0.3980654761904762 0.5004409171075838 0.03918650793650798 0.1437389770723105
4 0.4588293650793654 0.5291005291005293 0.047619047619047714 0.11463844797178104
4 0.4226190476190476 0.49779541446208114 0.024801587301587345 0.10846560846560849
4 0.5575396825396826 0.4281305114638448 0.03968253968253968 0.12081128747795411
4 0.5235615079365079 0.4162257495590829 0.03521825396825392 0.1252204585537919
4 0.6138392857142857 0.4144620811287478 0.04712301587301582 0.13932980599647266
4 0.6376488095238095 0.47663139329806 0.04910714285714277 0.13139329805996475
4 0.9040178571428573 0.608024691358024 0.1254960317460318 0.18783068783068768
4 0.6971726190476188 0.7425044091710761 0.1314484126984129 0.2222222222222225
4 0.2963789682539682 0.6005291005291005 0.058035714285714274 0.1728395061728395
4 0.20163690476190474 0.5630511463844797 0.06299603174603174 0.15961199294532633
1 0.42311507936507925 0.585537918871252 0.5019841269841264 0.22751322751322697
1 0.8410218253968238 0.39770723104056394 0.31795634920634874 0.12345679012345681
