5 0.596154 0.54226 0.00641 0.012346
4 0.20014880952380953 0.47310405643738973 0.03224206349206348 0.1455026455026455
4 0.27083333333333337 0.45326278659611985 0.04265873015873016 0.12345679012345677
4 0.2976190476190476 0.5304232804232804 0.08035714285714288 0.1455026455026455
4 0.34499007936507936 0.6463844797178132 0.06795634920634913 0.14814814814814817
4 0.09523809523809522 0.5617283950617284 0.09623015873015872 0.17636684303350975
4 0.6299603174603174 0.5361552028218695 0.052579365079365135 0.1499118165784833
4 0.6488095238095238 0.6754850088183422 0.10317460317460309 0.16754850088183418
4 0.46205357142857145 0.8624338624338624 0.11359126984126988 0.24514991181657847
1 0.9228670634920636 0.5974426807760141 0.15128968253968267 0.156084656084656
0 0.16716269841269843 0.8672839506172842 0.33432539682539675 0.2654320987654312
