5 0.304789 0.717893 0.010552 0.015873
3 0.5528273809523809 0.5485008818342152 0.08878968253968253 0.11992945326278664
2 0.5376984126984127 0.5171957671957672 0.12698412698412695 0.17548500881834214
4 0.6785714285714286 0.5088183421516754 0.05059523809523824 0.1940035273368607
4 0.7738095238095238 0.5511463844797178 0.061507936507936595 0.1887125220458553
4 0.7827380952380952 0.47045855379188706 0.0505952380952381 0.1825396825396826
4 0.9144345238095238 0.5802469135802468 0.08382936507936506 0.1728395061728394
4 0.6671626984126985 0.7354497354497355 0.11408730158730158 0.1922398589065255
4 0.4561011904761905 0.7835097001763668 0.10664682539682538 0.21075837742504405
4 0.3787202380952381 0.5529100529100529 0.0749007936507936 0.1657848324514991
4 0.25892857142857145 0.5542328042328042 0.06845238095238099 0.17019400352733696
1 0.5128968253968251 0.8571428571428572 0.7529761904761901 0.2857142857142857
1 0.9184027777777777 0.5771604938271605 0.16319444444444442 0.20194003527336868
