5 0.303977 0.8095240000000001 0.010552 0.011544
6 0.6125992063492063 0.2791005291005291 0.042658730158730125 0.13139329805996472
3 0.3125 0.39241622574955914 0.043650793650793634 0.1287477954144621
4 0.33754960317460314 0.42107583774250446 0.03819444444444443 0.15432098765432095
2 0.30456349206349204 0.3981481481481481 0.11309523809523803 0.1455026455026455
4 0.3993055555555556 0.4184303350970018 0.04761904761904759 0.14197530864197533
4 0.45039682539682535 0.42945326278659607 0.05158730158730151 0.15520282186948856
4 0.4771825396825397 0.4400352733686067 0.05952380952380949 0.17107583774250437
4 0.6237599206349206 0.48368606701940037 0.07787698412698404 0.17724867724867735
4 0.7234623015873015 0.5537918871252203 0.09672619047619051 0.18342151675485005
4 0.8117559523809524 0.4576719576719577 0.07093253968253961 0.17813051146384482
1 0.7819940476190461 0.4475308641975311 0.43303571428571386 0.15784832451499095
4 0.22569444444444442 0.7125220458553793 0.07341269841269846 0.2574955908289241
1 0.2780257936507937 0.6984126984126982 0.5560515873015874 0.29805996472663143
