5 0.648466 0.558269 0.010302 0.016958
6 0.8814484126984127 0.4457671957671958 0.06448412698412696 0.16137566137566148
4 0.8462301587301587 0.7738095238095238 0.11210317460317469 0.23015873015873012
4 0.6676587301587301 0.49338624338624343 0.05853174603174608 0.14021164021164018
4 0.421875 0.5224867724867726 0.03918650793650784 0.134920634920635
4 0.4508928571428572 0.6565255731922399 0.10317460317460324 0.15784832451499128
4 0.33134920634920634 0.7940917107583775 0.11111111111111108 0.2407407407407409
4 0.2033730158730159 0.49382716049382713 0.03670634920634921 0.1604938271604938
4 0.07688492063492064 0.5621693121693121 0.05853174603174604 0.15079365079365076
4 0.022073412698412696 0.5 0.03422619047619047 0.1569664902998236
1 0.8000992063492063 0.6278659611992946 0.3968253968253969 0.17460317460317448
1 0.9742063492063493 0.9426807760141094 0.04861111111111114 0.10934744268077608
