5 0.278436018957346 0.5856741573033708 0.010268562401263814 0.016853932584269628
3 0.13988095238095238 0.10317460317460317 0.03769841269841269 0.11992945326278658
2 0.13219246031746032 0.10052910052910052 0.08482142857142856 0.12169312169312167
4 0.5282738095238095 0.06349206349206347 0.05853174603174601 0.11111111111111109
4 0.5178571428571428 0.22663139329805998 0.08432539682539683 0.10229276895943563
4 0.23883928571428575 0.569664902998236 0.08382936507936507 0.19929453262786626
6 0.010664682539682536 0.5656966490299822 0.021329365079365073 0.16843033509700164
1 0.17311507936507922 0.41313932980599666 0.34623015873015844 0.31834215167548485
1 0.5004960317460317 0.12610229276895943 0.33134920634920645 0.17813051146384487
4 0.9052579365079364 0.5414462081128748 0.07638888888888871 0.2116402116402117
4 0.9709821428571427 0.9188712522045859 0.05803571428571453 0.1622574955908286
