5 0.602 0.7243850000000001 0.010387 0.020575999999999997
6 0.8521825396825398 0.3509700176366843 0.03174603174603177 0.13580246913580252
4 0.9709821428571428 0.5824514991181658 0.05803571428571431 0.14373897707231045
4 0.5959821428571428 0.43253968253968256 0.05704365079365076 0.12786596119929455
4 0.6512896825396826 0.6296296296296297 0.06150793650793645 0.15873015873015872
4 0.48288690476190477 0.4761904761904762 0.04513888888888886 0.09876543209876537
4 0.30704365079365076 0.5026455026455027 0.06845238095238099 0.12698412698412703
1 0.6577380952380959 0.5480599647266313 0.46527777777777757 0.16490299823633175
1 0.867311507936508 0.8624338624338624 0.26240079365079366 0.2627865961199294
4 0.897569444444444 0.9554673721340388 0.06795634920634883 0.08906525573192184
4 0.28596230158730157 0.7372134038800706 0.06398809523809526 0.21340388007054684
