5 0.44614999999999994 0.592446 0.007602 0.010592
3 0.3891369047619048 0.5983245149911817 0.0629960317460317 0.13492063492063486
2 0.3005952380952381 0.6022927689594356 0.10218253968253972 0.14991181657848315
6 0.2646329365079365 0.8324514991181658 0.07390873015873016 0.28218694885361556
4 0.8792162698412699 0.599647266313933 0.045138888888889 0.17460317460317454
4 0.7375992063492063 0.6578483245149911 0.042658730158730125 0.19753086419753083
4 0.707093253968254 0.6358024691358025 0.03918650793650784 0.18342151675485013
4 0.6547619047619048 0.5634920634920635 0.1130952380952381 0.14814814814814808
4 0.5776289682539683 0.6710758377425045 0.0629960317460317 0.16754850088183418
4 0.4940476190476193 0.6737213403880068 0.09722222222222256 0.16931216931216922
4 0.5317460317460317 0.5471781305114638 0.066468253968254 0.11728395061728399
4 0.5411706349206349 0.5194003527336861 0.05059523809523796 0.12698412698412703
1 0.38045634920634924 0.8818342151675479 0.5972222222222223 0.2363315696649019
1 0.7708333333333331 0.6146384479717809 0.4583333333333335 0.17107583774250426
