5 0.691558 0.534632 0.006494 0.010101
6 0.6669146825396826 0.39021164021164023 0.03125 0.057319223985890705
6 0.472718253968254 0.3783068783068783 0.018849206349206327 0.07231040564373899
4 0.29811507936507936 0.3959435626102292 0.021825396825396838 0.07760141093474424
4 0.3201884920634921 0.5136684303350969 0.032242063492063586 0.11199294532627867
4 0.43179563492063494 0.4700176366843034 0.03422619047619051 0.09171075837742514
4 0.6341765873015873 0.5462962962962963 0.03422619047619044 0.10141093474426817
4 0.6413690476190476 0.5052910052910053 0.03174603174603177 0.09171075837742507
4 0.46378968253968256 0.7508818342151676 0.06547619047619044 0.1507936507936509
0 0.23859126984126952 0.6596119929453264 0.39186507936507886 0.2310405643738977
1 0.8182043650793633 0.4519400352733685 0.26537698412698363 0.10317460317460299
1 0.9650297619047619 0.6688712522045855 0.0699404761904762 0.16490299823633145
4 0.12177579365079363 0.9735449735449734 0.06994047619047619 0.04938271604938265
