5 0.47987900000000006 0.451884 0.004274 0.010763
6 0.7748084958217268 0.8753481894150417 0.05954038997214482 0.24651810584958228
4 0.7599233983286908 0.5459610027855153 0.056406685236768936 0.16991643454039007
4 0.566808844011142 0.7353760445682451 0.08852715877437334 0.2256267409470751
4 0.5993210306406684 0.5 0.05797353760445674 0.15877437325905291
4 0.44537778551532026 0.39275766016713093 0.06189066852367688 0.10584958217270199
4 0.32081302228412256 0.5438718662952645 0.04778899721448468 0.15181058495821723
4 0.3125870473537604 0.45334261838440115 0.10184540389972142 0.12952646239554305
4 0.17117862116991642 0.552924791086351 0.047788997214484666 0.16155988857938716
4 0.12456476323119776 0.504874651810585 0.04073816155988856 0.13788300835654596
3 0.04112987465181059 0.47214484679665736 0.03368732590529247 0.15041782729805006
2 0.02977019498607242 0.4853760445682451 0.05954038997214485 0.12395543175487461
4 0.09871169916434538 0.49791086350974934 0.03917130919220055 0.1406685236768802
1 0.4312761142061281 0.4972144846796657 0.4034644846796657 0.12813370473537603
1 0.14219185236768797 0.7632311977715877 0.28438370473537594 0.25905292479108577
