5 0.7093206951026856 0.5491573033707866 0.014218009478672968 0.033707865168539256
4 0.6897321428571428 0.4228395061728395 0.06597222222222214 0.16843033509700178
4 0.40798611111111116 0.253968253968254 0.047123015873015886 0.18518518518518523
3 0.5376984126984127 0.47310405643738973 0.0625 0.2566137566137566
2 0.6113591269841274 0.5039682539682541 0.130456349206349 0.19841269841269843
4 0.361359126984127 0.6728395061728395 0.09176587301587301 0.24338624338624343
1 0.5744047619047616 0.8716931216931207 0.8492063492063484 0.24955908289241602
4 0.23685515873015872 0.373015873015873 0.09275793650793648 0.14109347442680775
4 0.35912698412698413 0.2777777777777778 0.05555555555555557 0.16931216931216939
4 0.13368055555555552 0.2768959435626102 0.09176587301587302 0.15520282186948856
1 0.13244047619047614 0.5370370370370371 0.2648809523809523 0.26807760141093484
6 0.015128968253968254 0.21428571428571427 0.030257936507936508 0.19223985890652556
