5 0.076299 0.743867 0.012987 0.015873
6 0.34573412698412703 0.46957671957671954 0.043650793650793676 0.15961199294532633
3 0.5915178571428572 0.46957671957671965 0.047123015873015955 0.14197530864197538
2 0.5875496031746031 0.4713403880070547 0.10367063492063487 0.1384479717813052
4 0.6428571428571428 0.4938271604938271 0.04067460317460316 0.16225749559082892
4 0.7219742063492063 0.49514991181657847 0.03918650793650812 0.16666666666666663
4 0.931547619047619 0.716931216931217 0.07341269841269835 0.1763668430335096
4 0.507936507936508 0.6252204585537919 0.06249999999999993 0.11816578483245145
4 0.45510912698412703 0.6119929453262787 0.0818452380952381 0.13227513227513227
1 0.9179067460317464 0.5251322751322755 0.16418650793650763 0.17548500881834264
1 0.5689484126984119 0.7954144620811284 0.5992063492063485 0.3245149911816598
