5 0.5920852359208524 0.5669824086603518 0.012176560121765618 0.013531799729363954
3 0.6435846100278552 0.5167130919220055 0.04622214484679667 0.11699164345403894
2 0.6948990250696377 0.5194986072423399 0.1034122562674095 0.10306406685236773
4 0.5233286908077994 0.6462395543175488 0.07990947075208915 0.1337047353760446
1 0.3094533426183845 0.5459610027855153 0.3713440111420614 0.12534818941504197
4 0.18488857938718664 0.6044568245125348 0.0846100278551532 0.13091922005571027
4 0.12495647632311976 0.5863509749303621 0.071291782729805 0.21727019498607256
4 0.14689240947075202 0.7186629526462397 0.13396587743732602 0.19220055710306458
4 0.6381006267409471 0.8586350974930361 0.10106197771587752 0.21030640668523687
4 0.22366817548746518 0.9526462395543175 0.0822597493036212 0.09470752089136497
1 0.7477367688022281 0.752785515320334 0.5045264623955426 0.24373259052924767
