5 0.5312024353120245 0.7733423545331526 0.01522070015220699 0.01759133964817323
4 0.4067460317460318 0.6750440917107583 0.1339285714285714 0.41005291005291006
3 0.03546626984126984 0.5132275132275133 0.05208333333333333 0.26631393298059963
6 0.1527777777777778 0.47751322751322756 0.022817460317460334 0.11904761904761912
1 0.6636904761904762 0.7270723104056437 0.6726190476190476 0.2619047619047618
1 0.20535714285714263 0.5568783068783062 0.3204365079365077 0.06084656084656112
4 0.9593253968253969 0.4788359788359788 0.02083333333333343 0.07231040564373899
4 0.8365575396825398 0.472663139329806 0.019345238095238103 0.07231040564373899
4 0.7934027777777777 0.4673721340388008 0.02529761904761912 0.0687830687830688
4 0.7132936507936507 0.47707231040564374 0.026785714285714163 0.08112874779541443
4 0.6909722222222223 0.4757495590828924 0.03174603174603177 0.06613756613756622
4 0.6619543650793651 0.4629629629629629 0.020337301587301654 0.05114638447971778
4 0.6190476190476191 0.4634038800705467 0.015873015873015817 0.05202821869488538
