5 0.6586850000000001 0.6731599999999999 0.010552 0.012987
6 0.2854662698412698 0.2720458553791887 0.033234126984127 0.12610229276895943
4 0.03695436507936508 0.4629629629629629 0.05009920634920635 0.16754850088183423
4 0.02281746031746032 0.6719576719576722 0.04563492063492064 0.2539682539682538
4 0.142609126984127 0.4647266313932981 0.06894841269841273 0.1657848324514992
4 0.09722222222222224 0.42460317460317465 0.054563492063492064 0.154320987654321
4 0.07068452380952381 0.40828924162257496 0.03819444444444445 0.14109347442680778
4 0.2105654761904762 0.6547619047619048 0.07589285714285715 0.19841269841269835
1 0.11111111111111109 0.7204585537918871 0.21924603174603172 0.29982363315696653
4 0.3501984126984127 0.5088183421516754 0.06150793650793652 0.16754850088183418
4 0.5434027777777781 0.3796296296296297 0.05605158730158738 0.16313932980599663
1 0.45610119047619024 0.43827160493827144 0.4598214285714281 0.14638447971781318
4 0.8931051587301587 0.6146384479717812 0.08680555555555572 0.21340388007054678
