5 0.33026199999999994 0.693495 0.006677 0.009497
6 0.7854662698412699 0.41358024691358025 0.04613095238095241 0.16225749559082886
4 0.9087301587301587 0.4444444444444444 0.038690476190476206 0.15520282186948856
4 0.8117559523809524 0.63668430335097 0.057043650793650896 0.16049382716049387
4 0.7919146825396826 0.7407407407407408 0.07886904761904759 0.17989417989417988
4 0.7844742063492063 0.908289241622575 0.09375 0.1746031746031747
4 0.6865079365079364 0.9126984126984127 0.07043650793650798 0.16402116402116407
4 0.5404265873015873 0.6565255731922399 0.05704365079365076 0.16137566137566126
3 0.43129960317460314 0.6071428571428572 0.056051587301587276 0.20017636684303355
2 0.40500992063492064 0.6278659611992946 0.12450396825396823 0.18694885361552024
1 0.8435019841269841 0.6432980599647266 0.30902777777777785 0.20899470899470898
1 0.5057043650793644 0.9087301587301585 0.7187499999999993 0.18253968253968317
