5 0.79586 0.419913 0.008929 0.017316
3 0.5503568941504178 0.5417827298050139 0.041521587743732484 0.1615598885793873
2 0.496300487465181 0.5466573816155988 0.16060236768802227 0.17966573816155992
4 0.9217009052924791 0.5229805013927576 0.09322771587743744 0.20473537604456823
4 0.8218140668523677 0.5967966573816156 0.14728412256267404 0.18245125348189412
4 0.6976410167130919 0.5153203342618384 0.06189066852367688 0.20055710306406688
4 0.6545525766016712 0.5689415041782729 0.06189066852367688 0.23537604456824504
4 0.5813022284122562 0.5933147632311977 0.056406685236768866 0.22841225626740935
4 0.4802402506963789 0.6538997214484684 0.05954038997214473 0.15738161559888633
4 0.5272458217270194 0.9115598885793872 0.07990947075208915 0.17409470752089135
4 0.4398938022284122 0.8746518105849583 0.06502437325905291 0.23119777158774368
4 0.4739728412256266 0.8259052924791086 0.0673746518105849 0.2924791086350976
1 0.46613857938718667 0.8788300835654593 0.8084958217270196 0.24233983286908017
1 0.9087308495821724 0.5981894150417822 0.18253830083565428 0.2298050139275765
