5 0.314071 0.68404 0.006598999999999999 0.008938
6 0.7767857142857143 0.41490299823633153 0.04861111111111114 0.16313932980599652
4 0.9176587301587301 0.4470899470899471 0.046626984126984045 0.16225749559082886
4 0.8425099206349206 0.6481481481481483 0.047123015873015955 0.17283950617283955
4 0.828125 0.7358906525573192 0.07490079365079368 0.1737213403880071
4 0.8249007936507937 0.9193121693121694 0.08531746031746025 0.15255731922398597
1 0.8355654761904762 0.6468253968253969 0.32490079365079366 0.20546737213403873
4 0.5600198412698413 0.656084656084656 0.07638888888888885 0.17813051146384482
4 0.7041170634920636 0.9175485008818342 0.061011904761904816 0.1596119929453262
1 0.48115079365079344 0.91005291005291 0.7113095238095238 0.17989417989418005
3 0.41914682539682535 0.6027336860670194 0.05555555555555557 0.19841269841269843
2 0.392609126984127 0.6283068783068784 0.1205357142857143 0.18430335097001774
