5 0.205763 0.663059 0.012175 0.012987
3 0.7673659470752088 0.32729805013927576 0.052489554317548655 0.15877437325905297
2 0.7556145543175486 0.3266016713091922 0.1214310584958217 0.15181058495821723
4 0.8308234679665736 0.3461002785515321 0.05719011142061291 0.1796657381615599
4 0.9322771587743732 0.4728412256267409 0.11124651810584965 0.2298050139275766
4 0.8398328690807798 0.44637883008356555 0.1175139275766017 0.18245125348189412
4 0.635358635097493 0.3426183844011142 0.03603760445682454 0.17827298050139273
4 0.39406337047353757 0.4756267409470752 0.05483983286908078 0.2103064066852368
4 0.2722405988857938 0.5807799442896936 0.1637360724233983 0.20612813370473543
4 0.09361942896935932 0.49999999999999956 0.06659122562674091 0.2228412256267408
1 0.6787952646239555 0.6288300835654597 0.6424094707520888 0.29944289693593323
