5 0.5975513428120064 0.5561797752808988 0.015007898894154792 0.02528089887640455
6 0.4087301587301587 0.12257495590828923 0.030753968253968225 0.09876543209876544
6 0.9826388888888888 0.25220458553791886 0.03472222222222214 0.164021164021164
4 0.5493551587301587 0.27645502645502645 0.04414682539682531 0.10846560846560849
4 0.45783730158730157 0.4885361552028219 0.06646825396825391 0.11992945326278664
4 0.2197420634920635 0.5454144620811288 0.05059523809523807 0.18077601410934754
4 0.4957837301587302 0.6000881834215167 0.06498015873015874 0.18253968253968245
4 0.5369543650793651 0.5559964726631393 0.04910714285714292 0.18783068783068793
4 0.5815972222222222 0.6574074074074073 0.08283730158730165 0.1931216931216931
0 0.6356646825396827 0.5000000000000001 0.47966269841269865 0.27689594356261005
