5 0.8818990000000001 0.493506 0.007305000000000001 0.008658
4 0.640625 0.30864197530864196 0.04315476190476183 0.11816578483245152
1 0.5017361111111108 0.30864197530864185 0.34374999999999967 0.13932980599647288
4 0.6631944444444445 0.42107583774250446 0.04365079365079353 0.11375661375661374
4 0.6336805555555556 0.41798941798941797 0.04017857142857139 0.13227513227513227
4 0.6569940476190476 0.8412698412698413 0.079861111111111 0.2328042328042328
4 0.4925595238095239 0.6887125220458554 0.0625 0.20282186948853606
4 0.2745535714285711 0.3831569664902997 0.05109126984126942 0.11728395061728443
4 0.25124007936507936 0.34391534391534395 0.050099206349206366 0.126984126984127
4 0.15029761904761904 0.3381834215167549 0.04464285714285715 0.12257495590828928
6 0.17733134920634921 0.3099647266313933 0.02926587301587304 0.11904761904761908
2 0.12996031746031744 0.30026455026455023 0.07341269841269839 0.1261022927689594
1 0.1840277777777776 0.5670194003527331 0.36706349206349176 0.2698412698412704
