5 0.6560121765601218 0.510148849797023 0.010654490106544899 0.01623815967523683
6 0.2616643454038997 0.36420612813370473 0.06580779944289696 0.1852367688022284
3 0.7254526462395543 0.596100278551532 0.10811281337047361 0.16991643454039
2 0.7806841922005568 0.5835654596100278 0.16060236768802227 0.20055710306406688
4 0.7101758356545961 0.5020891364902507 0.08852715877437334 0.14902506963788298
4 0.6138144150417828 0.5299442896935929 0.068158077994429 0.14902506963788292
4 0.5805188022284121 0.4401114206128135 0.07677576601671321 0.16434540389972147
4 0.4825905292479108 0.44080779944289694 0.0861768802228412 0.17688022284122568
4 0.4747562674094707 0.6580779944289694 0.18488857938718667 0.25487465181058494
4 0.1993819637883008 0.4818941504178273 0.08539345403899722 0.20055710306406682
4 0.10576253481894149 0.5828690807799443 0.07364206128133705 0.2103064066852368
4 0.13592444289693592 0.6657381615598886 0.11046309192200555 0.2562674094707521
1 0.2009488161559888 0.6385793871866291 0.4018976323119776 0.23537604456824482
1 0.6842792479108636 0.9032033426183825 0.631441504178273 0.19359331476323033
