5 0.7910742496050552 0.5035112359550562 0.008688783570300132 0.01264044943820224
6 0.2941765320334262 0.4018105849582173 0.043088440111420566 0.12395543175487468
3 0.19742339832869077 0.48189415041782724 0.031337047353760424 0.12534818941504178
2 0.12417305013927576 0.49373259052924795 0.09479456824512536 0.1350974930362117
4 0.2338527158774373 0.4791086350974931 0.04152158774373259 0.15041782729805014
4 0.23267757660167127 0.5766016713091922 0.05170612813370472 0.16713091922005582
4 0.3678185933147637 0.49303621169916406 0.07599233983286922 0.1253481894150415
4 0.36703516713091916 0.5424791086350975 0.052489554317548724 0.11559888579387191
4 0.5832607938718662 0.6316155988857939 0.10576253481894149 0.14345403899721454
4 0.6898067548746518 0.5473537604456824 0.11202994428969362 0.13927576601671313
4 0.7693245125348188 0.4547353760445682 0.06267409470752085 0.11281337047353766
4 0.8394411559888578 0.9101671309192202 0.14180013927576596 0.17130919220055701
4 0.1457172701949861 0.8802228412256266 0.1394498607242339 0.2395543175487468
1 0.20408252089136475 0.7715877437325892 0.4081650417827295 0.2896935933147619
1 0.5460480501392749 0.4895543175487458 0.34627437325905297 0.13509749303621185
