5 0.34624639076034647 0.39820359281437123 0.004331087584215609 0.004277159965782786
4 0.9131944444444444 0.38932980599647266 0.05456349206349216 0.1261022927689595
4 0.7395833333333333 0.3915343915343915 0.041666666666666574 0.0881834215167548
4 0.7562003968253967 0.41313932980599644 0.05704365079365076 0.11904761904761899
4 0.6436011904761905 0.46119929453262787 0.06994047619047628 0.13580246913580246
4 0.4873511904761905 0.5286596119929453 0.0620039682539683 0.1490299823633157
4 0.28720238095238093 0.38095238095238093 0.048611111111111105 0.12169312169312164
4 0.16865079365079363 0.4523809523809524 0.07440476190476188 0.15167548500881828
1 0.3680555555555544 0.5220458553791884 0.46230158730158605 0.19929453262786537
1 0.12227182539682539 0.867724867724867 0.24454365079365079 0.26455026455026587
