5 0.431011 0.6165800000000001 0.006529 0.007386
6 0.7839781746031745 0.9514991181657848 0.06894841269841265 0.09700176366843025
4 0.7810019841269841 0.5736331569664902 0.05009920634920647 0.1278659611992945
4 0.6438492063492063 0.5634920634920635 0.07539682539682552 0.11992945326278658
4 0.6369047619047619 0.6031746031746031 0.042658730158730125 0.1499118165784833
4 0.5473710317460317 0.7425044091710759 0.06994047619047628 0.18871252204585545
4 0.5627480158730159 0.5524691358024691 0.06200396825396823 0.13668430335097
4 0.490079365079365 0.5974426807760128 0.09821428571428567 0.13492063492063489
4 0.4804067460317461 0.548941798941799 0.07093253968253982 0.11552028218694886
4 0.26959325396825395 0.6591710758377425 0.10962301587301589 0.14726631393298065
6 0.06200396825396826 0.8624338624338626 0.04960317460317461 0.2698412698412697
3 0.04166666666666667 0.6080246913580247 0.05158730158730159 0.15432098765432095
1 0.163938492063492 0.8893298059964727 0.327876984126984 0.2213403880070541
1 0.394345238095238 0.6075837742504412 0.43749999999999983 0.1604938271604943
