5 0.236607 0.643579 0.007305000000000001 0.008658
3 0.41247388579387184 0.6323119777158774 0.08382660167130922 0.1532033426183844
2 0.3799616991643453 0.6420612813370474 0.1566852367688023 0.17270194986072432
4 0.32120473537604455 0.5591922005571032 0.04387186629526465 0.15738161559888575
4 0.4195247214484679 0.5278551532033426 0.09322771587743724 0.13927576601671304
4 0.5460480501392757 0.6128133704735376 0.07990947075208915 0.20055710306406688
4 0.638100626740947 0.6768802228412255 0.08852715877437319 0.21727019498607247
4 0.8061455431754874 0.7883008356545961 0.07834261838440114 0.23119777158774382
4 0.7963527158774372 0.6079387186629526 0.0932277158774373 0.20194986072423396
4 0.6741382311977715 0.5306406685236769 0.066591225626741 0.1754874651810585
4 0.5766016713091922 0.9359331476323121 0.07990947075208915 0.11977715877437319
1 0.8495821727019489 0.6859331476323121 0.30083565459610007 0.2520891364902508
1 0.3693854456824518 0.9254874651810551 0.7387708913649036 0.1490250696378827
