5 0.052354000000000005 0.6226549999999998 0.010552 0.012987
6 0.7254464285714286 0.1419753086419753 0.051091269841269875 0.1111111111111111
1 0.8387896825396826 0.27689594356261016 0.3224206349206349 0.14638447971781304
3 0.4536210317460317 0.22310405643738979 0.05605158730158741 0.1322751322751322
2 0.45089285714285715 0.2257495590828924 0.10218253968253961 0.12874779541446213
4 0.5128968253968254 0.2416225749559083 0.05456349206349202 0.1552028218694885
4 0.6500496031746031 0.3981481481481481 0.06498015873015867 0.22663139329805992
4 0.9141865079365072 0.850970017636685 0.17162698412698452 0.29276895943562675
4 0.45783730158730124 0.3791887125220459 0.11607142857142856 0.16225749559082872
4 0.23983134920634924 0.25176366843033504 0.06398809523809516 0.1525573192239858
4 0.1378968253968254 0.45767195767195773 0.06547619047619048 0.14814814814814817
4 0.12971230158730152 0.5529100529100528 0.08978174603174596 0.2557319223985892
1 0.39310515873015867 0.4880952380952381 0.5530753968253967 0.2601410934744269
