5 0.42541856925418564 0.6637347767253045 0.010654490106544899 0.023004059539918843
4 0.8241279069767442 0.3372093023255814 0.1075581395348837 0.13178294573643412
4 0.6642441860465117 0.5710594315245477 0.10029069767441853 0.18346253229974152
4 0.6493459302325582 0.7590439276485788 0.1359011627906977 0.19250645994832055
4 0.5287063953488372 0.6427648578811369 0.0763081395348837 0.189922480620155
4 0.41315406976744184 0.3410852713178294 0.07630813953488377 0.12919896640826875
4 0.24709302325581398 0.5077519379844961 0.08720930232558143 0.1472868217054264
4 0.40116279069767447 0.9450904392764857 0.09302325581395351 0.10981912144702846
6 0.8037790697674418 0.22480620155038758 0.04069767441860478 0.11627906976744189
4 0.012718023255813955 0.3824289405684755 0.022529069767441862 0.09560723514211887
0 0.19549418604651167 0.58656330749354 0.38953488372093026 0.28940568475452194
1 0.8666424418604651 0.31589147286821706 0.2638081395348837 0.17441860465116282
