5 0.7427701674277017 0.2652232746955345 0.009132420091324178 0.018944519621109598
6 0.8649025069637882 0.24303621169916434 0.01880222841225617 0.09610027855153203
4 0.8641190807799441 0.44011142061281333 0.11751392757660156 0.15320334261838434
4 0.7830344707520891 0.5222841225626741 0.04778899721448468 0.1754874651810585
4 0.9479456824512533 0.6016713091922006 0.08461002785515333 0.20891364902506956
4 0.23071901114206128 0.6991643454038997 0.05405640668523677 0.1671309192200556
4 0.1825383008356546 0.6225626740947076 0.07677576601671307 0.23398328690807793
4 0.16843662952646227 0.8739554317548743 0.10654596100278557 0.24094707520891345
6 0.24717096100278546 0.9296657381615597 0.148067548746518 0.14066852367687974
4 0.08852715877437324 0.5633704735376045 0.0564066852367688 0.1991643454038997
4 0.07325034818941503 0.4045961002785516 0.09792827298050139 0.14345403899721446
4 0.09871169916434538 0.33635097493036215 0.026636490250696383 0.15459610027855164
6 0.014885097493036207 0.2311977715877437 0.02977019498607242 0.13091922005571036
1 0.08147632311977716 0.2903899721448468 0.16295264623955433 0.12952646239554316
0 0.7156598189415041 0.49860724233983283 0.48494080779944276 0.245125348189415
