5 0.738231 0.609668 0.013799 0.010101
4 0.9233630952380952 0.5013227513227513 0.05704365079365076 0.1384479717813052
4 0.7886904761904762 0.4713403880070547 0.08134920634920632 0.11552028218694879
4 0.7296626984126984 0.43077601410934746 0.06150793650793645 0.10846560846560842
4 0.26240079365079366 0.4880952380952381 0.025793650793650792 0.12962962962962962
4 0.29811507936507936 0.5013227513227513 0.039682539682539646 0.09082892416225746
4 0.37227182539682535 0.7442680776014109 0.07787698412698418 0.14814814814814808
1 0.25669642857142855 0.4184303350970018 0.277281746031746 0.1137566137566138
1 0.06671626984126983 0.6463844797178123 0.13343253968253965 0.20987654320987637
0 0.841765873015873 0.6962081128747795 0.3164682539682539 0.27777777777777773
