5 0.34104599999999996 0.527066 0.008347 0.010089999999999998
6 0.734375 0.41446208112874783 0.03422619047619037 0.14285714285714285
4 0.8551587301587301 0.5449735449735449 0.07341269841269848 0.11992945326278664
4 0.9407242063492063 0.48104056437389775 0.04414682539682545 0.14373897707231045
3 0.9818948412698412 0.6036155202821871 0.03621031746031706 0.16137566137566137
4 0.34548611111111105 0.466931216931217 0.06299603174603174 0.11904761904761912
4 0.16369047619047616 0.5343915343915344 0.12996031746031744 0.13580246913580246
4 0.29712301587301587 0.6340388007054674 0.07043650793650787 0.15696649029982354
4 0.37202380952380953 0.6027336860670194 0.07142857142857138 0.13315696649029987
2 0.5434027777777777 0.603615520282187 0.4548611111111112 0.16666666666666657
2 0.8147321428571427 0.8893298059964725 0.3705357142857148 0.22134038800705447
4 0.3447420634920635 0.8593474426807759 0.13988095238095238 0.20723104056437378
