5 0.331981 0.8629149999999999 0.014610000000000001 0.017316
6 0.47397284122562666 0.2646239554317549 0.04387186629526461 0.12534818941504178
3 0.24756267409470747 0.37813370473537605 0.07364206128133702 0.14902506963788295
2 0.17901288300835652 0.38231197771587744 0.144933844011142 0.15459610027855153
4 0.211133356545961 0.4101671309192201 0.04622214484679667 0.1573816155988858
4 0.17862116991643454 0.4303621169916434 0.05797353760445682 0.14484679665738157
4 0.12260619777158772 0.7778551532033426 0.19977367688022285 0.266016713091922
4 0.3317809888579387 0.40181058495821725 0.06972493036211695 0.16295264623955433
4 0.3462743732590529 0.41364902506963785 0.07834261838440107 0.17270194986072426
4 0.5378220752089136 0.4575208913649025 0.1182973537604456 0.16573816155988852
4 0.5734679665738162 0.47701949860724235 0.053272980501392835 0.22144846796657375
4 0.6870647632311977 0.5696378830083566 0.07990947075208908 0.20891364902506956
4 0.9667479108635096 0.6135097493036211 0.06267409470752085 0.2493036211699163
1 0.6937238857938718 0.4206128133704736 0.4912082172701947 0.1448467966573815
1 0.22210132311977723 0.6977715877437325 0.44420264623955447 0.32033426183844016
