5 0.465052 0.5992039999999998 0.0063690000000000005 0.009497
3 0.351366643454039 0.596100278551532 0.04935584958217269 0.1253481894150417
2 0.2687151810584958 0.605849582172702 0.09714484679665737 0.15877437325905283
6 0.25343837047353757 0.8314763231197771 0.07599233983286911 0.2757660167130919
4 0.4778899721448468 0.6699164345403901 0.10341225626740957 0.15320334261838447
4 0.5722928272980501 0.6866295264623956 0.07129178272980496 0.15598885793871864
4 0.5323380919220055 0.5591922005571032 0.07285863509749298 0.107242339832869
4 0.5468314763231197 0.5285515320334262 0.04857242339832872 0.12395543175487461
4 0.650243732590529 0.5577994428969358 0.10184540389972135 0.14902506963788306
4 0.706258704735376 0.6204735376044569 0.03995473537604454 0.16573816155988857
4 0.7356371866295264 0.6532033426183844 0.04387186629526468 0.16713091922005568
4 0.8727367688022284 0.5974930362116991 0.04073816155988865 0.1532033426183844
1 0.7340703342618383 0.6114206128133705 0.45438718662952643 0.16155988857938716
1 0.35097493036211674 0.8781337047353759 0.6016713091922001 0.24373259052924737
