5 0.7389415481832543 0.6706460674157303 0.013428120063191216 0.023876404494382088
3 0.8179563492063493 0.5110229276895943 0.04861111111111114 0.11022927689594354
2 0.8452380952380952 0.5022045855379189 0.10119047619047634 0.1313932980599647
6 0.8244047619047618 0.885361552028219 0.05555555555555543 0.22222222222222215
4 0.7276785714285714 0.5983245149911817 0.08432539682539683 0.1649029982363315
4 0.6733630952380952 0.5749559082892417 0.04811507936507937 0.12522045855379182
4 0.4791666666666663 0.8761022927689583 0.06746031746031785 0.2213403880070549
4 0.37772817460317476 0.9149029982363309 0.10466269841269879 0.16843033509700148
1 0.43055555555555536 0.5110229276895943 0.3829365079365081 0.1455026455026454
1 0.7790178571428558 0.7861552028218693 0.43998015873015817 0.28306878306878297
4 0.023561507936507936 0.4501763668430335 0.03422619047619047 0.1278659611992945
