5 0.27834 0.6605189999999999 0.006748 0.012995
6 0.7650156685236769 0.42479108635097496 0.044655292479108794 0.16155988857938725
4 0.9475539693593313 0.46030640668523676 0.04935584958217277 0.16852367688022285
4 0.8817461699164345 0.6532033426183844 0.066591225626741 0.20334261838440112
4 0.8860550139275769 0.7395543175487462 0.15355153203342556 0.2144846796657381
4 0.9361942896935932 0.9477715877437325 0.08617688022284113 0.1044568245125349
4 0.7352454735376035 0.9352367688022283 0.058756963788300795 0.12952646239554308
4 0.6345752089136489 0.6532033426183844 0.08304317548746525 0.17827298050139276
3 0.38622910863509746 0.6009749303621169 0.04700557103064064 0.19637883008356552
2 0.359200905292479 0.6385793871866295 0.12299791086350971 0.18523676880222836
1 0.8256876740947071 0.6344011142061272 0.34862465181058383 0.21030640668523623
1 0.4469446378830081 0.9122562674094681 0.7105675487465177 0.17548746518105898
