5 0.08649289099526065 0.6411516853932585 0.01500789889415481 0.02106741573033709
6 0.5486918604651163 0.4231266149870801 0.04505813953488371 0.13565891472868216
3 0.9473110465116278 0.545219638242894 0.06322674418604649 0.18087855297157623
4 0.7914244186046511 0.4948320413436693 0.06104651162790702 0.13695090439276492
4 0.7398255813953489 0.5032299741602067 0.06831395348837205 0.13307493540051674
4 0.7590843023255814 0.5833333333333334 0.09956395348837219 0.16925064599483208
4 0.6388081395348837 0.6595607235142118 0.08284883720930232 0.19250645994832033
4 0.4593023255813954 0.7803617571059432 0.1104651162790698 0.2222222222222223
4 0.4549418604651163 0.5684754521963824 0.055232558139534975 0.1731266149870801
4 0.38808139534883723 0.45671834625323 0.052325581395348875 0.12790697674418602
4 0.2747093023255814 0.58656330749354 0.12354651162790703 0.16795865633074938
6 0.23401162790697674 0.9037467700258398 0.05813953488372093 0.1873385012919897
4 0.09883720930232558 0.5691214470284237 0.06395348837209304 0.17441860465116277
1 0.5999273255813947 0.5704134366925063 0.4469476744186045 0.16149870801033625
1 0.842296511627906 0.8669250645994825 0.31540697674418533 0.26614987080103264
