5 0.44337599999999994 0.6079770000000001 0.005556 0.006838
4 0.8030753968253969 0.5846560846560847 0.05357142857142861 0.14814814814814817
4 0.6733630952380952 0.6274250440917107 0.04811507936507937 0.1613756613756613
4 0.6512896825396826 0.5828924162257496 0.05456349206349209 0.14638447971781304
4 0.5771329365079365 0.54673721340388 0.07490079365079368 0.14462081128747797
4 0.5121527777777778 0.6000881834215168 0.04811507936507937 0.12257495590828923
4 0.5456349206349206 0.7438271604938271 0.07837301587301596 0.17019400352733682
4 0.47991071428571425 0.5498236331569665 0.07093253968253961 0.11904761904761905
4 0.33779761904761907 0.6790123456790124 0.11904761904761901 0.16225749559082892
3 0.1378968253968254 0.5996472663139331 0.04960317460317459 0.14991181657848338
6 0.11433531746031746 0.855379188712522 0.05704365079365079 0.28218694885361556
6 0.849702380952381 0.9462081128747795 0.05555555555555557 0.10405643738977062
2 0.04414682539682539 0.6137566137566138 0.08829365079365079 0.16578483245149905
1 0.49727182539682546 0.6071428571428572 0.4379960317460318 0.1631393298059966
1 0.2110615079365078 0.8866843033509703 0.41815476190476164 0.21957671957672
