5 0.7061690000000002 0.53824 0.006494 0.011544
6 0.5034722222222222 0.3747795414462081 0.029761904761904816 0.06525573192239861
4 0.31547619047619047 0.39285714285714285 0.02876984126984123 0.05908289241622583
4 0.3635912698412699 0.5066137566137566 0.07738095238095241 0.11199294532627867
4 0.4603174603174604 0.46472663139329806 0.06051587301587297 0.08641975308641975
4 0.6651785714285714 0.5048500881834215 0.07142857142857138 0.09435626102292773
4 0.6507936507936507 0.5462962962962963 0.038690476190476206 0.09964726631393298
4 0.48660714285714285 0.7345679012345678 0.10416666666666657 0.14638447971781304
4 0.13591269841269843 0.948853615520282 0.09821428571428571 0.09876543209876544
1 0.8529265873015873 0.45370370370370366 0.2723214285714286 0.11022927689594361
4 0.6932043650793651 0.37918871252204583 0.02628968253968253 0.06701940035273367
0 0.27058531746031744 0.6552028218694886 0.3824404761904762 0.20811287477954138
1 0.9776785714285714 0.646825396825397 0.04464285714285708 0.15608465608465608
