5 0.16426300000000002 0.46805 0.005723000000000001 0.010175
4 0.9236594707520883 0.827298050139276 0.05954038997214464 0.32869080779944343
3 0.5922701949860724 0.6142061281337048 0.07677576601671297 0.1337047353760447
2 0.6247823816155988 0.6162952646239555 0.09322771587743724 0.15181058495821736
4 0.6827559192200556 0.596100278551532 0.04778899721448468 0.1782729805013927
4 0.6686542479108634 0.5236768802228412 0.036821030640668655 0.14206128133704737
4 0.567983983286908 0.4707520891364902 0.10811281337047361 0.13091922005571027
4 0.46222144846796653 0.4630919220055711 0.042305013927576594 0.14902506963788298
4 0.21583391364902504 0.42966573816155984 0.08069289693593315 0.12674094707520886
4 0.07403377437325905 0.5995821727019499 0.08225974930362118 0.1573816155988858
4 0.6604282729805013 0.8133704735376045 0.11594707520891362 0.19498607242339844
1 0.17548746518105837 0.6344011142061278 0.35097493036211674 0.19637883008356508
1 0.5370386490250695 0.8955431754874651 0.6917653203342617 0.20891364902506918
