5 0.25162300000000004 0.686147 0.008117 0.010101
3 0.5194115598885793 0.568941504178273 0.08931058495821724 0.11002785515320333
2 0.5147110027855153 0.5424791086350975 0.1284818941504178 0.16016713091922014
4 0.6506354456824512 0.5215877437325905 0.044655292479108724 0.19080779944289694
4 0.7454300139275765 0.5682451253481895 0.06972493036211702 0.18384401114206134
4 0.7669742339832868 0.48955431754874645 0.05954038997214482 0.17409470752089135
4 0.8891887186629526 0.5905292479108636 0.11281337047353773 0.1810584958217271
4 0.6514188718662953 0.7465181058495816 0.17313718662952643 0.19498607242339833
4 0.42422527855153186 0.8182451253481894 0.15746866295264583 0.22144846796657408
4 0.38427054317548737 0.5501392757660167 0.10262883008356546 0.15320334261838434
4 0.26127263231197767 0.5654596100278547 0.09322771587743732 0.1810584958217268
1 0.48964136490250665 0.8697771587743729 0.7426880222841222 0.2604456824512533
1 0.9087308495821723 0.5954038997214485 0.18253830083565398 0.2103064066852367
