5 0.36284700000000003 0.532289 0.010417 0.008072
6 0.6498015873015873 0.4021164021164021 0.037698412698412724 0.15520282186948847
6 0.7375992063492063 0.46208112874779544 0.07440476190476204 0.1499118165784833
3 0.959077380952381 0.6137566137566138 0.06299603174603177 0.18165784832451493
4 0.5900297619047619 0.5119047619047619 0.05406746031746032 0.13844797178130513
4 0.42410714285714285 0.8231922398589065 0.14186507936507936 0.17372134038800696
4 0.1545138888888889 0.7050264550264551 0.12152777777777779 0.2107583774250441
4 0.06969246031746032 0.6296296296296297 0.08581349206349205 0.21516754850088182
4 0.10962301587301587 0.47883597883597884 0.06845238095238095 0.14814814814814817
1 0.4749503968253965 0.6199294532627867 0.5084325396825392 0.1763668430335096
1 0.7822420634920627 0.9047619047619038 0.43551587301587225 0.19047619047618916
2 0.970486111111111 0.6133156966490297 0.059027777777777436 0.14021164021164023
