5 0.676179604261796 0.5358592692828146 0.00989345509893468 0.016238159675236757
6 0.9310515873015873 0.6891534391534391 0.05753968253968253 0.21604938271604937
3 0.9747023809523809 0.5119047619047619 0.04464285714285723 0.1014109347442681
2 0.9781746031746031 0.4920634920634921 0.043650793650793676 0.11111111111111115
4 0.5900297619047619 0.554673721340388 0.08085317460317455 0.13756613756613753
4 0.5429067460317456 0.6186067019400352 0.0838293650793651 0.14550264550264544
4 0.33308531746031744 0.4338624338624338 0.049107142857142884 0.09523809523809526
4 0.30307539682539686 0.42107583774250446 0.038690476190476206 0.10317460317460309
4 0.14707341269841268 0.503968253968254 0.05208333333333334 0.09788359788359792
4 0.13541666666666669 0.603615520282187 0.10218253968253968 0.1472663139329805
6 0.09523809523809523 0.43738977072310403 0.03968253968253967 0.10758377425044088
1 0.6039186507936506 0.521604938271605 0.37549603174603147 0.12433862433862455
1 0.8968253968253961 0.7799823633156968 0.20634920634920573 0.2654320987654321
