5 0.71875 0.6818179999999999 0.008929 0.012987
4 0.8092792479108634 0.6183844011142061 0.10497910863509731 0.18662952646239567
4 0.12182277158774373 0.6977715877437326 0.1496344011142061 0.21727019498607242
6 0.25853064066852366 0.31058495821727017 0.026636490250696383 0.13091922005571027
4 0.09596970752089135 0.4233983286908078 0.046222144846796646 0.1643454038997215
4 0.0426967270194986 0.4261838440111421 0.03368732590529247 0.15877437325905297
3 0.016451949860724232 0.40111420612813375 0.026636490250696376 0.14484679665738162
2 0.023111072423398323 0.39972144846796653 0.03838788300835654 0.1727019498607242
1 0.4442026462395543 0.4199164345403899 0.4308844011142061 0.1406685236768802
1 0.11516364902506959 0.6873259052924793 0.22405988857938708 0.2715877437325906
