5 0.5418020000000001 0.575758 0.005682 0.011544
6 0.38492063492063494 0.40167548500881833 0.025793650793650754 0.10846560846560849
3 0.7175099206349206 0.5097001763668431 0.059027777777777714 0.11111111111111115
2 0.8090277777777777 0.48368606701940037 0.10416666666666671 0.13844797178130513
4 0.5362103174603174 0.539241622574956 0.05357142857142861 0.15255731922398588
4 0.45858134920634924 0.554673721340388 0.05902777777777778 0.1604938271604938
1 0.36036706349206327 0.5070546737213403 0.417162698412698 0.1640211640211641
4 0.07837301587301587 0.5255731922398589 0.048611111111111105 0.17107583774250443
4 0.28000992063492064 0.86331569664903 0.06597222222222221 0.24514991181657847
1 0.7738095238095221 0.8174603174603182 0.45138888888888845 0.35449735449735587
