5 0.376603 0.524831 0.008484 0.010055000000000001
6 0.7560062674094706 0.4032033426183844 0.03133704735376057 0.1406685236768802
4 0.8970229805013926 0.5598885793871866 0.07207520891364907 0.11699164345403901
4 0.9781075905292478 0.48607242339832873 0.04308844011142071 0.12813370473537603
3 0.9894237465181058 0.5967966573816156 0.02115250696378837 0.12952646239554327
4 0.39092966573816157 0.4623955431754874 0.06267409470752092 0.11142061281337036
4 0.4312761142061281 0.6149025069637883 0.08382660167130915 0.13788300835654596
4 0.31611246518105846 0.621866295264624 0.06972493036211702 0.16016713091921994
4 0.21309192200557103 0.520891364902507 0.11281337047353761 0.13091922005571027
4 0.3274721448467966 0.8551532033426184 0.13004874651810588 0.20334261838440112
1 0.5656337047353756 0.5974930362116992 0.45438718662952626 0.161559888579387
1 0.8245125348189413 0.892061281337047 0.3509749303621166 0.21587743732590486
