5 0.8360979462875195 0.7183988764044943 0.01658767772511851 0.03230337078651686
6 0.6639536908077994 0.28342618384401114 0.030553621169916455 0.09052924791086352
6 0.781467618384401 0.8725626740947076 0.06032381615598894 0.17966573816156
4 0.8390494428969358 0.6497214484679665 0.10654596100278539 0.1573816155988858
4 0.6243906685236769 0.6817548746518105 0.1598189415041783 0.16573816155988866
4 0.6647371169916434 0.4756267409470752 0.07442548746518106 0.13788300835654588
4 0.35410863509749296 0.44777158774373255 0.06267409470752085 0.1545961002785515
4 0.2064327994428969 0.27646239554317553 0.033687325905292484 0.10724233983286911
4 0.07011664345403898 0.29247910863509746 0.039954735376044555 0.08913649025069638
6 0.024677924791086346 0.2778551532033426 0.021152506963788297 0.08495821727019497
0 0.3552837743732591 0.5383008356545961 0.40189763231197767 0.21587743732590525
1 0.9455518802228411 0.3481894150417826 0.1088962395543171 0.11420612813370466
