5 0.839248 0.584046 0.006487 0.007462
3 0.6576862813370472 0.5348189415041783 0.03212047353760454 0.11977715877437327
2 0.6941155988857938 0.5557103064066853 0.08304317548746525 0.10863509749303624
6 0.717226671309192 0.6371866295264624 0.043088440111420566 0.13231197771587744
4 0.5111855849582172 0.6824512534818942 0.09949512534818944 0.10306406685236766
4 0.3176793175487465 0.6608635097493036 0.04152158774373255 0.1350974930362117
4 0.11594707520891363 0.6594707520891364 0.07520891364902506 0.1462395543175488
4 0.08265146239554316 0.79874651810585 0.046222144846796646 0.16016713091921908
6 0.055231545961002784 0.4491643454038997 0.06189066852367688 0.10167130919220056
4 0.0916608635097493 0.5006963788300836 0.043871866295264635 0.08495821727019497
4 0.15002611420612813 0.47214484679665747 0.03682103064066853 0.10863509749303624
4 0.5550574512534818 0.8850974930362117 0.08539345403899723 0.1462395543175488
1 0.33961525069637843 0.5577994428969358 0.35175835654596077 0.13509749303621166
1 0.6388840529247909 0.7834261838440111 0.4661385793871865 0.22144846796657375
4 0.4814153899721447 0.9470752089136489 0.060323816155988794 0.0835654596100278
