5 0.7417061611374407 0.5182584269662921 0.011058451816745673 0.02247191011235948
4 0.8628472222222223 0.7724867724867726 0.13244047619047636 0.2275132275132276
4 0.75 0.4395943562610229 0.042658730158730125 0.16843033509700184
4 0.5372023809523809 0.3412698412698413 0.04761904761904759 0.13051146384479717
4 0.45039682539682535 0.35978835978835977 0.04464285714285708 0.13403880070546742
4 0.419890873015873 0.29365079365079366 0.03521825396825392 0.1516754850088184
4 0.3948412698412698 0.2993827160493827 0.03571428571428569 0.14197530864197533
4 0.2993551587301588 0.300705467372134 0.047123015873015886 0.1287477954144621
4 0.3117559523809524 0.37257495590828926 0.04315476190476183 0.11904761904761901
4 0.4002976190476191 0.6018518518518516 0.06845238095238097 0.1754850088183416
4 0.04389880952380953 0.52336860670194 0.08382936507936507 0.1649029982363316
1 0.2120535714285713 0.5145502645502643 0.42410714285714257 0.24955908289241627
0 0.9766865079365071 0.9770723104056432 0.04662698412698376 0.04585537918871184
