5 0.535308 0.7012990000000001 0.012175 0.01443
6 0.4370039682539682 0.26146384479717816 0.03571428571428569 0.14902998236331574
4 0.7237103174603174 0.38888888888888884 0.0982142857142857 0.17460317460317454
4 0.4702380952380952 0.4708994708994704 0.09027777777777793 0.17460317460317454
4 0.30009920634920634 0.6596119929453264 0.08829365079365083 0.17460317460317448
4 0.13938492063492064 0.6723985890652557 0.07837301587301587 0.2777777777777776
4 0.2725694444444445 0.4572310405643739 0.06498015873015878 0.17195767195767198
4 0.17584325396825395 0.46252204585537915 0.07093253968253967 0.1913580246913581
4 0.21924603174603177 0.41710758377425045 0.058531746031746046 0.14462081128747797
3 0.10416666666666664 0.3985890652557316 0.0734126984126984 0.17283950617283972
2 0.08333333333333331 0.3955026455026455 0.12996031746031744 0.1666666666666667
1 0.6180555555555555 0.4351851851851853 0.5019841269841271 0.16313932980599627
1 0.18179563492063486 0.7314814814814813 0.3635912698412697 0.3359788359788366
