5 0.261769 0.833333 0.007305000000000001 0.012987
6 0.5786210317460317 0.2663139329805997 0.046130952380952335 0.13227513227513232
4 0.7564484126984127 0.44797178130511467 0.06150793650793645 0.18518518518518526
4 0.7132936507936509 0.564373897707231 0.06845238095238088 0.23104056437389764
4 0.5969742063492063 0.4708994708994709 0.07291666666666664 0.17813051146384482
1 0.7688492063492063 0.42592592592592593 0.4613095238095238 0.1534391534391535
3 0.2879464285714286 0.37301587301587297 0.04017857142857146 0.12522045855379185
2 0.27628968253968256 0.38183421516754845 0.1130952380952381 0.14638447971781304
4 0.296875 0.4109347442680776 0.03720238095238095 0.14638447971781304
4 0.35466269841269843 0.4104938271604938 0.06547619047619051 0.1578483245149912
4 0.419890873015873 0.4021164021164021 0.06498015873015874 0.1728395061728395
4 0.45138888888888884 0.42416225749559083 0.05853174603174601 0.1728395061728395
4 0.22296626984126985 0.7222222222222223 0.12351190476190474 0.28218694885361556
1 0.26562499999999994 0.6843033509700175 0.5312499999999999 0.3015873015873019
