5 0.34094368340943687 0.5094722598105548 0.007610350076103529 0.012178619756427622
6 0.34102182539682546 0.3664021164021164 0.02926587301587297 0.07848324514991177
1 0.12524801587301587 0.4704585537918874 0.25049603174603174 0.113756613756613
4 0.6919642857142858 0.4021164021164021 0.030753968253968225 0.08465608465608469
4 0.7209821428571428 0.419753086419753 0.03621031746031761 0.07583774250440918
4 0.6865079365079364 0.4995590828924162 0.04563492063492063 0.07142857142857145
4 0.9030257936507937 0.4761904761904762 0.04017857142857153 0.10052910052910058
4 0.8345734126984127 0.621252204585538 0.06894841269841238 0.15255731922398577
4 0.970734126984127 0.7407407407407408 0.05853174603174608 0.17107583774250457
0 0.7911706349206347 0.6940035273368604 0.4176587301587308 0.2539682539682546
