5 0.4308759999999999 0.613105 0.006197 0.006458
6 0.07442548746518106 0.6114206128133705 0.05954038997214484 0.14206128133704746
2 0.010576253481894149 0.6169916434540389 0.021152506963788297 0.12534818941504167
6 0.0783426183844011 0.8600278551532032 0.0564066852367688 0.25766016713091916
1 0.1778377437325904 0.8878830083565455 0.3556754874651808 0.22423398328690833
4 0.2961350974930362 0.6747910863509748 0.11438022284122563 0.1406685236768802
4 0.5448729108635096 0.7416434540389971 0.06815807799442901 0.18523676880222836
6 0.8053621169916434 0.9512534818941504 0.05797353760445687 0.09749303621169915
4 0.48689937325905286 0.5452646239554317 0.04935584958217262 0.0933147632311978
4 0.4849408077994428 0.5988857938718662 0.07990947075208908 0.1142061281337046
4 0.5519237465181058 0.5431754874651811 0.07912604456824511 0.13370473537604455
4 0.6478934540389971 0.5696378830083565 0.07207520891364907 0.1337047353760447
4 0.6486768802228411 0.6114206128133705 0.05170612813370468 0.16155988857938725
4 0.791260445682451 0.5766016713091922 0.05954038997214482 0.1337047353760446
1 0.4391103760445681 0.6044568245125349 0.44263579387186625 0.16434540389972138
