5 0.592532 0.6883120000000001 0.008117 0.008658
6 0.36532738095238093 0.26631393298059963 0.03521825396825406 0.1463844797178131
3 0.049107142857142835 0.3915343915343915 0.05357142857142855 0.1851851851851848
2 0.04017857142857143 0.39638447971781304 0.08035714285714286 0.14197530864197533
4 0.10441468253968254 0.4501763668430335 0.06795634920634921 0.1948853615520283
4 0.14136904761904762 0.404320987654321 0.027777777777777804 0.1684303350970017
4 0.16617063492063494 0.4144620811287478 0.05555555555555554 0.1657848324514991
4 0.2038690476190476 0.458994708994709 0.07837301587301586 0.1701940035273369
4 0.08606150793650792 0.6719576719576721 0.07390873015873015 0.27689594356261016
4 0.25 0.6820987654320987 0.10515873015873016 0.23721340388007056
4 0.42410714285714285 0.4929453262786596 0.10416666666666657 0.18871252204585545
4 0.6475694444444444 0.38668430335097 0.09573412698412703 0.1807760141093474
1 0.5369543650793646 0.43298059964726654 0.46974206349206343 0.15696649029982396
1 0.14880952380952384 0.7226631393298055 0.29761904761904767 0.3165784832451501
4 0.9578373015873015 0.6305114638447972 0.08432539682539683 0.22927689594356251
