5 0.8989449999999999 0.454545 0.008929 0.011544
4 0.6351686507936508 0.3267195767195767 0.042162698412698346 0.1119929453262786
4 0.605406746031746 0.43650793650793646 0.045138888888888784 0.10758377425044095
4 0.6443452380952381 0.43871252204585537 0.046626984126984045 0.1014109347442681
4 0.642609126984127 0.8580246913580248 0.09573412698412703 0.24691358024691354
4 0.47371031746031744 0.7156084656084656 0.06944444444444443 0.20723104056437386
4 0.25297619047619047 0.41490299823633153 0.0505952380952381 0.11552028218694879
4 0.2222222222222222 0.373015873015873 0.05158730158730162 0.11992945326278662
4 0.1267361111111111 0.3672839506172839 0.04017857142857144 0.14726631393298056
3 0.1545138888888889 0.33994708994708994 0.036210317460317484 0.12786596119929453
2 0.11086309523809522 0.3201058201058201 0.08184523809523807 0.1287477954144621
1 0.48412698412698446 0.3258377425044091 0.34424603174603197 0.14021164021164015
1 0.17237103174603166 0.5886243386243379 0.3447420634920633 0.2724867724867724
6 0.9769345238095235 0.9576719576719575 0.04613095238095142 0.08465608465608467
