5 0.407468 0.643579 0.019481 0.01443
4 0.9501488095238096 0.548941798941799 0.08581349206349202 0.14197530864197533
4 0.6440972222222223 0.47883597883597884 0.04414682539682538 0.14109347442680778
4 0.5493551587301587 0.4832451499118166 0.046130952380952335 0.11640211640211647
4 0.5049603174603174 0.5753968253968254 0.0625 0.12610229276895935
4 0.5158730158730158 0.6662257495590829 0.11309523809523803 0.14021164021164026
4 0.347718253968254 0.4312169312169313 0.07142857142857145 0.10934744268077601
4 0.2564484126984127 0.4889770723104057 0.08432539682539683 0.11904761904761905
4 0.26066468253968256 0.5890652557319224 0.060019841269841265 0.1463844797178129
1 0.3878968253968252 0.6159611992945326 0.48214285714285693 0.18959435626102322
1 0.09970238095238099 0.9047619047619045 0.19940476190476197 0.19047619047619116
