5 0.364448 0.5468979999999999 0.006494 0.008658
3 0.314484126984127 0.623015873015873 0.041666666666666644 0.16843033509700178
2 0.24578373015873012 0.6216931216931217 0.11755952380952377 0.20282186948853606
4 0.33581349206349204 0.5696649029982364 0.046626984126984114 0.16049382716049387
4 0.39409722222222227 0.5679012345679013 0.052083333333333356 0.16402116402116407
4 0.3373015873015873 0.5114638447971781 0.051587301587301584 0.17460317460317462
4 0.3774801587301587 0.4991181657848324 0.060515873015873044 0.15167548500881828
4 0.617311507936508 0.8033509700176367 0.17212301587301596 0.2539682539682539
4 0.6929563492063493 0.791005291005291 0.08730158730158735 0.2433862433862433
4 0.7829861111111112 0.939594356261023 0.07688492063492064 0.11552028218694886
4 0.7150297619047619 0.6569664902998237 0.1195436507936509 0.2063492063492064
1 0.7750496031746033 0.6710758377425049 0.4499007936507934 0.21869488536155224
1 0.3040674603174602 0.9153439153439136 0.6081349206349204 0.1693121693121689
