5 0.273945 0.5043290000000001 0.005682 0.007215
4 0.6644345238095238 0.3342151675485009 0.03621031746031747 0.06878306878306877
3 0.10615079365079363 0.39285714285714285 0.029761904761904764 0.09435626102292773
2 0.09151785714285714 0.40784832451499115 0.06894841269841269 0.08730158730158727
6 0.015624999999999995 0.49647266313932975 0.03124999999999999 0.1234567901234569
4 0.21750992063492064 0.48544973544973546 0.04910714285714285 0.09611992945326285
4 0.29241071428571425 0.5811287477954145 0.05406746031746032 0.11463844797178119
4 0.10590277777777779 0.650352733686067 0.050099206349206366 0.14726631393298065
1 0.12896825396825393 0.6181657848324511 0.25694444444444436 0.22574955908289204
1 0.3707837301587301 0.4029982363315696 0.2504960317460315 0.10229276895943552
4 0.6081349206349206 0.5714285714285714 0.046626984126984045 0.12698412698412695
4 0.6612103174603174 0.47971781305114647 0.029761904761904816 0.11463844797178133
4 0.8077876984126985 0.4109347442680776 0.02926587301587304 0.09700176366843032
4 0.8737599206349206 0.5101410934744268 0.05406746031746024 0.09964726631393298
1 0.8787202380952379 0.6856261022927689 0.24255952380952361 0.25837742504409134
6 0.3568948412698413 0.9576719576719576 0.050099206349206324 0.08112874779541443
