5 0.645698 0.53824 0.005682 0.005772
6 0.6128472222222221 0.39373897707231037 0.03224206349206348 0.05908289241622576
6 0.4131944444444444 0.3875661375661376 0.014880952380952408 0.07319223985890652
4 0.25 0.4069664902998237 0.01984126984126984 0.07495590828924158
4 0.27207341269841273 0.531305114638448 0.04414682539682541 0.11022927689594368
0 0.18278769841269837 0.6847442680776004 0.36557539682539675 0.24426807760141017
4 0.38467261904761907 0.4682539682539682 0.03125 0.091710758377425
4 0.4278273809523809 0.7583774250440918 0.061011904761904746 0.1499118165784833
4 0.5910218253968254 0.5401234567901235 0.0362103174603174 0.09435626102292773
4 0.5984623015873016 0.5052910052910053 0.03323412698412703 0.0776014109347443
3 0.9697420634920636 0.47310405643738973 0.04662698412698418 0.08730158730158727
1 0.7502480158730147 0.45414462081128726 0.2624007936507932 0.10582010582010644
1 0.9295634920634922 0.6785714285714286 0.13789682539682546 0.2107583774250441
