5 0.6887180000000002 0.661616 0.010552 0.012987
6 0.2621527777777778 0.2821869488536155 0.03918650793650794 0.13403880070546734
4 0.8643353174603174 0.6062610229276896 0.09672619047619051 0.2054673721340388
4 0.517609126984127 0.38580246913580246 0.051091269841269875 0.15255731922398585
1 0.42633928571428553 0.4409171075837744 0.45089285714285715 0.1428571428571431
4 0.3345734126984127 0.5074955908289241 0.051091269841269805 0.1666666666666667
4 0.19618055555555558 0.6485890652557319 0.07390873015873016 0.2160493827160493
4 0.13045634920634921 0.4673721340388007 0.061507936507936505 0.17107583774250443
4 0.08556547619047619 0.4329805996472663 0.05009920634920635 0.15520282186948856
4 0.04563492063492063 0.41358024691358025 0.04662698412698413 0.15873015873015872
4 0.021081349206349208 0.45502645502645506 0.042162698412698416 0.17989417989417994
4 0.016121031746031748 0.6609347442680777 0.032242063492063495 0.24603174603174602
1 0.09697420634920637 0.7204585537918871 0.19196428571428573 0.2733686067019399
