5 0.18048973143759867 0.5941011235955056 0.007109004739336486 0.011235955056179848
6 0.3952385097493035 0.26880222841225626 0.02271935933147624 0.0668523676880223
3 0.036429317548746516 0.36629526462395545 0.024286211699164343 0.09749303621169922
2 0.030161908077994428 0.38370473537604455 0.05719011142061281 0.09610027855153205
1 0.3031859331476323 0.3614206128133705 0.25383008356545966 0.096100278551532
4 0.141800139275766 0.4289693593314763 0.0642409470752089 0.07799442896935929
1 0.10458739554317545 0.5821727019498606 0.2091747910863509 0.19220055710306386
4 0.29495995821727017 0.6678272980501393 0.09792827298050139 0.13788300835654596
4 0.17039519498607242 0.8008356545961003 0.08696030640668523 0.15598885793871886
6 0.3270804317548746 0.8725626740947076 0.05875696378830085 0.13231197771587744
4 0.5350800835654596 0.4408077994428969 0.06580779944289696 0.11002785515320333
4 0.6588614206128134 0.3064066852367688 0.025069637883008228 0.08077994428969362
4 0.7740250696378829 0.350974930362117 0.04073816155988865 0.06963788300835652
4 0.924834610027855 0.43245125348189417 0.06189066852367688 0.09610027855153205
4 0.9448119777158773 0.37883008356545955 0.0360376044568244 0.08356545961002787
4 0.8084958217270194 0.5981894150417827 0.045438718662952626 0.14623955431754873
0 0.8437499999999993 0.5961002785515316 0.3118036211699162 0.220055710306406
