5 0.433817 0.624282 0.008435 0.013495
4 0.769593253968254 0.5612874779541446 0.05902777777777786 0.12257495590828923
4 0.6364087301587301 0.5533509700176367 0.04265873015873005 0.11199294532627867
4 0.6135912698412699 0.5974426807760141 0.038690476190476136 0.1437389770723105
4 0.554811507936508 0.5590828924162257 0.07589285714285708 0.10934744268077601
4 0.5044642857142857 0.6102292768959435 0.06150793650793645 0.10582010582010583
4 0.4784226190476191 0.5599647266313933 0.07886904761904766 0.13227513227513227
4 0.5677083333333333 0.7429453262786595 0.055059523809523864 0.17901234567901228
4 0.23214285714285715 0.6521164021164022 0.07837301587301589 0.15784832451499128
6 0.03125 0.8637566137566138 0.058531746031746025 0.25661375661375674
1 0.13492063492063497 0.8924162257495587 0.26984126984126994 0.21516754850088135
1 0.3430059523809524 0.6062610229276892 0.458829365079365 0.16843033509700164
6 0.7418154761904764 0.9466490299823634 0.05505952380952385 0.1067019400352731
