5 0.47788309636650866 0.5393258426966292 0.022116903633491277 0.02528089887640448
6 0.834077380952381 0.2865961199294532 0.04811507936507937 0.12345679012345681
3 0.9124503968253969 0.42063492063492064 0.04017857142857139 0.18871252204585537
2 0.9499007936507937 0.43783068783068785 0.09126984126984126 0.12610229276895943
4 0.9655257936507937 0.5030864197530864 0.06498015873015874 0.18783068783068793
4 0.8608630952380952 0.46913580246913583 0.07390873015873027 0.1604938271604938
4 0.7579365079365078 0.3959435626102292 0.06944444444444443 0.16225749559082892
4 0.7155257936507937 0.3315696649029982 0.08482142857142846 0.15873015873015872
4 0.5496031746031746 0.5180776014109347 0.06150793650793652 0.14021164021164026
4 0.5158730158730158 0.7561728395061728 0.11904761904761905 0.2213403880070547
4 0.15575396825396826 0.562610229276896 0.07043650793650792 0.20458553791887135
1 0.496031746031746 0.40211640211640187 0.42361111111111105 0.22222222222222196
1 0.8291170634920636 0.817901234567901 0.3417658730158728 0.36419753086419804
