5 0.256691 0.626531 0.007872 0.008997
6 0.759672619047619 0.4232804232804233 0.0431547619047619 0.1657848324514991
3 0.36731150793650796 0.6027336860670194 0.04414682539682538 0.20017636684303355
2 0.33382936507936506 0.6358024691358025 0.11706349206349202 0.17813051146384487
4 0.6951884920634922 0.667989417989418 0.07589285714285708 0.18606701940035272
4 0.9573412698412699 0.46649029982363316 0.03968253968253961 0.17107583774250443
4 0.9164186507936507 0.6710758377425045 0.05803571428571416 0.21516754850088182
4 0.9866071428571428 0.7394179894179893 0.026785714285714305 0.19488536155202824
4 0.9737103174603174 0.9779541446208111 0.052579365079365205 0.04409171075837733
4 0.754712301587301 0.9453262786596123 0.05109126984127052 0.10934744268077566
1 0.429315476190476 0.9087301587301587 0.700892857142857 0.1825396825396824
1 0.8025793650793642 0.6432980599647264 0.3938492063492061 0.20546737213403884
