5 0.34439178515007896 0.636938202247191 0.012638230647709392 0.02949438202247194
3 0.4169146825396822 0.5701058201058194 0.08978174603174605 0.16137566137566128
4 0.470734126984127 0.6080246913580247 0.09722222222222221 0.18253968253968253
4 0.46850198412698413 0.5727513227513228 0.05803571428571431 0.16843033509700184
2 0.5119047619047619 0.5679012345679011 0.11706349206349202 0.18342151675485005
4 0.6862599206349206 0.6256613756613756 0.08581349206349188 0.2142857142857143
4 0.8980654761904762 0.6657848324514991 0.1175595238095238 0.19047619047619044
4 0.34995039682539686 0.5211640211640212 0.04910714285714285 0.1375661375661376
4 0.30753968253968256 0.5542328042328042 0.09821428571428566 0.1878306878306878
4 0.24851190476190474 0.6472663139329806 0.07738095238095237 0.18871252204585545
4 0.31919642857142855 0.46516754850088193 0.05505952380952376 0.1455026455026455
1 0.11111111111111108 0.603615520282187 0.22222222222222215 0.23368606701940045
1 0.4823908730158729 0.8871252204585539 0.7197420634920633 0.22574955908289215
1 0.8330853174603174 0.8981481481481481 0.019345238095238103 0.01146384479717824
