5 0.2223538704581359 0.7352528089887642 0.016587677725118474 0.03230337078651686
6 0.6549442896935932 0.3565459610027855 0.053272980501392835 0.15041782729805012
3 0.8551096796657381 0.4707520891364902 0.07599233983286907 0.11977715877437327
2 0.8927141364902507 0.44637883008356544 0.11202994428969362 0.14902506963788298
4 0.9205257660167131 0.5759052924791086 0.0767757660167132 0.1518105849582173
4 0.7920438718662953 0.48259052924791085 0.06580779944289689 0.12395543175487461
4 0.7673659470752088 0.4547353760445682 0.04778899721448454 0.14623955431754873
4 0.7955692896935932 0.6072423398328691 0.08225974930362114 0.16155988857938716
4 0.6713962395543175 0.5814763231197771 0.07990947075208908 0.14623955431754873
4 0.48141538997214484 0.6037604456824512 0.06345752089136482 0.1462395543175488
4 0.32786385793871864 0.6615598885793872 0.10106197771587745 0.15041782729805006
4 0.10772110027855153 0.5703342618384402 0.06659122562674094 0.12395543175487468
4 0.08421831476323119 0.8697771587743732 0.1214310584958217 0.17409470752089135
1 0.4246169916434534 0.4623955431754876 0.4340181058495817 0.16713091922005602
1 0.7838178969359331 0.7701949860724234 0.43166782729805014 0.3147632311977716
