5 0.208604 0.8787879999999998 0.008117 0.017316
6 0.5331215181058495 0.2625348189415042 0.044655292479108655 0.12952646239554316
3 0.2644063370473537 0.36629526462395545 0.035254178272980496 0.11977715877437327
4 0.24677924791086348 0.4213091922005572 0.04543871866295266 0.15459610027855156
4 0.29495995821727017 0.4018105849582173 0.058756963788300816 0.14345403899721446
2 0.2338527158774373 0.37604456824512533 0.10419568245125348 0.1532033426183844
4 0.38662082172701945 0.399025069637883 0.054056406685236806 0.14623955431754873
4 0.4128655988857938 0.4233983286908078 0.0564066852367688 0.15877437325905283
4 0.5726845403899721 0.4575208913649025 0.09557799442896943 0.17688022284122568
4 0.6678708217270196 0.45543175487465176 0.043088440111420566 0.22005571030640675
4 0.7180100974930361 0.5494428969359331 0.08382660167130922 0.1991643454038997
1 0.7356371866295258 0.4247910863509751 0.48102367688022263 0.14763231197771579
4 0.15394324512534818 0.7506963788300836 0.09792827298050139 0.2646239554317549
1 0.2452123955431755 0.6831476323119776 0.4904247910863509 0.29665738161559874
