5 0.21793799999999997 0.497835 0.007305000000000001 0.011544
4 0.9216867469879517 0.43201376936316693 0.04647160068846816 0.1308089500860585
1 0.9647697934595524 0.5705679862306369 0.06873924268502578 0.11876075731497415
4 0.8408455249569706 0.4466437177280551 0.04550344234079176 0.12220309810671261
4 0.6239780550774526 0.4535283993115318 0.03582185886402755 0.10499139414802058
4 0.6196213425129088 0.5516351118760757 0.11424268502581754 0.12908777969018928
4 0.43325086058519785 0.4561101549053357 0.03582185886402762 0.1032702237521515
4 0.35676635111876076 0.5086058519793459 0.0745481927710843 0.10843373493975904
4 0.154421256454389 0.7693631669535285 0.04743975903614457 0.1790017211703959
0 0.25704604130808945 0.8580034423407915 0.5140920826161788 0.28399311531841687
