5 0.614042 0.7251079999999999 0.008929 0.015873
6 0.646577380952381 0.3342151675485009 0.042162698412698346 0.1569664902998236
4 0.3861607142857143 0.4347442680776014 0.07192460317460324 0.14462081128747792
3 0.32341269841269843 0.39682539682539686 0.04265873015873016 0.13932980599647266
4 0.29166666666666663 0.4435626102292769 0.04166666666666668 0.16049382716049393
2 0.2951388888888889 0.39770723104056427 0.11507936507936513 0.14991181657848324
4 0.10962301587301587 0.5573192239858906 0.0753968253968254 0.1657848324514992
4 0.16790674603174602 0.7707231040564373 0.09374999999999999 0.2433862433862433
4 0.02628968253968254 0.7583774250440917 0.05158730158730159 0.291005291005291
1 0.27480158730158705 0.6940035273368603 0.5456349206349201 0.3015873015873014
1 0.7800099206349208 0.4479717813051144 0.43998015873015844 0.15696649029982362
