5 0.12756714060031596 0.6018258426966292 0.011848341232227498 0.02106741573033716
6 0.9025297619047619 0.3985890652557319 0.02728174603174608 0.12522045855379182
3 0.9476686507936509 0.4894179894179894 0.042162698412698346 0.15167548500881836
2 0.9880952380952381 0.48677248677248686 0.023809523809523794 0.11463844797178133
4 0.8291170634920636 0.5171957671957672 0.04910714285714277 0.154320987654321
4 0.7864583333333335 0.5176366843033509 0.041170634920634795 0.14285714285714285
1 0.8653273809523803 0.7791005291005293 0.2683531746031744 0.27601410934744297
4 0.6088789682539683 0.4911816578483245 0.03720238095238095 0.13227513227513227
4 0.5290178571428572 0.5361552028218695 0.0669642857142857 0.12169312169312171
4 0.5004960317460317 0.4828042328042328 0.04464285714285715 0.12257495590828932
4 0.45634920634920595 0.6798941798941801 0.10615079365079355 0.18518518518518504
4 0.22172619047619055 0.7142857142857143 0.07638888888888885 0.17283950617283964
4 0.08407738095238095 0.5683421516754851 0.0431547619047619 0.14373897707231045
6 0.06374007936507935 0.4259259259259259 0.03819444444444445 0.1358024691358027
1 0.6111111111111114 0.49514991181657886 0.3700396825396822 0.13315696649030007
