5 0.314071 0.441875 0.006598999999999999 0.011731
3 0.7537202380952381 0.5745149911816578 0.06498015873015874 0.23721340388007056
2 0.8380456349206349 0.5952380952380952 0.17509920634920634 0.2328042328042328
4 0.9672619047619048 0.6957671957671957 0.06547619047619051 0.2733686067019399
4 0.6418650793650794 0.6000881834215168 0.08035714285714285 0.09964726631393304
4 0.5944940476190476 0.7094356261022928 0.08581349206349195 0.30776014109347444
4 0.5334821428571428 0.6084656084656085 0.07093253968253961 0.27336860670194
4 0.3794642857142857 0.46957671957671965 0.0892857142857143 0.16313932980599652
4 0.3082837301587302 0.43209876543209874 0.06696428571428573 0.20811287477954146
4 0.3444940476190476 0.6287477954144621 0.11160714285714288 0.24691358024691354
4 0.1753472222222222 0.5586419753086419 0.10466269841269842 0.17901234567901234
4 0.02604166666666667 0.9153439153439151 0.05208333333333334 0.16754850088183418
1 0.2266865079365079 0.646384479717813 0.45337301587301587 0.2539682539682539
1 0.7026289682539684 0.9179894179894186 0.5947420634920633 0.1587301587301596
4 0.7100694444444445 0.6005291005291007 0.05704365079365076 0.11992945326278664
