5 0.6879060000000001 0.79798 0.007305000000000001 0.011544
3 0.25108809192200554 0.2938718662952646 0.04622214484679667 0.1253481894150418
2 0.2232764623955432 0.2945682451253482 0.08931058495821727 0.107242339832869
4 0.3854456824512535 0.3112813370473538 0.05170612813370475 0.12674094707520894
4 0.6525940111420613 0.2715877437325906 0.04700557103064064 0.1030640668523677
4 0.635750348189415 0.34052924791086353 0.11829735376044574 0.13231197771587744
4 0.5762099582172701 0.5055710306406686 0.0979282729805015 0.15041782729805014
4 0.6717879526462396 0.6114206128133705 0.08539345403899723 0.1782729805013927
4 0.777942200557103 0.7862116991643454 0.13631615598885788 0.19637883008356538
4 0.4579126044568245 0.665041782729805 0.13083217270194986 0.22144846796657383
4 0.14375870473537603 0.3725626740947075 0.05719011142061282 0.1295264623955431
4 0.10772110027855153 0.3502785515320334 0.04622214484679667 0.12395543175487472
1 0.5824773676880219 0.3071030640668523 0.34079038997214417 0.1378830083565458
1 0.2224930362116991 0.5494428969359331 0.4449860724233982 0.26044568245125327
