5 0.48741899999999994 0.562049 0.015422 0.010101
3 0.03794642857142857 0.40652557319223986 0.032242063492063495 0.09171075837742507
2 0.027281746031746035 0.4193121693121693 0.054563492063492064 0.09082892416225746
4 0.011656746031746032 0.6058201058201058 0.023313492063492064 0.13051146384479714
1 0.09846230158730161 0.6441798941798944 0.19692460317460322 0.23368606701940065
1 0.3226686507936503 0.41269841269841273 0.2743055555555551 0.10934744268077626
4 0.28125 0.49470899470899465 0.027777777777777787 0.1164021164021164
4 0.3092757936507936 0.5202821869488536 0.04613095238095237 0.08465608465608469
4 0.44816468253968256 0.6719576719576719 0.10168650793650798 0.1604938271604938
4 0.7564484126984127 0.4440035273368606 0.04960317460317469 0.12962962962962968
4 0.832093253968254 0.4611992945326279 0.09474206349206354 0.11640211640211647
4 0.9503968253968254 0.49206349206349204 0.03968253968253961 0.13580246913580246
0 0.8742559523809517 0.7076719576719575 0.251488095238095 0.2848324514991178
