5 0.6575342465753424 0.7313937753721246 0.016742770167427777 0.0230040595399187
6 0.7385912698412699 0.1847442680776014 0.013888888888889 0.06613756613756612
6 0.8082837301587301 0.195326278659612 0.014384920634920632 0.06966490299823633
4 0.7867063492063491 0.20017636684303347 0.018849206349206185 0.06701940035273371
4 0.7708333333333335 0.5163139329805988 0.09027777777777767 0.21075837742504394
4 0.675843253968254 0.5780423280423279 0.06597222222222214 0.23192239858906524
3 0.6163194444444445 0.5806878306878308 0.12549603174603177 0.18783068783068793
2 0.5101686507936511 0.7116402116402145 0.23164682539682488 0.3068783068783122
4 0.5290178571428572 0.46119929453262787 0.05803571428571431 0.19929453262786595
4 0.564484126984127 0.4717813051146385 0.05059523809523817 0.1693121693121693
4 0.6227678571428571 0.29717813051146386 0.03224206349206348 0.09171075837742507
4 0.6024305555555556 0.27821869488536155 0.02827380952380949 0.09082892416225753
4 0.6646825396825398 0.23677248677248677 0.02281746031746039 0.08201058201058203
4 0.7232142857142858 0.2588183421516755 0.03670634920634924 0.09964726631393298
4 0.6118551587301587 0.20767195767195765 0.021329365079365132 0.05379188712522044
6 0.3549107142857143 0.17372134038800705 0.02033730158730158 0.05643738977072312
0 0.5119047619047614 0.20238095238095213 0.14583333333333318 0.032627865961198765
1 0.5806051587301588 0.15079365079365084 0.08283730158730164 0.014109347442680711
1 0.4407242063492063 0.15211640211640207 0.07986111111111105 0.018518518518518448
1 0.20560515873015855 0.44797178130511434 0.4112103174603171 0.2751322751322752
1 0.806547619047617 0.4545855379188711 0.3859126984126975 0.28659611992945255
3 0.5111607142857143 0.13580246913580246 0.011408730158730264 0.024691358024691343
2 0.5119047619047619 0.1349206349206349 0.025793650793650827 0.02292768959435625
