5 0.435043 0.611206 0.00641 0.008737
4 0.7983630952380952 0.578042328042328 0.05605158730158721 0.12786596119929455
6 0.824156746031746 0.9431216931216931 0.05704365079365076 0.10846560846560849
4 0.6569940476190476 0.6194885361552028 0.04315476190476197 0.15255731922398597
4 0.6520337301587301 0.576278659611993 0.06498015873015867 0.13315696649029987
4 0.5796130952380952 0.5485008818342151 0.051091269841269805 0.14462081128747797
4 0.49727182539682546 0.5485008818342152 0.05406746031746032 0.11111111111111115
4 0.5054563492063493 0.6000881834215167 0.041666666666666644 0.1190476190476189
4 0.5307539682539683 0.7376543209876542 0.051587301587301265 0.18606701940035308
4 0.28695436507936506 0.6723985890652557 0.06597222222222221 0.14726631393298065
6 0.09250992063492065 0.8677248677248676 0.05307539682539681 0.2645502645502649
3 0.10193452380952381 0.6062610229276896 0.05009920634920634 0.13844797178130505
2 0.025793650793650782 0.6119929453262786 0.051587301587301564 0.13051146384479723
1 0.19295634920634921 0.8871252204585541 0.38591269841269843 0.2257495590828923
