5 0.6141552511415526 0.2801082543978349 0.007610350076103458 0.01353179972936399
6 0.7482638888888888 0.1851851851851852 0.013392857142857081 0.0458553791887125
6 0.34970238095238093 0.17901234567901234 0.020833333333333287 0.06525573192239861
6 0.04588293650793651 0.40652557319223986 0.08581349206349208 0.19753086419753088
1 0.20461309523809523 0.4528218694885356 0.40922619047619047 0.2865961199294531
1 0.8070436507936509 0.45326278659611996 0.3859126984126984 0.28042328042328046
6 0.8152281746031745 0.19444444444444442 0.02033730158730151 0.07319223985890654
4 0.7958829365079364 0.20414462081128748 0.020337301587301654 0.0661375661375661
4 0.7688492063492063 0.2791005291005291 0.034722222222222286 0.1137566137566138
4 0.7137896825396826 0.3029100529100529 0.04166666666666671 0.11552028218694886
4 0.6721230158730159 0.5286596119929453 0.08531746031746039 0.22486772486772488
4 0.71205357142857 0.40828924162257496 0.05009920634920583 0.1252204585537916
4 0.7385912698412699 0.23192239858906538 0.019841269841269542 0.059964726631393045
4 0.5952380952380953 0.23324514991181658 0.029761904761904746 0.08201058201058203
4 0.5855654761904762 0.21119929453262784 0.01636904761904766 0.04497354497354497
1 0.5815972222222223 0.15343915343915338 0.087797619047619 0.015873015873015858
1 0.4427083333333324 0.14858906525573196 0.09176587301587294 0.022045855379188878
0 0.5126488095238099 0.2023809523809523 0.14831349206349215 0.03791887125220474
3 0.5416666666666667 0.5277777777777778 0.09920634920634953 0.24779541446208117
2 0.5101686507936508 0.7120811287477951 0.23065476190476158 0.3077601410934746
6 0.5094246031746031 0.43738977072310403 0.05654761904761898 0.19223985890652565
6 0.5483630952380955 0.41798941798941813 0.05009920634920598 0.14109347442680772
