5 0.873155 0.686351 0.012626 0.016403
6 0.31572420634920634 0.3170194003527337 0.047123015873015886 0.18430335097001763
6 0.45188492063492086 0.6472663139329805 0.07043650793650774 0.22751322751322792
3 0.47098214285714285 0.4118165784832452 0.05704365079365076 0.15520282186948856
2 0.4898313492063492 0.4144620811287478 0.10763888888888885 0.1604938271604938
4 0.4744543650793652 0.458994708994709 0.061011904761904566 0.16666666666666663
4 0.7457837301587301 0.5780423280423281 0.06200396825396823 0.1243386243386243
4 0.7641369047619042 0.6022927689594357 0.08085317460317519 0.149911816578483
4 0.3831845238095238 0.6194885361552028 0.07986111111111115 0.19664902998236344
4 0.32589285714285715 0.6772486772486772 0.09424603174603177 0.20282186948853606
4 0.15228174603174605 0.52336860670194 0.05059523809523812 0.12962962962962968
4 0.14285714285714285 0.6829805996472663 0.07142857142857144 0.23192239858906533
1 0.11235119047619045 0.43386243386243395 0.2247023809523809 0.16754850088183415
1 0.3985615079365074 0.7508818342151674 0.6522817460317449 0.3165784832451496
