5 0.299989 0.532814 0.014058 0.012496
6 0.6647371169916434 0.4052924791086351 0.041521587743732484 0.13649025069637888
4 0.7826427576601671 0.4582172701949861 0.06737465181058497 0.12534818941504178
3 0.9534296657381615 0.6051532033426184 0.0564066852367688 0.16852367688022285
2 0.9593053621169916 0.6114206128133702 0.08069289693593318 0.1448467966573818
4 0.6545525766016712 0.5229805013927576 0.05562325905292475 0.1183844011142061
4 0.422266713091922 0.8426183844011144 0.13161559888579383 0.16155988857938708
4 0.15355153203342617 0.47284122562674097 0.07364206128133705 0.1518105849582173
4 0.11242165738161558 0.6142061281337048 0.04622214484679663 0.18941504178272978
4 0.1833217270194986 0.6894150417827298 0.1143802228412256 0.20055710306406674
1 0.4849408077994426 0.6135097493036217 0.49982590529247894 0.1768802228412267
1 0.7829909470752086 0.9011142061281325 0.4340181058495817 0.19777158774373155
