5 0.6623222748815166 0.5091292134831461 0.019747235387045804 0.04353932584269664
3 0.8487103174603174 0.23104056437389772 0.04563492063492078 0.10405643738977073
2 0.8762400793650794 0.22751322751322753 0.07291666666666657 0.10405643738977073
4 0.5863095238095238 0.40828924162257496 0.051587301587301584 0.10405643738977076
1 0.5677083333333327 0.19135802469135788 0.280257936507936 0.15167548500881828
1 0.83531746031746 0.507495590828924 0.3293650793650791 0.30599647266313923
6 0.2537202380952381 0.12610229276895943 0.029265873015873006 0.09347442680776012
6 0.08209325396825397 0.09656084656084656 0.03323412698412697 0.10141093474426807
0 0.057787698412698416 0.5171957671957672 0.11557539682539683 0.28130511463844793
4 0.3519345238095238 0.4898589065255732 0.059027777777777714 0.154320987654321
4 0.4575892857142857 0.6247795414462081 0.060019841269841265 0.16137566137566126
4 0.5193452380952381 0.6992945326278661 0.06944444444444443 0.14814814814814825
4 0.27976190476190477 0.5559964726631393 0.06547619047619048 0.1596119929453264
4 0.26711309523809523 0.6922398589065256 0.04513888888888893 0.1728395061728395
4 0.10069444444444445 0.9448853615520282 0.06051587301587303 0.1014109347442681
