5 0.34474885844748854 0.6082543978349121 0.010654490106544899 0.014884979702300427
6 0.8462301587301587 0.36507936507936506 0.04662698412698418 0.1851851851851852
4 0.9236111111111112 0.5692239858906525 0.06448412698412696 0.2407407407407407
1 0.8903769841269841 0.5608465608465609 0.21924603174603088 0.17989417989417963
1 0.3851686507936506 0.8390652557319223 0.7683531746031743 0.3218694885361556
4 0.23834325396825387 0.9193121693121691 0.08978174603174613 0.1613756613756614
4 0.558531746031746 0.6697530864197532 0.07638888888888878 0.24250440917107582
4 0.5709325396825397 0.46296296296296297 0.06051587301587297 0.19400352733686063
4 0.40773809523809523 0.5961199294532625 0.07539682539682534 0.17989417989417988
4 0.21254960317460317 0.6393298059964727 0.0808531746031746 0.2522045855379188
4 0.27802579365079366 0.5123456790123457 0.07390873015873016 0.20458553791887127
4 0.44766865079365076 0.5392416225749559 0.05902777777777778 0.1613756613756614
3 0.4677579365079365 0.5105820105820107 0.060515873015873044 0.10229276895943563
4 0.41195436507936506 0.49867724867724866 0.03422619047619051 0.1313932980599647
2 0.47817460317460314 0.48192239858906527 0.10317460317460317 0.154320987654321
