5 0.444805 0.829726 0.012987 0.011544
6 0.4081650417827298 0.2708913649025069 0.05013927576601674 0.14623955431754876
3 0.17940459610027853 0.39275766016713093 0.0846100278551532 0.13370473537604455
2 0.13396587743732588 0.3739554317548746 0.1284818941504178 0.1295264623955432
4 0.12064763231197771 0.43036211699164345 0.042305013927576594 0.16155988857938725
4 0.09518628133704735 0.4575208913649025 0.06815807799442897 0.16295264623955433
4 0.06972493036211697 0.8105849582172704 0.13944986072423396 0.2952646239554316
4 0.2765494428969359 0.40668523676880225 0.06580779944289691 0.16155988857938716
4 0.28555884401114207 0.42757660167130923 0.07285863509749305 0.17270194986072426
4 0.4680971448467966 0.4707520891364902 0.10106197771587752 0.1782729805013927
4 0.48063196378830086 0.4979108635097493 0.06345752089136489 0.21587743732590525
4 0.6204735376044568 0.5821727019498607 0.0752089136490251 0.21727019498607233
4 0.8817461699164343 0.6176880222841226 0.11986420612813375 0.266016713091922
1 0.6373172005571031 0.42270194986072424 0.4802402506963789 0.15459610027855156
1 0.19233112813370445 0.7110027855153195 0.3846622562674089 0.32172701949860794
