5 0.6075490000000001 0.488456 0.007305000000000001 0.012987
3 0.6044146825396826 0.585978835978836 0.09275793650793646 0.17724867724867735
2 0.7095734126984127 0.5612874779541447 0.17906746031746038 0.22134038800705474
4 0.5141369047619048 0.458994708994709 0.06696428571428577 0.1737213403880071
4 0.49231150793650796 0.5361552028218695 0.061011904761904746 0.23809523809523803
6 0.3328373015873016 0.36155202821869487 0.07638888888888892 0.19047619047619052
4 0.3715277777777778 0.8641975308641975 0.09920634920634924 0.26631393298059963
6 0.019097222222222224 0.5436507936507939 0.03819444444444445 0.2989417989417984
1 0.1498015873015872 0.6313932980599636 0.29960317460317437 0.28571428571428564
1 0.653769841269841 0.9157848324514996 0.6924603174603172 0.16490299823633237
