5 0.6822240000000002 0.559163 0.010552 0.012987
3 0.2676957831325301 0.4371772805507746 0.08422977624784853 0.13080895008605858
4 0.6709337349397589 0.4036144578313252 0.08713425129087782 0.14285714285714285
4 0.7827560240963856 0.5662650602409639 0.14231927710843364 0.22030981067125652
4 0.5305507745266781 0.5223752151462993 0.13747848537005158 0.1703958691910499
4 0.37806583476764205 0.6979345955249571 0.08810240963855413 0.21514629948364886
6 0.06583476764199656 0.7211703958691911 0.12392426850258176 0.2581755593803786
2 0.17330034423407914 0.4165232358003438 0.12779690189328743 0.1617900172117038
1 0.2333261617900172 0.7960413080894994 0.4666523235800344 0.40791738382099757
1 0.7106282271944923 0.4492254733218588 0.5111876075731496 0.20998278829604128
