5 0.4861769352290679 0.3785112359550562 0.01026856240126378 0.015449438202247166
6 0.7708333333333333 0.2570546737213404 0.036706349206349104 0.13844797178130508
4 0.6703869047619048 0.4201940035273368 0.05704365079365076 0.11552028218694879
4 0.6121031746031745 0.38183421516754845 0.05654761904761891 0.0811287477954145
4 0.5525793650793651 0.328042328042328 0.04960317460317455 0.10405643738977073
4 0.5625 0.6728395061728395 0.05952380952380949 0.14109347442680778
1 0.6091269841269834 0.4876543209876544 0.46527777777777773 0.19929453262786623
4 0.2269345238095238 0.5449735449735449 0.05406746031746028 0.16225749559082892
4 0.11235119047619048 0.40608465608465605 0.04613095238095237 0.16313932980599646
1 0.8725198412698413 0.8452380952380952 0.25496031746031744 0.30070546737213405
