5 0.214286 0.500722 0.006494 0.011544
4 0.914258356545961 0.42548746518105846 0.05013927576601674 0.1295264623955432
1 0.9620473537604457 0.5786908077994429 0.07364206128133716 0.1295264623955431
4 0.8402245821727018 0.4387186629526462 0.03995473537604454 0.12256267409470752
4 0.6408426183844012 0.5494428969359332 0.07207520891364894 0.11559888579387191
4 0.6196901114206128 0.46100278551532037 0.034470752089136455 0.10584958217270199
4 0.4273589832869081 0.4575208913649025 0.03838788300835652 0.1100278551532034
4 0.3689937325905292 0.5118384401114205 0.053272980501392696 0.09610027855153198
4 0.15198467966573814 0.7792479108635098 0.05797353760445682 0.19080779944289689
0 0.2510880919220055 0.8614206128133707 0.499042479108635 0.2771587743732585
