5 0.305116 0.678174 0.006913 0.009497
6 0.7740575396825398 0.4162257495590829 0.04613095238095241 0.16402116402116398
4 0.9265873015873015 0.4466490299823633 0.03968253968253961 0.1596119929453264
4 0.8568948412698413 0.6335978835978835 0.04712301587301582 0.13492063492063486
4 0.8524305555555556 0.7350088183421516 0.06894841269841265 0.1719576719576719
4 0.851438492063492 0.9259259259259258 0.07490079365079368 0.14462081128747784
4 0.7142857142857143 0.9206349206349206 0.0605158730158729 0.15167548500881822
4 0.5806051587301587 0.6574074074074073 0.06597222222222221 0.17195767195767203
1 0.8323412698412699 0.6468253968253969 0.3353174603174604 0.20546737213403873
3 0.4136904761904762 0.6031746031746031 0.0505952380952381 0.20282186948853614
2 0.3839285714285714 0.6305114638447972 0.11904761904761905 0.18694885361552024
1 0.48065476190476175 0.9060846560846559 0.7192460317460313 0.1878306878306881
