5 0.22564900000000002 0.645022 0.008117 0.008658
3 0.41914682539682535 0.6177248677248677 0.08234126984126994 0.16313932980599613
2 0.3829365079365079 0.617283950617284 0.1378968253968254 0.1887125220458553
4 0.3206845238095238 0.5533509700176367 0.0530753968253968 0.14197530864197525
4 0.404265873015873 0.5282186948853616 0.05654761904761905 0.14109347442680778
4 0.5419146825396826 0.6000881834215168 0.041170634920634865 0.18606701940035278
4 0.6512896825396826 0.667989417989418 0.09027777777777779 0.21428571428571425
4 0.6912202380952381 0.5343915343915344 0.059027777777777714 0.14991181657848324
4 0.8129960317460317 0.6089065255731922 0.0625 0.20370370370370366
4 0.8003472222222223 0.7777777777777777 0.07192460317460317 0.21869488536155202
4 0.5515873015873015 0.9320987654320987 0.09027777777777779 0.12698412698412695
1 0.3759920634920632 0.916666666666667 0.7519841269841264 0.1596119929453273
1 0.8524305555555556 0.677689594356261 0.29315476190476175 0.2477954144620812
