5 0.44353299999999996 0.591028 0.009113 0.011731
3 0.38701253481894143 0.5974930362116991 0.06267409470752092 0.13927576601671313
2 0.30475278551532037 0.6107242339832868 0.09714484679665734 0.1434540389972144
6 0.2659731894150418 0.8300835654596099 0.07285863509749305 0.2729805013927576
4 0.4904247910863509 0.6761838440111422 0.09087743732590525 0.17130919220055724
4 0.5730762534818942 0.6664345403899722 0.054056406685236806 0.1768802228412256
4 0.8813544568245125 0.6002785515320334 0.03603760445682468 0.16713091922005574
4 0.7387708913649024 0.6538997214484681 0.037604456824512626 0.1852367688022285
4 0.71095926183844 0.6344011142061281 0.04935584958217262 0.17409470752089135
4 0.6839310584958217 0.5696378830083566 0.053272980501392626 0.14484679665738162
4 0.5499651810584958 0.5285515320334262 0.04073816155988851 0.1295264623955432
4 0.5241121169916434 0.5341225626740947 0.06424094707520894 0.11838440111420617
1 0.7757660167130916 0.6135097493036212 0.44846796657381577 0.16016713091922025
1 0.38152855153203347 0.8837047353760442 0.6079387186629527 0.23259052924791043
