5 0.25627 0.6270310000000001 0.004217 0.011996
6 0.759672619047619 0.42901234567901236 0.051091269841269875 0.15608465608465608
4 0.9588293650793651 0.4634038800705467 0.03571428571428569 0.15961199294532627
4 0.9201388888888888 0.6688712522045855 0.05357142857142847 0.20194003527336868
4 0.984375 0.7301587301587301 0.03125 0.20634920634920648
4 0.6932043650793651 0.6688712522045855 0.08085317460317441 0.19312169312169294
1 0.8080357142857131 0.6459435626102301 0.38392857142857084 0.20194003527336896
4 0.7547123015873015 0.945326278659612 0.04613095238095255 0.10405643738977062
3 0.36706349206349204 0.5992063492063493 0.04067460317460323 0.20194003527336868
2 0.3395337301587302 0.6318342151675482 0.12450396825396835 0.17901234567901278
1 0.4285714285714284 0.9104938271604931 0.7023809523809521 0.17901234567901375
4 0.9737103174603174 0.9779541446208113 0.05257936507936506 0.04409171075837747
