5 0.8413242009132421 0.5500676589986467 0.008371385083713817 0.014884979702300356
6 0.9489087301587301 0.4682539682539682 0.06746031746031747 0.13580246913580246
4 0.8732638888888888 0.5052910052910053 0.07886904761904745 0.10582010582010583
4 0.8737599206349206 0.5692239858906525 0.08779761904761899 0.1472663139329807
4 0.7886904761904762 0.6102292768959436 0.07142857142857138 0.11816578483245152
4 0.6512896825396826 0.6031746031746031 0.07837301587301589 0.1269841269841269
4 0.6245039682539683 0.5167548500881834 0.06349206349206347 0.09876543209876544
4 0.3583829365079365 0.4876543209876543 0.07093253968253961 0.09171075837742514
6 0.7075892857142857 0.9356261022927689 0.05208333333333314 0.12169312169312164
4 0.32366071428571425 0.5930335097001764 0.04613095238095237 0.14902998236331583
4 0.18328373015873015 0.5855379188712522 0.08581349206349208 0.12522045855379177
4 0.18799603174603174 0.6644620811287478 0.08730158730158732 0.13668430335097
4 0.07539682539682539 0.5864197530864198 0.044642857142857144 0.14109347442680772
6 0.04712301587301587 0.49382716049382713 0.04166666666666666 0.1252204585537919
1 0.34151785714285693 0.5828924162257484 0.3606150793650793 0.13403880070546678
1 0.14236111111111108 0.8553791887125222 0.28472222222222215 0.25573192239858844
0 0.9640376984126974 0.8174603174603174 0.07192460317460249 0.15696649029982365
