5 0.14375987361769355 0.8202247191011236 0.012638230647709338 0.02528089887640448
3 0.8449900793650794 0.47045855379188706 0.08482142857142862 0.2054673721340388
2 0.8370535714285714 0.47398589065255736 0.13938492063492064 0.19488536155202815
4 0.7182539682539684 0.5167548500881834 0.06547619047619051 0.19047619047619052
4 0.9114583333333335 0.5881834215167548 0.07688492063492064 0.21869488536155202
4 0.300843253968254 0.6490299823633157 0.07986111111111115 0.18694885361552024
4 0.16592261904761904 0.6926807760141094 0.06795634920634923 0.2301587301587302
6 0.988343253968254 0.30511463844797176 0.02331349206349216 0.14285714285714288
4 0.9682539682539679 0.7614638447971775 0.06349206349206307 0.19312169312169294
1 0.7383432539682536 0.8531746031746031 0.5203373015873015 0.29188712522045845
