5 0.511769 0.7157290000000001 0.012175 0.01443
6 0.4694940476190476 0.2579365079365079 0.03521825396825399 0.15079365079365076
3 0.13516865079365079 0.39638447971781304 0.08581349206349208 0.154320987654321
2 0.11805555555555557 0.3972663139329806 0.1388888888888889 0.16313932980599652
4 0.2075892857142857 0.4713403880070547 0.06101190476190471 0.17195767195767198
4 0.24404761904761904 0.4232804232804233 0.05555555555555554 0.14638447971781304
4 0.25496031746031744 0.4038800705467372 0.05158730158730162 0.1657848324514991
4 0.30183531746031744 0.4559082892416226 0.0808531746031746 0.17989417989417988
4 0.17584325396825398 0.67989417989418 0.11755952380952384 0.2716049382716049
4 0.3358134920634921 0.689594356261023 0.1031746031746032 0.24338624338624334
4 0.49429563492063494 0.49338624338624343 0.09374999999999993 0.20899470899470898
4 0.7651289682539684 0.3959435626102292 0.09176587301587304 0.19223985890652553
1 0.6587301587301587 0.43694885361552027 0.5109126984126984 0.16313932980599652
1 0.20163690476190468 0.7336860670193994 0.40327380952380937 0.3403880070546739
