5 0.24880799999999997 0.530718 0.011917 0.016071
6 0.6822916666666665 0.40828924162257496 0.033234126984126956 0.14638447971781304
4 0.828125 0.46649029982363316 0.059027777777777714 0.12522045855379182
3 0.955109126984127 0.6075837742504409 0.04811507936507922 0.1728395061728395
2 0.966765873015873 0.61331569664903 0.06646825396825391 0.17019400352733682
4 0.7145337301587301 0.5255731922398589 0.05902777777777786 0.11640211640211647
4 0.4228670634920635 0.8527336860670194 0.09970238095238088 0.16931216931216939
4 0.20560515873015872 0.6754850088183422 0.07192460317460317 0.18871252204585545
4 0.17981150793650794 0.6155202821869489 0.059027777777777804 0.18342151675485005
4 0.19444444444444442 0.468694885361552 0.05456349206349206 0.12962962962962968
1 0.49627976190476175 0.6186067019400353 0.497519841269841 0.17548500881834211
1 0.7894345238095234 0.8977072310405643 0.4211309523809522 0.204585537918871
