5 0.7823854660347551 0.5070224719101124 0.011848341232227427 0.019662921348314627
6 0.8539186507936509 0.431657848324515 0.0431547619047619 0.09435626102292773
4 0.8913690476190476 0.5485008818342152 0.09226190476190482 0.10405643738977076
4 0.8588789682539683 0.5326278659611993 0.06696428571428584 0.10405643738977076
4 0.586061507936508 0.5220458553791887 0.06597222222222221 0.14462081128747806
4 0.3757440476190476 0.5242504409171076 0.03422619047619044 0.1384479717813052
4 0.039186507936507936 0.41313932980599644 0.03373015873015873 0.11552028218694886
4 0.03596230158730159 0.3880070546737213 0.06597222222222224 0.13051146384479723
4 0.07415674603174603 0.7103174603174603 0.04811507936507936 0.19664902998236336
4 0.2718253968253968 0.9056437389770723 0.06547619047619044 0.18342151675485013
4 0.5017361111111112 0.7720458553791887 0.08878968253968239 0.1807760141093473
0 0.5734126984126978 0.843915343915343 0.5238095238095237 0.3015873015873009
