5 0.5720669999999999 0.5398 0.007284 0.011223
4 0.7125496031746031 0.593915343915344 0.08482142857142862 0.1701940035273369
4 0.6344246031746031 0.7037037037037037 0.07341269841269835 0.18694885361552024
4 0.5796130952380952 0.9007936507936509 0.13442460317460322 0.18959435626102292
4 0.4456845238095238 0.7561728395061729 0.09077380952380949 0.2178130511463844
4 0.16121031746031747 0.6049382716049383 0.10317460317460318 0.17813051146384468
4 0.24156746031746032 0.5643738977072311 0.06746031746031747 0.1851851851851852
4 0.39186507936507936 0.44179894179894175 0.03571428571428569 0.12698412698412703
4 0.36879960317460314 0.4475308641975309 0.03323412698412703 0.13139329805996475
0 0.302331349206349 0.8483245149911812 0.604662698412698 0.28218694885361517
