5 0.1504739336492891 0.6032303370786517 0.0071090047393365195 0.01264044943820224
6 0.8129960317460316 0.4232804232804233 0.0505952380952381 0.13403880070546742
3 0.8883928571428572 0.5507054673721341 0.05456349206349202 0.13492063492063494
4 0.7152777777777777 0.5216049382716049 0.034722222222222286 0.15784832451499128
4 0.6879960317460316 0.5383597883597884 0.033730158730158874 0.12962962962962962
4 0.5721726190476191 0.531305114638448 0.04910714285714277 0.15255731922398597
4 0.4184027777777778 0.5480599647266314 0.03621031746031747 0.1243386243386243
4 0.43477182539682535 0.6574074074074073 0.051091269841269875 0.17195767195767203
4 0.35615079365079366 0.6225749559082893 0.03472222222222222 0.17813051146384473
4 0.27083333333333337 0.5824514991181658 0.04761904761904763 0.14726631393298056
4 0.12549603174603174 0.5718694885361552 0.03769841269841269 0.15784832451499115
4 0.3392857142857143 0.8858024691358024 0.06845238095238092 0.2213403880070547
2 0.9682539682539683 0.5401234567901234 0.06349206349206354 0.15432098765432095
1 0.8281250000000001 0.8558201058201058 0.3437499999999997 0.2883597883597884
1 0.5267857142857147 0.5520282186948853 0.43750000000000033 0.1587301587301593
