5 0.59765 0.54302 0.00641 0.011396
4 0.27083333333333337 0.45326278659612 0.03769841269841276 0.12522045855379196
4 0.2886904761904762 0.5357142857142857 0.043650793650793676 0.13492063492063494
4 0.3474702380952381 0.6441798941798942 0.06894841269841269 0.13668430335096984
4 0.19072420634920634 0.4682539682539683 0.040178571428571425 0.14462081128747797
4 0.07316468253968253 0.5590828924162257 0.05109126984126983 0.16402116402116398
0 0.16195436507936503 0.8681657848324511 0.32390873015873006 0.26366843033509724
4 0.6336805555555556 0.5339506172839507 0.04315476190476183 0.13844797178130513
4 0.6827876984126985 0.6732804232804233 0.05009920634920647 0.1649029982363316
4 0.4384920634920635 0.8571428571428572 0.0625 0.24162257495590822
1 0.9166666666666667 0.6031746031746031 0.16666666666666657 0.1675485008818341
