5 0.463305 0.580576 0.005342 0.005844
6 0.44990079365079366 0.47310405643738973 0.027777777777777787 0.14373897707231045
1 0.3385416666666668 0.6186067019400354 0.45585317460317454 0.17019400352733696
1 0.12946428571428573 0.8994708994708986 0.25892857142857145 0.2010582010582008
4 0.7485119047619048 0.4898589065255732 0.03968253968253976 0.12433862433862437
4 0.8616071428571428 0.48368606701940037 0.04563492063492063 0.12433862433862437
4 0.7167658730158729 0.6507936507936507 0.051587301587301654 0.15873015873015872
4 0.9682539682539683 0.6728395061728395 0.05456349206349216 0.17813051146384473
4 0.9885912698412699 0.5436507936507937 0.02281746031746039 0.1455026455026455
4 0.8499503968253969 0.9378306878306879 0.06894841269841265 0.11552028218694886
