5 0.44477000000000005 0.5887939999999999 0.00511 0.007845
6 0.5213701253481894 0.46796657381615603 0.02898676880222844 0.14763231197771595
4 0.05131441504178272 0.6142061281337047 0.0571901114206128 0.17270194986072418
4 0.784209610027855 0.6518105849582173 0.12221448467966582 0.17270194986072412
4 0.8096709610027853 0.4944289693593315 0.0462221448467966 0.15041782729805014
1 0.4367600974930363 0.6121169916434542 0.4567374651810588 0.1601671309192201
1 0.17901288300835655 0.8962395543175455 0.3580257660167131 0.20752089136490193
4 0.8735201949860725 0.953342618384401 0.062674094707521 0.09331476323119774
4 0.931493732590529 0.4867688022284122 0.04387186629526454 0.11559888579387184
4 0.9784557799442897 0.6803621169916435 0.04308844011142071 0.18802228412256272
