5 0.47156398104265407 0.5730337078651686 0.011058451816745602 0.0168539325842697
4 0.6267409470752088 0.5383008356545962 0.05954038997214489 0.10724233983286915
6 0.6189066852367688 0.4233983286908078 0.042305013927576525 0.14484679665738162
4 0.4547788997214484 0.47214484679665747 0.05092270194986071 0.10027855153203341
4 0.22092618384401114 0.5174094707520891 0.039171309192200535 0.11559888579387184
4 0.25618036211699163 0.4895543175487465 0.08931058495821727 0.0933147632311978
4 0.20290738161559888 0.5501392757660167 0.10811281337047352 0.11699164345403901
3 0.13827472144846795 0.6211699164345404 0.06345752089136489 0.15598885793871864
2 0.08500174094707517 0.6281337047353762 0.1574686629526462 0.16991643454039
1 0.5750348189415039 0.634401114206128 0.47945682451253463 0.18523676880222795
1 0.21348363509749305 0.901810584958217 0.42696727019498604 0.19359331476323088
