5 0.435043 0.623362 0.006838 0.007217
4 0.7705853174603174 0.5621693121693121 0.059027777777777714 0.11375661375661374
6 0.7410714285714286 0.9457671957671957 0.04960317460317469 0.10493827160493809
6 0.03397817460317461 0.8650793650793651 0.049107142857142856 0.2627865961199295
4 0.20982142857142855 0.6552028218694885 0.053571428571428575 0.15520282186948856
4 0.6354166666666667 0.5551146384479718 0.04960317460317448 0.12257495590828923
4 0.6121031746031745 0.5912698412698413 0.038690476190476136 0.1472663139329807
4 0.5677083333333333 0.7425044091710756 0.05902777777777778 0.17989417989417988
4 0.5572916666666667 0.558641975308642 0.07291666666666664 0.11199294532627867
4 0.5158730158730159 0.6124338624338624 0.046626984126984045 0.10317460317460324
4 0.5024801587301587 0.566137566137566 0.04761904761904759 0.13756613756613753
1 0.3353174603174606 0.607142857142857 0.44345238095238154 0.16313932980599616
1 0.12748015873015872 0.8959435626102296 0.25496031746031744 0.20811287477954096
