5 0.46995800000000004 0.575679 0.006359 0.007688
4 0.8137400793650794 0.4880952380952381 0.050099206349206324 0.1313932980599647
4 0.9590773809523809 0.5467372134038802 0.03621031746031747 0.14991181657848324
4 0.949156746031746 0.6706349206349206 0.051091269841269736 0.16313932980599652
4 0.6922123015873015 0.6490299823633157 0.060019841269841265 0.13227513227513213
4 0.7120535714285714 0.4929453262786596 0.04910714285714292 0.1252204585537919
6 0.40352182539682546 0.47707231040564374 0.021329365079365132 0.15167548500881836
1 0.2745535714285712 0.6172839506172835 0.45684523809523775 0.16578483245149936
1 0.10267857142857142 0.9012345679012346 0.20039682539682538 0.18518518518518504
4 0.8350694444444443 0.9334215167548501 0.05406746031746039 0.12081128747795417
