5 0.691558 0.7417030000000001 0.016234 0.011544
6 0.31728760445682447 0.2903899721448468 0.04857242339832865 0.12116991643454035
4 0.7943941504178272 0.633008356545961 0.13318245125348172 0.2353760445682451
4 0.4724059888579387 0.575208913649025 0.05640668523676872 0.20891364902506965
4 0.2973102367688022 0.5257660167130919 0.05405640668523674 0.22144846796657383
4 0.3478412256267409 0.4763231197771588 0.08617688022284117 0.18941504178272978
4 0.213091922005571 0.4303621169916434 0.050139275766016705 0.16991643454039
4 0.19076427576601668 0.41086350974930363 0.04152158774373259 0.19498607242339833
6 0.11085480501392757 0.4129526462395543 0.08069289693593315 0.1518105849582173
2 0.05640668523676878 0.40111420612813364 0.11281337047353757 0.15877437325905264
1 0.560933147632312 0.4220055710306406 0.45595403899721454 0.14763231197771592
1 0.15590181058495806 0.7172701949860724 0.3118036211699161 0.3175487465181061
