5 0.326299 0.8066380000000001 0.008117 0.01443
6 0.6286995125348189 0.2813370473537604 0.035254178272980566 0.13927576601671304
3 0.3168958913649025 0.40668523676880225 0.04465529247910862 0.13927576601671313
4 0.35450034818941506 0.4338440111420613 0.05092270194986071 0.15181058495821723
4 0.3975887883008356 0.42270194986072424 0.07599233983286907 0.1518105849582173
4 0.44576949860724224 0.4352367688022284 0.05170612813370468 0.14902506963788298
4 0.4876827994428969 0.4568245125348189 0.06659122562674093 0.1671309192200556
4 0.5918784818941504 0.5013927576601671 0.1480675487465181 0.1810584958217271
4 0.6651288300835654 0.5828690807799443 0.14101671309192199 0.2103064066852368
4 0.8641190807799443 0.4623955431754874 0.11438022284122554 0.18105849582172695
1 0.7857764623955429 0.4547353760445682 0.4214832869080777 0.16016713091921997
1 0.2824251392757661 0.7123955431754874 0.5648502785515321 0.299442896935933
2 0.31023676880222845 0.4073816155988856 0.11908077994428962 0.14345403899721448
