5 0.6155880000000001 0.563243 0.008649 0.009044
6 0.9483373955431754 0.46935933147632314 0.06189066852367688 0.15598885793871864
4 0.7281946378830084 0.7298050139275766 0.14023328690807801 0.18941504178272994
4 0.6510271587743732 0.5055710306406686 0.07990947075208908 0.14206128133704732
4 0.4030727715877437 0.6260445682451254 0.09479456824512539 0.11281337047353766
4 0.39680536211699163 0.8356545961002786 0.09636142061281333 0.23398328690807801
4 0.35724233983286907 0.5376044568245125 0.05170612813370475 0.12534818941504183
4 0.2334610027855153 0.4825905292479109 0.04700557103064064 0.13788300835654588
4 0.0998868384401114 0.49303621169916434 0.05719011142061279 0.15041782729805006
4 0.061107242339832855 0.5536211699164345 0.04700557103064065 0.13231197771587738
0 0.08891887186629525 0.8962395543175491 0.1778377437325905 0.20752089136490232
1 0.8574599582172701 0.6211699164345403 0.2828168523676881 0.1894150417827296
