5 0.564737 0.505104 0.007011 0.010089999999999998
6 0.42109157381615603 0.3962395543175488 0.035254178272980496 0.13788300835654602
4 0.5350800835654596 0.44428969359331477 0.050139275766016664 0.12534818941504178
4 0.702733286908078 0.47144846796657375 0.04857242339832865 0.13788300835654596
4 0.8461002785515319 0.600974930362117 0.13161559888579377 0.1490250696378829
4 0.7258443593314763 0.7242339832869081 0.06502437325905291 0.1922005571030641
4 0.4469446378830083 0.7583565459610029 0.12769846796657375 0.20194986072423404
4 0.24521239554317545 0.6246518105849581 0.09557799442896936 0.1545961002785515
4 0.2667566155988858 0.5612813370473537 0.06032381615598886 0.15598885793871872
4 0.7211438022284115 0.9547353760445684 0.15903551532033572 0.0905292479108628
0 0.71875 0.8119777158774373 0.5624999999999999 0.28412256267409475
