5 0.7089041095890412 0.4479025710419486 0.008371385083713817 0.013531799729364025
6 0.9243551587301587 0.6803350970017639 0.0689484126984128 0.22310405643738973
3 0.7455357142857142 0.49074074074074076 0.03968253968253961 0.12962962962962962
2 0.7998511904761905 0.503968253968254 0.11656746031746025 0.14902998236331563
4 0.45163690476190477 0.45811287477954143 0.05803571428571431 0.11728395061728392
4 0.4868551587301587 0.5740740740740741 0.06597222222222228 0.18518518518518512
4 0.521081349206349 0.5158730158730158 0.05605158730158683 0.17107583774250423
4 0.5034722222222222 0.4475308641975309 0.07738095238095227 0.1278659611992945
4 0.29216269841269843 0.5595238095238095 0.06448412698412696 0.12786596119929455
4 0.3159722222222222 0.49029982363315694 0.09226190476190478 0.1287477954144621
4 0.34970238095238093 0.716931216931217 0.12202380952380952 0.24867724867724875
1 0.34970238095238093 0.5339506172839507 0.43650793650793646 0.14021164021164026
1 0.780009920634919 0.7910052910052903 0.4399801587301576 0.3033509700176364
