5 0.6944444444444445 0.7253044654939106 0.01598173515981742 0.021650879566982438
6 0.35143849206349204 0.17548500881834214 0.0243055555555555 0.054673721340388004
3 0.5126488095238095 0.13580246913580246 0.008432539682539755 0.021164021164021152
2 0.5106646825396826 0.13712522045855377 0.02430555555555557 0.020282186948853607
0 0.5121527777777778 0.2019400352733686 0.14533730158730165 0.03527336860670193
4 0.6001984126984128 0.19973544973544974 0.020833333333333356 0.053791887125220476
6 0.7254464285714286 0.18650793650793648 0.015376984126984183 0.06613756613756612
6 0.8080357142857143 0.1935626102292769 0.016865079365079225 0.06790123456790123
4 0.7842261904761904 0.20414462081128748 0.024801587301587203 0.06261022927689595
4 0.6765873015873015 0.23985890652557315 0.025793650793650754 0.08818342151675485
4 0.7336309523809524 0.2641093474426808 0.037698412698412655 0.09964726631393298
4 0.591765873015873 0.29673721340388004 0.03769841269841279 0.08201058201058203
4 0.5699404761904762 0.2817460317460317 0.023809523809523794 0.08201058201058199
4 0.7748015873015873 0.5590828924162257 0.10317460317460317 0.1940035273368607
4 0.6877480158730158 0.5705467372134039 0.060019841269841265 0.19753086419753088
3 0.6145833333333333 0.5895061728395062 0.10714285714285715 0.18606701940035272
4 0.5349702380952381 0.47707231040564374 0.052083333333333356 0.22045855379188722
4 0.5716765873015873 0.46119929453262787 0.041170634920634865 0.13580246913580246
2 0.5057043650793651 0.7028218694885362 0.2504960317460318 0.28747795414462085
1 0.807043650793649 0.45634920634920634 0.3849206349206346 0.2795414462081129
1 0.20337301587301593 0.45149911816578486 0.4047619047619049 0.28395061728395066
1 0.5815972222222222 0.15255731922398588 0.08283730158730165 0.01234567901234568
1 0.44072420634920634 0.15123456790123455 0.08482142857142862 0.013227513227513229
