5 0.84862 0.621212 0.013799 0.010101
4 0.8707782033426184 0.48467966573816157 0.04935584958217277 0.09749303621169922
4 0.9028986768802227 0.8934540389972144 0.14650069637882993 0.20473537604456823
4 0.7477802924791085 0.4707520891364902 0.09322771587743744 0.10027855153203341
4 0.6882399025069637 0.415041782729805 0.05092270194986071 0.0835654596100278
4 0.31337047353760444 0.7778551532033426 0.1143802228412256 0.14345403899721462
4 0.2761577298050139 0.48676880222841235 0.03838788300835656 0.0933147632311978
4 0.23541956824512533 0.47284122562674097 0.05405640668523674 0.11838440111420603
1 0.20290738161559888 0.4199164345403899 0.283600278551532 0.12395543175487468
1 0.03838788300835653 0.6364902506963785 0.07677576601671306 0.1671309192200557
0 0.8186368384401115 0.6810584958217274 0.36272632311977737 0.2729805013927582
