5 0.20332799999999998 0.467532 0.008929 0.011544
4 0.9397321428571428 0.5343915343915344 0.05505952380952394 0.13403880070546742
4 0.7834821428571428 0.8791887125220458 0.11954365079365076 0.2275132275132276
4 0.5468749999999999 0.7813051146384479 0.16121031746031744 0.23456790123456764
4 0.3678075396825396 0.6626984126984112 0.059027777777777554 0.17195767195767173
4 0.3412698412698413 0.654320987654321 0.05357142857142861 0.16402116402116398
4 0.18080357142857142 0.5119047619047619 0.04513888888888891 0.13668430335097007
4 0.1865079365079365 0.5061728395061729 0.0763888888888889 0.12169312169312164
4 0.1259920634920635 0.582010582010582 0.04662698412698413 0.1534391534391534
3 0.08010912698412698 0.5630511463844797 0.029265873015872995 0.14197530864197533
4 0.050595238095238096 0.6097883597883598 0.0376984126984127 0.17548500881834223
2 0.03050595238095239 0.5798059964726632 0.061011904761904774 0.14197530864197538
1 0.4831349206349205 0.5886243386243382 0.4275793650793654 0.16843033509700142
1 0.1567460317460317 0.8743386243386243 0.3134920634920634 0.2513227513227511
