5 0.24210110584518169 0.8061797752808989 0.013428120063191109 0.019662921348314627
6 0.5965790389972144 0.3412256267409471 0.03682103064066844 0.12813370473537605
3 0.43323467966573814 0.4178272980501393 0.03917130919220057 0.12256267409470759
4 0.4586960306406685 0.4213091922005572 0.03995473537604454 0.11559888579387184
2 0.44224408077994426 0.4052924791086351 0.0916608635097493 0.12813370473537603
4 0.5695508356545961 0.4338440111420613 0.03917130919220057 0.13509749303621163
4 0.631049791086351 0.548050139275766 0.060323816155988724 0.14623955431754873
4 0.5899199164345403 0.5668523676880223 0.053272980501392765 0.14206128133704737
4 0.5162778551532031 0.7465181058495822 0.10811281337047349 0.20055710306406635
4 0.39014623955431743 0.5285515320334262 0.04857242339832872 0.14623955431754873
4 0.19272284122562675 0.7270194986072431 0.11281337047353766 0.17827298050139306
1 0.4555623259052919 0.6733983286908078 0.5006093314763228 0.25487465181058494
1 0.8198555013927574 0.43105849582172673 0.35645891364902504 0.13509749303621163
