5 0.492289 0.698413 0.010552 0.017316
6 0.9689980158730159 0.345679012345679 0.04910714285714292 0.15167548500881833
4 0.6207837301587302 0.4281305114638448 0.05505952380952394 0.1455026455026455
3 0.542906746031746 0.38359788359788355 0.056051587301587345 0.11463844797178133
2 0.5458829365079365 0.376984126984127 0.09176587301587304 0.1349206349206349
4 0.49875992063492064 0.4523809523809524 0.11359126984126988 0.18342151675485013
4 0.29662698412698413 0.5815696649029982 0.0892857142857143 0.15255731922398583
4 0.27852182539682535 0.7940917107583775 0.18998015873015872 0.27425044091710743
4 0.13268849206349206 0.7305996472663139 0.11259920634920632 0.27425044091710754
4 0.11210317460317462 0.5436507936507937 0.10218253968253971 0.22486772486772488
4 0.07068452380952381 0.6547619047619048 0.08283730158730158 0.18077601410934746
4 0.03670634920634921 0.7134038800705467 0.054563492063492064 0.199294532627866
1 0.4709821428571425 0.6785714285714286 0.6175595238095234 0.3059964726631397
1 0.898561507936508 0.441358024691358 0.2028769841269841 0.15255731922398583
