5 0.451982 0.592663 0.006529 0.011607
3 0.37996031746031744 0.5983245149911817 0.05357142857142861 0.12786596119929441
2 0.2914186507936508 0.6031746031746033 0.10763888888888892 0.15167548500881836
6 0.26289682539682535 0.8271604938271605 0.06845238095238099 0.2768959435626101
4 0.4913194444444444 0.6834215167548501 0.10664682539682531 0.1569664902998236
4 0.5426587301587301 0.5524691358024691 0.07936507936507944 0.11728395061728399
4 0.5416666666666667 0.5171957671957672 0.046626984126984114 0.14021164021164026
4 0.5709325396825397 0.6723985890652557 0.05654761904761905 0.18253968253968253
4 0.6520337301587301 0.566137566137566 0.10664682539682545 0.1693121693121693
4 0.7053571428571428 0.6287477954144621 0.04067460317460316 0.16931216931216939
4 0.7338789682539684 0.654320987654321 0.046130952380952266 0.19047619047619044
4 0.8764880952380952 0.5978835978835978 0.04861111111111114 0.17989417989417988
1 0.7661210317460302 0.610670194003527 0.46577380952381003 0.1613756613756615
1 0.3727678571428568 0.8809523809523807 0.6056547619047614 0.23104056437389736
