5 0.5592530000000001 0.6637810000000001 0.008117 0.011544
4 0.7971230158730159 0.5815696649029982 0.04464285714285708 0.1278659611992945
4 0.6545138888888888 0.5511463844797179 0.055059523809523794 0.162257495590829
4 0.5203373015873016 0.7601410934744268 0.0694444444444445 0.18518518518518504
4 0.45238095238095233 0.5149911816578484 0.04761904761904759 0.16402116402116407
4 0.40004960317460314 0.5648148148148148 0.050099206349206324 0.13315696649029982
4 0.3943452380952381 0.517636684303351 0.09126984126984126 0.14462081128747797
4 0.21354166666666663 0.4713403880070547 0.04712301587301585 0.14197530864197533
4 0.06919642857142858 0.5295414462081129 0.07291666666666666 0.1578483245149912
1 0.26066468253968256 0.7028218694885355 0.5213293650793651 0.2151675485008816
