5 0.5323854660347551 0.4627808988764045 0.014218009478672968 0.02106741573033709
3 0.32514880952380953 0.5485008818342152 0.033234126984127 0.14814814814814817
2 0.3117559523809524 0.5515873015873016 0.09077380952380952 0.11904761904761912
4 0.1259920634920635 0.6547619047619048 0.06944444444444446 0.13668430335096993
4 0.18824404761904762 0.77336860670194 0.10565476190476192 0.17813051146384482
4 0.030257936507936508 0.6238977072310407 0.058531746031746025 0.20017636684303347
4 0.3591269841269842 0.5828924162257495 0.052579365079365135 0.1164021164021164
4 0.5305059523809524 0.5440917107583775 0.07291666666666664 0.1164021164021164
4 0.5530753968253969 0.626984126984127 0.07837301587301589 0.13403880070546734
4 0.84375 0.47310405643738973 0.05654761904761898 0.08906525573192241
4 0.8983134920634922 0.6600529100529101 0.06646825396825407 0.15784832451499128
1 0.7053571428571428 0.5714285714285714 0.35317460317460314 0.14638447971781274
1 0.28819444444444453 0.8236331569664895 0.5208333333333335 0.27513227513227445
