5 0.16964300000000002 0.577922 0.008117 0.012987
3 0.6165674603174603 0.253968253968254 0.048611111111111216 0.13932980599647268
2 0.6138392857142857 0.2574955908289242 0.10763888888888885 0.13403880070546736
6 0.8849206349206349 0.1728395061728395 0.04067460317460302 0.12169312169312169
4 0.759424603174603 0.39947089947089937 0.07539682539682586 0.18518518518518512
4 0.672371031746032 0.3880070546737213 0.06299603174603177 0.1604938271604938
4 0.6845238095238095 0.2614638447971781 0.04464285714285723 0.1349206349206349
4 0.4446924603174603 0.25970017636684306 0.04117063492063494 0.15079365079365079
4 0.21701388888888887 0.4347442680776014 0.0808531746031746 0.15520282186948856
4 0.203125 0.5449735449735449 0.09275793650793653 0.19753086419753088
4 0.019593253968253968 0.4673721340388007 0.036210317460317464 0.17813051146384482
1 0.5528273809523799 0.5388007054673721 0.6076388888888878 0.27336860670193974
1 0.9370039682539697 0.31790123456790104 0.1250000000000002 0.12962962962962946
