5 0.18222399999999997 0.501443 0.005682 0.010101
1 0.9211309523809524 0.5859788359788359 0.15773809523809518 0.1649029982363316
4 0.8640873015873015 0.42063492063492064 0.03273809523809532 0.12169312169312171
4 0.7973710317460317 0.43033509700176364 0.03521825396825392 0.12345679012345677
4 0.6245039682539683 0.5423280423280423 0.05456349206349209 0.12698412698412695
4 0.5753968253968255 0.45326278659611996 0.027777777777777787 0.12874779541446202
4 0.3635912698412698 0.5246913580246914 0.05555555555555557 0.10582010582010576
4 0.35639880952380953 0.44576719576719576 0.04017857142857139 0.12433862433862432
4 0.13566468253968253 0.789241622574956 0.05307539682539682 0.20634920634920617
0 0.21378968253968242 0.8659611992945325 0.42757936507936484 0.26807760141093384
