5 0.8482140000000001 0.42135599999999995 0.006494 0.008658
3 0.49677579365079366 0.5339506172839507 0.05704365079365083 0.19488536155202815
2 0.41914682539682535 0.5568783068783069 0.1428571428571429 0.19135802469135796
4 0.5426587301587301 0.5961199294532629 0.04861111111111107 0.24867724867724875
4 0.4761904761904762 0.6979717813051147 0.08829365079365083 0.21604938271604937
4 0.49875992063492075 0.8130511463844797 0.057043650793650987 0.3192239858906525
4 0.5416666666666665 0.8641975308641975 0.06845238095238095 0.26631393298059963
4 0.6346726190476191 0.9312169312169312 0.09176587301587304 0.13227513227513227
4 0.5969742063492063 0.5837742504409171 0.06498015873015874 0.22751322751322753
4 0.6622023809523809 0.5145502645502645 0.07242063492063487 0.21604938271604937
4 0.837797619047619 0.5789241622574955 0.1517857142857143 0.18077601410934754
4 0.9079861111111112 0.5114638447971781 0.14930555555555544 0.199294532627866
1 0.8722718253968246 0.6190476190476188 0.2554563492063485 0.23809523809523805
1 0.40029761904761896 0.8910934744268074 0.8005952380952379 0.2178130511463851
