5 0.6267123287671234 0.4736129905277402 0.008371385083713817 0.013531799729364025
4 0.7351190476190476 0.4607583774250441 0.08730158730158735 0.1261022927689595
4 0.6574900793650794 0.4281305114638448 0.047123015873015955 0.11904761904761905
4 0.49851190476190477 0.42636684303350975 0.023809523809523794 0.12081128747795412
4 0.4506448412698413 0.45899470899470907 0.10267857142857126 0.13315696649029962
4 0.4020337301587301 0.4347442680776014 0.03720238095238095 0.10229276895943563
4 0.39583333333333326 0.3959435626102292 0.033730158730158735 0.11816578483245152
4 0.392609126984127 0.6666666666666667 0.11755952380952386 0.1957671957671957
1 0.2983630952380951 0.5590828924162254 0.4558531746031745 0.14991181657848263
1 0.03546626984126984 0.8377425044091705 0.07093253968253968 0.18871252204585445
