5 0.551542 0.576479 0.007305000000000001 0.012987
3 0.7269345238095238 0.5026455026455027 0.057043650793650896 0.10052910052910051
2 0.8224206349206349 0.48059964726631393 0.10019841269841265 0.13051146384479723
6 0.39732142857142855 0.40608465608465605 0.03174603174603177 0.10317460317460317
4 0.5240575396825397 0.5414462081128748 0.04414682539682538 0.14285714285714285
4 0.4600694444444444 0.5485008818342152 0.051091269841269805 0.14814814814814817
4 0.10193452380952381 0.52336860670194 0.04414682539682541 0.16313932980599652
4 0.29067460317460314 0.8659611992945326 0.05456349206349202 0.24514991181657847
1 0.39434523809523797 0.4995590828924164 0.3948412698412697 0.15608465608465616
1 0.7896825396825374 0.7989417989417997 0.4206349206349199 0.3333333333333346
