5 0.246753 0.45093799999999995 0.006494 0.010101
4 0.9236111111111112 0.5264550264550265 0.06349206349206354 0.14109347442680778
4 0.7986111111111112 0.8756613756613757 0.07242063492063494 0.21869488536155188
4 0.4878472222222222 0.7861552028218695 0.06597222222222228 0.21781305114638458
4 0.36433531746031744 0.6529982363315696 0.05307539682539684 0.1701940035273369
4 0.3323412698412698 0.644620811287478 0.05753968253968253 0.15167548500881836
1 0.4583333333333336 0.5828924162257496 0.42361111111111116 0.16931216931216841
4 0.16765873015873015 0.5145502645502645 0.05952380952380949 0.12610229276895943
4 0.10813492063492064 0.5864197530864197 0.0416666666666667 0.15696649029982374
3 0.06845238095238095 0.5559964726631391 0.03869047619047622 0.15432098765432098
4 0.03745039682539683 0.6031746031746031 0.036210317460317464 0.1710758377425045
2 0.02405753968253968 0.568342151675485 0.04712301587301587 0.13844797178130513
1 0.14831349206349206 0.8681657848324517 0.29662698412698413 0.2636684303350964
