5 0.562678 0.536788 0.007123000000000001 0.008592
6 0.08186803621169915 0.4247910863509749 0.044655292479108634 0.15041782729805014
4 0.4359766713091922 0.4512534818941504 0.06345752089136489 0.08356545961002787
4 0.4383269498607242 0.44637883008356544 0.052489554317548794 0.13231197771587744
4 0.7599233983286908 0.6142061281337047 0.10341225626740937 0.17270194986072418
4 0.6494603064066851 0.697075208913649 0.05170612813370482 0.1768802228412256
4 0.4379352367688022 0.7889972144846797 0.07050835654596099 0.21866295264623958
4 0.6216486768802221 0.9192200557103063 0.1198642061281336 0.16155988857938663
4 0.22053447075208915 0.5738161559888579 0.0571901114206128 0.1448467966573817
4 0.1864554317548746 0.6253481894150418 0.11594707520891365 0.1866295264623956
0 0.40581476323119775 0.8405292479108627 0.6079387186629526 0.28830083565459574
