5 0.34624639076034647 0.8554319931565441 0.011068334937439915 0.0068434559452524015
6 0.5833333333333333 0.5793650793650794 0.030753968253968297 0.1128747795414462
3 0.7805059523809524 0.5824514991181658 0.0332341269841271 0.07495590828924158
2 0.771825396825397 0.5846560846560847 0.0744047619047619 0.0687830687830688
6 0.16989087301587305 0.6168430335097002 0.06101190476190478 0.22310405643738973
4 0.3839285714285714 0.6146384479717814 0.06845238095238095 0.11463844797178141
4 0.4933035714285714 0.6609347442680776 0.07986111111111108 0.27248677248677244
1 0.5808531746031746 0.6203703703703703 0.28670634920634924 0.027336860670193985
0 0.886656746031746 0.6992945326278659 0.22371031746031747 0.0740740740740742
1 0.6163194444444441 0.938712522045855 0.7673611111111104 0.12257495590828832
4 0.992063492063492 0.6058201058201058 0.01587301587301596 0.11463844797178126
