5 0.4756 0.571639 0.007927 0.010109
6 0.357390873015873 0.4828042328042328 0.02728174603174608 0.15255731922398588
1 0.21626984126984122 0.61816578483245 0.43253968253968245 0.16578483245149925
1 0.07018849206349205 0.9082892416225744 0.1403769841269841 0.18342151675485002
4 0.6634424603174602 0.6463844797178132 0.04811507936507937 0.12522045855379177
4 0.6793154761904762 0.49779541446208114 0.037202380952380876 0.12610229276895943
4 0.7584325396825397 0.4929453262786596 0.04861111111111114 0.1128747795414462
4 0.9166666666666665 0.527336860670194 0.04067460317460316 0.10405643738977076
4 0.9223710317460316 0.6538800705467372 0.03422619047619051 0.16313932980599638
4 0.8196924603174601 0.9329805996472663 0.055059523809523794 0.13403880070546728
0 0.9692460317460317 0.8902116402116402 0.05853174603174608 0.18077601410934746
