5 0.542079 0.518648 0.012868999999999998 0.01295
6 0.49865076601671304 0.38231197771587744 0.03212047353760454 0.12674094707520894
4 0.5542740250696379 0.43105849582172695 0.04935584958217262 0.12395543175487468
4 0.7896935933147631 0.4798050139275766 0.053272980501392765 0.1518105849582173
4 0.8907555710306405 0.5793871866295265 0.1175139275766017 0.15877437325905291
4 0.7630571030640668 0.7207520891364902 0.07520891364902496 0.15459610027855164
4 0.45282033426183843 0.7325905292479109 0.09871169916434532 0.19498607242339844
4 0.2542217966573816 0.616991643454039 0.08539345403899723 0.1476323119777158
4 0.2945682451253482 0.5612813370473537 0.0564066852367688 0.13927576601671313
4 0.7591399721448469 0.9554317548746516 0.13631615598885788 0.08913649025069645
0 0.7579213091922007 0.7966573816155983 0.4841573816155986 0.2813370473537605
