5 0.4619482496194825 0.6691474966170503 0.012176560121765618 0.014884979702300285
6 0.6220238095238095 0.2808641975308642 0.030753968253968225 0.13139329805996475
4 0.6383928571428572 0.3871252204585538 0.04464285714285708 0.14109347442680772
3 0.466765873015873 0.3628747795414462 0.051587301587301654 0.09964726631393293
2 0.4605654761904762 0.34391534391534395 0.09275793650793646 0.1146384479717813
6 0.3705357142857143 0.46252204585537915 0.03472222222222222 0.154320987654321
4 0.2638888888888889 0.5238095238095238 0.08829365079365083 0.1463844797178131
4 0.35342261904761896 0.5656966490299823 0.07787698412698411 0.1649029982363315
4 0.39682539682539686 0.49074074074074076 0.03670634920634924 0.14021164021164018
4 0.439484126984127 0.49514991181657847 0.06646825396825391 0.1543209876543211
4 0.5066964285714286 0.4052028218694885 0.04315476190476197 0.13315696649029987
4 0.542906746031746 0.4400352733686067 0.0481150793650793 0.12169312169312171
4 0.5892857142857143 0.47883597883597884 0.047619047619047665 0.13932980599647274
4 0.9377480158730159 0.6203703703703703 0.11954365079365076 0.2125220458553791
4 0.7003968253968251 0.7508818342151676 0.16269841269841315 0.22839506172839508
1 0.8325892857142857 0.3875661375661376 0.334821428571428 0.12433862433862386
1 0.4067460317460312 0.5793650793650801 0.5267857142857137 0.2328042328042337
