5 0.6310880000000001 0.5404040000000001 0.007305000000000001 0.007215
3 0.9418604651162791 0.47480620155038766 0.03924418604651152 0.0891472868217054
2 0.9916424418604651 0.46382428940568476 0.016715116279069804 0.0697674418604651
6 0.5992005813953488 0.3895348837209302 0.028343023255813903 0.060723514211886355
4 0.592296511627907 0.5090439276485789 0.0406976744186047 0.07751937984496124
4 0.5788517441860465 0.539405684754522 0.04433139534883722 0.09431524547803619
4 0.4273255813953489 0.7493540051679587 0.09593023255813954 0.16279069767441853
4 0.3706395348837209 0.4677002583979328 0.03197674418604656 0.09043927648578809
4 0.38771802325581395 0.3927648578811369 0.026889534883720926 0.08268733850129202
4 0.2554505813953488 0.5258397932816536 0.06468023255813954 0.12144702842377264
4 0.22747093023255816 0.4108527131782945 0.027616279069767487 0.08785529715762273
0 0.16824127906976752 0.6983204134366925 0.33357558139534904 0.25710594315245494
1 0.7336482558139531 0.45348837209302323 0.27107558139534876 0.10335917312661519
1 0.918968023255814 0.6789405684754525 0.16206395348837183 0.22351421188630483
