5 0.718817 0.575736 0.008681 0.010089999999999998
4 0.7594246031746031 0.5930335097001763 0.09623015873015874 0.20370370370370375
4 0.6812996031746031 0.6186067019400353 0.06498015873015874 0.1754850088183421
4 0.6376488095238095 0.5251322751322751 0.06795634920634917 0.17548500881834214
4 0.591765873015873 0.4651675485008818 0.05853174603174608 0.15784832451499128
3 0.4970238095238095 0.562610229276896 0.0992063492063491 0.16049382716049387
2 0.535218253968254 0.54673721340388 0.13392857142857145 0.1940035273368607
4 0.38442460317460314 0.4541446208112875 0.05158730158730151 0.17813051146384482
4 0.3993055555555556 0.5599647266313933 0.07936507936507936 0.1940035273368607
1 0.11706349206349204 0.568342151675485 0.2341269841269841 0.20017636684303347
1 0.43154761904761885 0.8791887125220456 0.7757936507936505 0.24162257495590805
