5 0.562311 0.537679 0.010998 0.013407
6 0.09048572423398328 0.4289693593314763 0.04778899721448468 0.13649025069637888
4 0.4359766713091922 0.4415041782729805 0.04152158774373255 0.11977715877437319
4 0.47828168523676856 0.4596100278551533 0.10576253481894214 0.116991643454039
4 0.7497388579387185 0.616991643454039 0.12378133704735376 0.1782729805013927
4 0.6529857242339833 0.6977715877437325 0.052489554317548724 0.16991643454038993
4 0.4387186629526462 0.7896935933147631 0.061107242339832835 0.22005571030640667
4 0.6290912256267409 0.9206128133704735 0.1190807799442897 0.15877437325905291
4 0.2268018802228412 0.5738161559888579 0.04778899721448468 0.15041782729805006
4 0.18958913649025066 0.6267409470752089 0.10811281337047354 0.18384401114206128
0 0.41795786908077986 0.8391364902506964 0.5993210306406683 0.2855153203342618
