5 0.248782 0.845599 0.010552 0.011544
6 0.5694444444444444 0.2619047619047619 0.041666666666666644 0.11992945326278658
3 0.28050595238095233 0.3699294532627866 0.04811507936507933 0.13315696649029984
4 0.2896825396825397 0.4171075837742504 0.03571428571428577 0.14991181657848324
2 0.26711309523809523 0.376984126984127 0.11557539682539683 0.14197530864197527
4 0.33854166666666674 0.40079365079365076 0.0600198412698413 0.14197530864197538
4 0.41344246031746024 0.40608465608465605 0.0620039682539683 0.1490299823633157
4 0.4439484126984127 0.42239858906525574 0.05853174603174601 0.17989417989417988
4 0.5880456349206349 0.45811287477954143 0.07688492063492064 0.1737213403880071
4 0.7321428571428572 0.44223985890652556 0.04761904761904745 0.18606701940035278
4 0.7204861111111112 0.5304232804232804 0.07093253968253961 0.1807760141093474
1 0.7626488095238085 0.4259259259259261 0.4697420634920631 0.15696649029982349
4 0.17807539682539683 0.7328042328042328 0.07936507936507936 0.2768959435626101
1 0.26116071428571414 0.6865079365079358 0.5223214285714282 0.30423280423280447
