5 0.438746 0.610003 0.007123000000000001 0.012662
3 0.11011904761904763 0.6018518518518517 0.05059523809523808 0.15255731922398588
2 0.03149801587301587 0.6155202821869489 0.06200396825396825 0.14109347442680778
6 0.10218253968253971 0.8686067019400352 0.05456349206349207 0.2627865961199293
4 0.29538690476190477 0.6728395061728395 0.06894841269841265 0.14285714285714277
4 0.5282738095238095 0.7363315696649031 0.05059523809523817 0.1887125220458553
4 0.5049603174603174 0.6040564373897708 0.038690476190476206 0.13403880070546734
4 0.49404761904761896 0.5568783068783069 0.041666666666666644 0.12081128747795411
4 0.5840773809523809 0.5454144620811288 0.04414682539682538 0.154320987654321
4 0.6498015873015873 0.5727513227513227 0.06150793650793652 0.12962962962962962
4 0.6629464285714286 0.6208112874779542 0.04811507936507937 0.15167548500881828
4 0.8023313492063493 0.5837742504409171 0.04910714285714277 0.13403880070546734
6 0.8315972222222211 0.9475308641975307 0.05406746031746021 0.10493827160493825
1 0.19940476190476175 0.8858024691358025 0.3968253968253965 0.22663139329805973
1 0.47718253968253876 0.6111111111111109 0.44047619047618997 0.1604938271604938
