5 0.5288150000000001 0.7085140000000001 0.007305000000000001 0.01443
6 0.5064850278551531 0.3913649025069638 0.06815807799442901 0.13091922005571027
6 0.9103412256267408 0.3530640668523677 0.042305013927576456 0.15459610027855156
4 0.43754352367688015 0.4435933147632312 0.07129178272980503 0.17130919220055715
4 0.5836525069637882 0.4324512534818941 0.05483983286908078 0.14066852367688015
1 0.8782207520891364 0.4540389972144847 0.24129526462395545 0.16991643454039
4 0.2569637883008356 0.58008356545961 0.08774373259052926 0.16295264623955433
4 0.07560062674094707 0.552924791086351 0.0775591922005571 0.20612813370473532
4 0.2542217966573816 0.8057103064066853 0.11202994428969362 0.25487465181058494
4 0.11673050139275766 0.7458217270194986 0.1065459610027855 0.2520891364902508
4 0.037996169916434536 0.6706128133704735 0.054056406685236764 0.21030640668523673
1 0.4234418523676878 0.6831476323119778 0.6463266016713088 0.3022284122562686
2 0.5092270194986073 0.37325905292479106 0.09401114206128135 0.12813370473537603
