5 0.4170616113744076 0.46980337078651685 0.011058451816745673 0.015449438202247166
6 0.26860119047619047 0.35802469135802467 0.03224206349206348 0.1728395061728395
4 0.4523809523809524 0.38888888888888884 0.10019841269841265 0.14638447971781304
4 0.8546626984126985 0.4047619047619048 0.08829365079365076 0.13051146384479714
4 0.9459325396825398 0.4391534391534392 0.10714285714285708 0.13227513227513227
4 0.7321428571428571 0.6049382716049382 0.05853174603174608 0.14462081128747797
4 0.7058531746031745 0.5573192239858906 0.05654761904761898 0.17460317460317462
4 0.6108630952380953 0.435626102292769 0.12549603174603172 0.12169312169312171
4 0.589781746031746 0.5414462081128747 0.06448412698412734 0.1622574955908288
4 0.2998511904761905 0.5418871252204586 0.11954365079365079 0.1719576719576719
4 0.29067460317460314 0.6485890652557315 0.13095238095238107 0.21604938271604934
1 0.9275793650793621 0.5855379188712516 0.14484126984126947 0.23985890652557315
0 0.14930555555555555 0.9078483245149911 0.29563492063492064 0.1843033509700172
