5 0.1636225266362253 0.40460081190798375 0.010654490106544916 0.016238159675236757
3 0.78125 0.4876543209876543 0.05853174603174608 0.1604938271604938
2 0.8606150793650794 0.49118165784832457 0.13690476190476203 0.1940035273368607
4 0.9047619047619048 0.6340388007054674 0.11210317460317469 0.13580246913580246
4 0.9694940476190476 0.5745149911816578 0.05406746031746039 0.22839506172839513
4 0.7638888888888888 0.6014109347442681 0.07738095238095241 0.2557319223985891
4 0.5959821428571428 0.4792768959435626 0.05902777777777786 0.18959435626102292
4 0.6202876984126985 0.4642857142857143 0.05902777777777778 0.1948853615520283
6 0.5558035714285715 0.38051146384479717 0.04910714285714292 0.17724867724867718
4 0.5528273809523809 0.5462962962962963 0.09474206349206347 0.17019400352733682
4 0.40972222222222143 0.45105820105820044 0.0674603174603173 0.17372134038800702
1 0.754712301587301 0.8465608465608463 0.49057539682539597 0.3068783068783067
1 0.2663690476190475 0.5405643738977068 0.532738095238095 0.19400352733686013
