5 0.6921613394216135 0.8031123139377537 0.0144596651445967 0.023004059539918843
6 0.2268018802228412 0.26323119777158777 0.03682103064066851 0.13927576601671313
6 0.7223189415041779 0.9199164345403901 0.09401114206128126 0.16016713091921947
4 0.7755919220055705 0.766016713091922 0.19115598885793866 0.2284122562674094
4 0.7591399721448469 0.32242339832869077 0.05797353760445688 0.12674094707520894
4 0.6267409470752089 0.3565459610027855 0.07990947075208915 0.1476323119777159
4 0.635750348189415 0.532033426183844 0.07912604456824518 0.17548746518105843
4 0.5809105153203342 0.5424791086350974 0.07442548746518106 0.18523676880222836
4 0.5370386490250696 0.46796657381615603 0.05875696378830078 0.13927576601671313
4 0.2025156685236769 0.36768802228412256 0.11202994428969358 0.1532033426183844
4 0.09988683844011143 0.4512534818941504 0.05248955431754873 0.14484679665738162
4 0.08421831476323119 0.3983286908077994 0.05248955431754873 0.1476323119777159
3 0.04583043175487465 0.4122562674094708 0.05248955431754874 0.12534818941504178
2 0.030553621169916428 0.3983286908077994 0.06110724233983286 0.12534818941504178
1 0.48650766016713093 0.4303621169916434 0.4340181058495821 0.13927576601671313
1 0.1288736072423398 0.7047353760445679 0.2577472144846796 0.27298050139275815
