5 0.818588 0.621212 0.015422 0.010101
4 0.8942809888579387 0.4860724233983287 0.052489554317548794 0.11420612813370475
4 0.7599233983286908 0.4742339832869081 0.09087743732590525 0.1100278551532034
4 0.7121344011142061 0.41643454038997213 0.06894150417827291 0.09192200557103064
4 0.3251218662952646 0.7736768802228411 0.10184540389972145 0.14345403899721462
4 0.27145717270194986 0.4860724233983287 0.06345752089136486 0.08913649025069638
4 0.23659470752089135 0.4818941504178273 0.0282033426183844 0.12256267409470752
4 0.9240511838440115 0.8983286908078011 0.14336699164345315 0.19777158774373294
1 0.2228847493036212 0.4206128133704734 0.2859505571030641 0.11420612813370462
1 0.04778899721448467 0.6476323119777159 0.09557799442896933 0.18384401114206117
0 0.8218140668523669 0.6859331476323121 0.34940807799442886 0.2771587743732592
