5 0.6354660347551342 0.6467696629213484 0.008688783570300132 0.02387640449438201
6 0.20369080779944287 0.4784122562674095 0.03917130919220057 0.20194986072423396
3 0.5053098885793871 0.5933147632311977 0.07364206128133695 0.16434540389972135
2 0.5483983286908077 0.6023676880222841 0.14101671309192199 0.18802228412256278
4 0.6028464484679665 0.552924791086351 0.05405640668523674 0.20891364902506965
4 0.422266713091922 0.5222841225626741 0.054839832869080854 0.11699164345403901
4 0.3059279247910863 0.4735376044568245 0.05875696378830085 0.13649025069637888
4 0.33569811977715874 0.6288300835654596 0.10419568245125344 0.18245125348189412
4 0.4418523676880222 0.7569637883008358 0.07050835654596099 0.22423398328690794
4 0.041913300835654595 0.586350974930362 0.08382660167130919 0.13649025069637888
4 0.02311107242339833 0.9700557103064068 0.04622214484679666 0.05988857938718652
1 0.12025591922005574 0.6525069637883008 0.24051183844011145 0.22701949860724258
1 0.5805188022284122 0.9011142061281338 0.7881267409470751 0.19498607242339852
