5 0.6145830000000001 0.744065 0.009081 0.015195
6 0.8509424603174603 0.3474426807760141 0.03521825396825392 0.13932980599647266
4 0.9714781746031746 0.5789241622574955 0.05704365079365076 0.15608465608465616
4 0.6525297619047619 0.6291887125220458 0.060019841269841265 0.15255731922398583
4 0.6103670634920636 0.4184303350970018 0.041170634920634865 0.12433862433862437
4 0.49107142857142855 0.4638447971781305 0.04761904761904759 0.09700176366843039
4 0.29712301587301587 0.4925044091710758 0.07142857142857142 0.12257495590828923
4 0.28174603174603174 0.7239858906525573 0.0625 0.19929453262786595
4 0.8740079365079364 0.9541446208112874 0.09126984126984113 0.0881834215167548
1 0.6579861111111103 0.5383597883597886 0.4637896825396817 0.15432098765432162
1 0.8673115079365065 0.8633156966490297 0.2653769841269842 0.2733686067019397
