5 0.269886 0.510823 0.007305000000000001 0.008658
6 0.5379464285714286 0.4514991181657848 0.03521825396825392 0.10052910052910058
4 0.5062003968253969 0.45943562610229277 0.05307539682539684 0.10052910052910058
4 0.6746031746031746 0.4801587301587301 0.04067460317460316 0.13668430335097007
4 0.6116071428571428 0.5639329805996472 0.11111111111111115 0.11552028218694885
4 0.9074900793650794 0.46119929453262787 0.051091269841269875 0.14109347442680778
4 0.9789186507936509 0.4537037037037037 0.037202380952380876 0.13315696649029987
4 0.3757440476190476 0.501763668430335 0.10367063492063487 0.09523809523809526
4 0.18328373015873015 0.7495590828924162 0.06696428571428575 0.1728395061728395
0 0.31076388888888884 0.8518518518518519 0.57390873015873 0.29629629629629584
