5 0.44826224328593994 0.4178370786516854 0.011848341232227498 0.015449438202247236
4 0.5528273809523809 0.355379188712522 0.02628968253968253 0.08818342151675487
4 0.6946924603174603 0.47398589065255725 0.03224206349206355 0.11728395061728392
4 0.7829861111111112 0.6640211640211641 0.07093253968253961 0.13932980599647252
4 0.6041666666666667 0.6684303350970018 0.05059523809523803 0.1657848324514991
4 0.37971230158730157 0.40079365079365076 0.03621031746031747 0.08377425044091702
6 0.2745535714285714 0.36904761904761896 0.021329365079365063 0.0925925925925926
4 0.3467261904761905 0.45634920634920634 0.05257936507936506 0.09435626102292773
4 0.3444940476190476 0.6649029982363315 0.06894841269841265 0.13756613756613745
4 0.20560515873015872 0.5670194003527337 0.03422619047619051 0.13932980599647274
4 0.13764880952380953 0.6071428571428572 0.0431547619047619 0.14902998236331583
0 0.36731150793650774 0.6547619047619048 0.41517857142857173 0.2142857142857143
1 0.9613095238095238 0.4585537918871252 0.07341269841269835 0.10582010582010583
4 0.8874007936507937 0.9550264550264549 0.060515873015873044 0.08289241622574949
