5 0.3992890995260663 0.5512640449438203 0.011848341232227498 0.02106741573033709
6 0.042305013927576594 0.5034818941504178 0.0423050139275766 0.16016713091922
4 0.028595055710306416 0.6162952646239553 0.05719011142061283 0.1573816155988858
4 0.4539954735376044 0.8050139275766017 0.11202994428969354 0.19777158774373263
4 0.7313283426183844 0.6107242339832869 0.09479456824512539 0.16573816155988857
4 0.7097841225626741 0.44498607242339827 0.08304317548746497 0.13231197771587752
4 0.918175487465181 0.4415041782729805 0.07834261838440114 0.14206128133704737
4 0.5401723537604457 0.483983286908078 0.0775591922005571 0.14902506963788306
4 0.43323467966573814 0.49512534818941506 0.08304317548746518 0.1295264623955431
4 0.4038561977715877 0.5877437325905293 0.14336699164345404 0.14206128133704737
1 0.7344620473537604 0.6274373259052922 0.5084435933147632 0.18802228412256303
1 0.948293871866295 0.9303621169916435 0.10341225626740932 0.13927576601671315
