5 0.47930200000000006 0.673882 0.013799 0.011544
4 0.8278769841269841 0.5802469135802469 0.04365079365079353 0.1375661375661376
4 0.681547619047619 0.5476190476190476 0.043650793650793815 0.13932980599647266
4 0.5295138888888888 0.7592592592592592 0.07192460317460309 0.17107583774250457
4 0.44717261904761907 0.5101410934744268 0.04117063492063494 0.14550264550264558
4 0.39831349206349204 0.5736331569664903 0.032738095238095254 0.1261022927689595
4 0.3638392857142857 0.5211640211640212 0.04315476190476197 0.1463844797178131
4 0.20386904761904762 0.4757495590828924 0.03968253968253968 0.13844797178130513
4 0.05952380952380953 0.5277777777777778 0.0505952380952381 0.15961199294532633
1 0.26140873015873 0.7010582010582005 0.52281746031746 0.20458553791887138
