5 0.05763 0.7359310000000001 0.011364 0.01443
6 0.33581349206349204 0.4744268077601411 0.042658730158730195 0.1569664902998236
3 0.5868055555555556 0.472663139329806 0.04861111111111114 0.1534391534391534
2 0.5771329365079364 0.4753086419753087 0.10367063492063487 0.14462081128747797
4 0.658234126984127 0.5004409171075838 0.07539682539682531 0.15255731922398588
4 0.7170138888888888 0.49382716049382724 0.04216269841269849 0.1710758377425045
4 0.9481646825396826 0.7094356261022928 0.10367063492063494 0.16843033509700178
4 0.5101686507936507 0.6199294532627866 0.05902777777777778 0.13051146384479714
4 0.4412202380952381 0.6159611992945326 0.12351190476190474 0.154320987654321
1 0.5595238095238093 0.7971781305114632 0.6130952380952378 0.3174603174603163
1 0.9102182539682536 0.5268959435626097 0.17956349206349145 0.17548500881834214
