5 0.38783570300157977 0.4964887640449438 0.009478672985782026 0.015449438202247166
4 0.42509920634920634 0.435626102292769 0.04067460317460323 0.10758377425044095
4 0.3720238095238095 0.5903880070546738 0.046626984126984114 0.18253968253968267
4 0.26289682539682535 0.5608465608465608 0.05257936507936506 0.1657848324514991
3 0.13070436507936506 0.611111111111111 0.04117063492063492 0.15696649029982368
2 0.07688492063492063 0.6296296296296297 0.13194444444444442 0.18694885361552024
4 0.1111111111111111 0.548941798941799 0.05059523809523808 0.13668430335097
4 0.03447420634920635 0.548941798941799 0.05704365079365079 0.16313932980599646
4 0.5538194444444444 0.6825396825396826 0.0620039682539683 0.18694885361552033
4 0.611359126984127 0.6375661375661376 0.046130952380952335 0.18871252204585545
4 0.8762400793650794 0.5753968253968255 0.06398809523809518 0.18606701940035272
1 0.5964781746031742 0.6283068783068783 0.48561507936507925 0.18783068783068782
4 0.9888392857142856 0.8761022927689595 0.022321428571428593 0.24779541446208103
1 0.22197420634920628 0.9025573192239855 0.44394841269841256 0.1948853615520286
