5 0.586519 0.537969 0.00732 0.011255
4 0.6279160863509748 0.6768802228412255 0.0963614206128134 0.15320334261838425
4 0.6451514623955431 0.5410863509749304 0.07755919220055717 0.12674094707520894
4 0.37408600278551524 0.6650417827298051 0.07599233983286907 0.16295264623955447
4 0.496300487465181 0.8655988857938718 0.1323990250696378 0.25208913649025066
4 0.11790564066852366 0.5703342618384402 0.09009401114206125 0.17409470752089143
4 0.2765494428969359 0.5229805013927576 0.09557799442896933 0.14902506963788298
4 0.31572075208913647 0.43732590529247906 0.07834261838440114 0.14484679665738157
4 0.24677924791086348 0.4540389972144847 0.047005571030640673 0.12813370473537597
0 0.20055710306406682 0.8593314763231199 0.40111420612813364 0.2813370473537603
1 0.9623955431754874 0.588440111420613 0.07520891364902516 0.12116991643454073
