5 0.3622526636225266 0.4208389715832206 0.009132420091324178 0.013531799729363954
6 0.7259424603174603 0.35185185185185186 0.03025793650793645 0.11287477954144616
3 0.9176587301587301 0.47045855379188706 0.04166666666666671 0.17901234567901234
2 0.9575892857142858 0.48765432098765443 0.0848214285714284 0.14462081128747806
4 0.6540178571428572 0.3672839506172839 0.04017857142857153 0.13139329805996475
4 0.6222718253968254 0.48192239858906527 0.05803571428571431 0.1719576719576719
4 0.5684523809523809 0.42063492063492064 0.04861111111111114 0.12169312169312171
4 0.4618055555555556 0.3835978835978836 0.08134920634920632 0.09523809523809518
4 0.41641865079365076 0.36507936507936506 0.04513888888888893 0.1111111111111111
4 0.48115079365079366 0.6124338624338624 0.07738095238095241 0.1613756613756614
1 0.47222222222222243 0.5220458553791886 0.45932539682539714 0.14814814814814786
4 0.19518849206349206 0.4616402116402115 0.05704365079365083 0.13844797178130527
4 0.03695436507936508 0.42195767195767186 0.04414682539682539 0.14021164021164018
4 0.04414682539682539 0.6746031746031745 0.08531746031746032 0.21340388007054678
1 0.8511904761904762 0.8126102292768955 0.2976190476190477 0.3183421516754848
