5 0.256494 0.511544 0.006494 0.010101
6 0.5158730158730159 0.44973544973544977 0.033730158730158735 0.10052910052910051
4 0.49057539682539686 0.45634920634920634 0.04861111111111107 0.10846560846560849
4 0.6423611111111112 0.5524691358024691 0.048611111111111 0.09964726631393298
4 0.6646825396825398 0.48104056437389775 0.03571428571428569 0.12257495590828932
4 0.8943452380952379 0.4594356261022927 0.04464285714285708 0.13227513227513227
4 0.9657738095238096 0.43915343915343913 0.042658730158730264 0.12345679012345677
4 0.39583333333333326 0.5092592592592592 0.06150793650793652 0.08730158730158735
4 0.1701388888888889 0.757936507936508 0.04960317460317461 0.18606701940035264
0 0.2899305555555556 0.8531746031746031 0.5798611111111112 0.29365079365079333
