5 0.372971 0.535354 0.010552 0.008658
4 0.7534722222222223 0.4634038800705467 0.036706349206349104 0.11022927689594354
4 0.8452380952380952 0.4528218694885362 0.04166666666666686 0.1049382716049383
4 0.9350198412698413 0.49779541446208114 0.05059523809523824 0.12257495590828923
0 0.8745039682539679 0.7028218694885355 0.2499999999999996 0.28042328042328013
4 0.4962797619047619 0.652557319223986 0.052083333333333356 0.14462081128747797
4 0.3077876984126984 0.531305114638448 0.04414682539682538 0.09435626102292766
4 0.27529761904761907 0.49647266313932975 0.04265873015873016 0.11463844797178133
3 0.04960317460317461 0.40167548500881833 0.03273809523809524 0.09788359788359792
2 0.033978174603174614 0.4193121693121693 0.06795634920634923 0.09435626102292755
4 0.01984126984126984 0.6203703703703703 0.03968253968253968 0.15784832451499115
1 0.1083829365079366 0.6344797178130513 0.2167658730158732 0.23368606701940056
1 0.33457341269841206 0.4091710758377428 0.2733134920634916 0.10582010582010572
