5 0.5924170616113744 0.7275280898876404 0.015797788309636757 0.02247191011235941
6 0.1875 0.1931216931216931 0.030753968253968225 0.12874779541446207
4 0.4568452380952381 0.23059964726631393 0.038690476190476136 0.10670194003527335
4 0.41567460317460314 0.3134920634920635 0.03968253968253976 0.13492063492063494
4 0.34548611111111116 0.27116402116402116 0.0362103174603174 0.10141093474426807
4 0.28621031746031744 0.34435626102292766 0.04761904761904759 0.14197530864197527
4 0.4533730158730158 0.4223985890652557 0.047619047619047665 0.13227513227513227
4 0.5577876984126984 0.5321869488536156 0.04811507936507937 0.14373897707231045
4 0.6334325396825397 0.6062610229276896 0.06448412698412703 0.13668430335097007
4 0.2936507936507936 0.7019400352733686 0.07242063492063479 0.20811287477954152
4 0.19469246031746032 0.6728395061728395 0.0699404761904762 0.19047619047619044
4 0.03149801587301587 0.48104056437389775 0.06299603174603174 0.1772486772486772
0 0.492559523809524 0.7195767195767201 0.5426587301587303 0.40035273368606783
