5 0.54586 0.717172 0.008929 0.01443
6 0.878968253968254 0.33994708994708994 0.03968253968253976 0.15608465608465605
4 0.5637400793650794 0.43342151675485013 0.06200396825396823 0.14197530864197525
3 0.4935515873015873 0.390652557319224 0.051587301587301584 0.11992945326278658
2 0.482390873015873 0.38183421516754845 0.10466269841269835 0.1252204585537919
4 0.4399801587301587 0.4528218694885362 0.13194444444444442 0.17548500881834223
4 0.24107142857142855 0.5630511463844797 0.11607142857142858 0.1578483245149912
4 0.2963789682539682 0.804673721340388 0.18799603174603174 0.26366843033509696
4 0.1150793650793651 0.7504409171075838 0.10912698412698414 0.2574955908289241
4 0.02529761904761905 0.6640211640211641 0.04563492063492064 0.19753086419753088
4 0.03571428571428572 0.5749559082892416 0.06646825396825398 0.1604938271604938
4 0.03968253968253968 0.5255731922398589 0.05257936507936508 0.18342151675485005
1 0.39732142857142827 0.6865079365079366 0.6626984126984123 0.3059964726631394
1 0.8670634920634916 0.45238095238095233 0.26587301587301515 0.16578483245149908
