5 0.43189099999999997 0.621557 0.008013 0.011396
4 0.7678571428571428 0.5661375661375662 0.0505952380952381 0.11816578483245152
6 0.750744047619047 0.9453262786596119 0.06498015873015871 0.10582010582010595
6 0.04414682539682539 0.8681657848324515 0.05555555555555555 0.25485008818342153
1 0.14112103174603186 0.8937389770723086 0.2822420634920637 0.21252204585537732
3 0.010912698412698414 0.607583774250441 0.021825396825396828 0.15696649029982354
4 0.24305555555555552 0.6574074074074074 0.09027777777777779 0.14726631393298056
4 0.5590277777777778 0.7438271604938272 0.05357142857142861 0.17901234567901242
4 0.6145833333333333 0.5987654320987655 0.037698412698412724 0.15167548500881836
4 0.6331845238095238 0.5617283950617283 0.048115079365079506 0.11816578483245145
4 0.5562996031746031 0.558641975308642 0.07093253968253968 0.11904761904761912
4 0.4925595238095238 0.6137566137566138 0.09623015873015874 0.13403880070546742
4 0.47817460317460314 0.5568783068783069 0.07738095238095248 0.14021164021164018
1 0.35739087301587297 0.6097883597883602 0.4459325396825399 0.16137566137566137
