5 0.301502 0.677336 0.010998 0.013407
6 0.7740575396825398 0.41754850088183415 0.04811507936507937 0.16313932980599638
4 0.9270833333333335 0.4519400352733686 0.03968253968253961 0.16843033509700178
4 0.8665674603174602 0.6313932980599648 0.04464285714285708 0.13227513227513227
4 0.8598710317460316 0.7411816578483246 0.0689484126984128 0.17372134038800696
4 0.8598710317460317 0.9312169312169312 0.07093253968253975 0.12874779541446216
4 0.7125496031746031 0.9250440917107583 0.060019841269841265 0.1463844797178129
1 0.4796626984126985 0.906966490299824 0.7242063492063493 0.18606701940035206
1 0.8296130952380952 0.6428571428571428 0.3407738095238095 0.19929453262786595
4 0.5892857142857143 0.656084656084656 0.05952380952380949 0.1710758377425045
3 0.4104662698412699 0.605379188712522 0.05704365079365083 0.1931216931216931
2 0.38169642857142855 0.6322751322751323 0.12351190476190478 0.18694885361552024
