5 0.8957382039573821 0.2922868741542625 0.006088280060882738 0.010825439783491219
6 0.6411210317460317 0.17724867724867724 0.012400793650793744 0.0687830687830688
6 0.8082837301587297 0.19179894179894183 0.017361111111110994 0.07142857142857138
6 0.2986111111111111 0.18253968253968253 0.022817460317460316 0.07231040564373899
3 0.5119047619047619 0.13668430335097 0.00892857142857153 0.02469135802469136
2 0.5124007936507937 0.13536155202821867 0.024801587301587345 0.0220458553791887
1 0.4412202380952379 0.15388007054673714 0.08779761904761903 0.0167548500881833
1 0.5813492063492057 0.1521164021164021 0.08630952380952377 0.013227513227513317
4 0.882936507936508 0.25573192239858905 0.043650793650793676 0.08465608465608465
4 0.8283730158730159 0.3342151675485009 0.05555555555555557 0.11640211640211642
4 0.9518849206349199 0.49691358024691357 0.08531746031746025 0.22486772486772494
4 0.44816468253968256 0.22707231040564374 0.02430555555555557 0.08201058201058203
0 0.5116567460317455 0.2028218694885361 0.1473214285714285 0.03703703703703699
4 0.4997519841269842 0.3170194003527337 0.04017857142857146 0.14373897707231045
4 0.5374503968253969 0.44929453262786595 0.055059523809523864 0.17372134038800702
3 0.5922619047619048 0.5679012345679012 0.09027777777777764 0.2716049382716049
4 0.4208829365079365 0.5423280423280423 0.0669642857142857 0.23456790123456783
2 0.5071924603174601 0.7125220458553794 0.2514880952380951 0.30158730158730146
1 0.2051091269841269 0.45458553791887096 0.41021825396825373 0.29188712522045823
1 0.8062996031746033 0.45590828924162274 0.38740079365079366 0.2821869488536157
