5 0.287338 0.819625 0.00974 0.008658
6 0.5987103174603174 0.2742504409171076 0.03968253968253968 0.12698412698412695
4 0.788938492063492 0.4501763668430335 0.06894841269841265 0.18077601410934754
4 0.7199900793650794 0.5802469135802469 0.08581349206349188 0.24338624338624343
4 0.6148313492063493 0.486331569664903 0.07291666666666657 0.18959435626102292
4 0.4694940476190476 0.4347442680776014 0.060019841269841265 0.1710758377425045
4 0.4332837301587301 0.4184303350970018 0.07589285714285715 0.1613756613756613
4 0.3819444444444444 0.41358024691358025 0.05952380952380949 0.14991181657848324
4 0.33878968253968256 0.4268077601410935 0.07043650793650798 0.16754850088183418
3 0.3010912698412698 0.3955026455026454 0.04464285714285715 0.1455026455026455
2 0.29365079365079366 0.38932980599647266 0.11408730158730158 0.1490299823633157
4 0.2388392857142857 0.7076719576719577 0.13144841269841265 0.281305114638448
1 0.7767857142857142 0.4391534391534392 0.44642857142857134 0.16049382716049362
1 0.27356150793650813 0.6931216931216931 0.5471230158730161 0.3086419753086422
