5 0.7659817351598173 0.793640054127199 0.012937595129375978 0.023004059539918843
3 0.12748015873015872 0.4426807760141094 0.06249999999999998 0.13932980599647266
2 0.05530753968253967 0.4634038800705466 0.1056547619047619 0.14550264550264547
4 0.8110119047619048 0.4157848324514991 0.10317460317460317 0.14550264550264544
4 0.8025793650793651 0.49029982363315694 0.07043650793650798 0.13051146384479723
4 0.7085813492063491 0.4444444444444444 0.08283730158730165 0.1252204585537919
4 0.6703869047619048 0.39638447971781304 0.05208333333333329 0.12257495590828923
4 0.6341765873015873 0.4074074074074074 0.0481150793650793 0.1252204585537919
4 0.914930555555555 0.8906525573192238 0.16815476190476222 0.2134038800705466
4 0.3345734126984127 0.48677248677248675 0.060019841269841265 0.15696649029982368
4 0.22842261904761904 0.4298941798941799 0.06398809523809526 0.1313932980599647
6 0.01066468253968254 0.6036155202821865 0.02132936507936508 0.17724867724867674
1 0.18030753968253962 0.7605820105820104 0.36061507936507914 0.2918871252204583
1 0.5099206349206351 0.47266313932980547 0.4117063492063491 0.148148148148148
