5 0.676542 0.548341 0.008929 0.020202
3 0.2693452380952381 0.43871252204585537 0.08928571428571427 0.13844797178130505
2 0.1736111111111111 0.4118165784832451 0.13095238095238096 0.17460317460317454
6 0.05952380952380953 0.7191358024691358 0.11607142857142858 0.27425044091710765
4 0.3715277777777778 0.6891534391534391 0.09126984126984126 0.23544973544973544
4 0.5290178571428571 0.5229276895943563 0.13839285714285715 0.15696649029982368
4 0.6684027777777777 0.404320987654321 0.09573412698412696 0.15608465608465616
4 0.773065476190476 0.5630511463844797 0.13541666666666605 0.2213403880070545
1 0.7175099206349204 0.4510582010582012 0.5163690476190473 0.19664902998236347
1 0.2371031746031744 0.8015873015873012 0.4742063492063488 0.3968253968253972
