5 0.7398540000000001 0.541126 0.010552 0.011544
6 0.7340703342618383 0.38440111420612816 0.02820334261838454 0.05571030640668525
4 0.6741382311977715 0.504874651810585 0.03995473537604454 0.09331476323119774
4 0.6815807799442897 0.5515320334261838 0.06894150417827291 0.09749303621169929
4 0.5233286908077994 0.7332869080779945 0.10967966573816156 0.12952646239554327
4 0.48650766016713076 0.45891364902506965 0.04073816155988858 0.0821727019498607
6 0.5444811977715877 0.3760445682451254 0.015668523676880212 0.06406685236768801
4 0.3952385097493035 0.5041782729805014 0.06659122562674093 0.10027855153203341
4 0.3674268802228412 0.38788300835654593 0.053272980501392765 0.06824512534818951
4 0.1292653203342618 0.94150417827298 0.08774373259052931 0.11699164345403897
0 0.3223798746518103 0.6371866295264621 0.37056058495821687 0.21309192200557028
1 0.8852715877437315 0.45891364902506887 0.22562674094707444 0.11002785515320358
