5 0.33789954337899547 0.5108254397834913 0.007610350076103458 0.014884979702300427
6 0.3490163649025069 0.3649025069637883 0.02898676880222837 0.08077994428969362
1 0.1280901810584958 0.47144846796657375 0.2561803621169916 0.11002785515320342
4 0.6992078690807798 0.399025069637883 0.0258530640668522 0.0933147632311978
4 0.7199686629526463 0.4233983286908078 0.04543871866295248 0.07242339832869078
4 0.6992078690807798 0.4895543175487465 0.04308844011142043 0.0821727019498607
4 0.932277158774373 0.4735376044568245 0.08147632311977716 0.10306406685236759
4 0.8496256963788301 0.6253481894150417 0.06345752089136468 0.16155988857938716
4 0.9301009749303621 0.7325905292479108 0.13979805013927593 0.16434540389972152
0 0.7927837743732588 0.6963788300835653 0.4144324512534808 0.2534818941504178
