5 0.7834855403348554 0.5493910690121786 0.011415525114155117 0.016238159675236757
4 0.775297619047619 0.44532627865961205 0.0744047619047619 0.1728395061728395
4 0.42063492063492064 0.468694885361552 0.0813492063492064 0.12081128747795411
4 0.40947420634920634 0.5855379188712522 0.08978174603174609 0.15696649029982368
4 0.24404761904761904 0.8373015873015873 0.07142857142857142 0.2671957671957672
4 0.10069444444444443 0.5842151675485009 0.07142857142857141 0.16490299823633145
4 0.06125992063492063 0.7447089947089947 0.11458333333333331 0.22310405643738973
6 0.2867063492063492 0.3589065255731922 0.026785714285714305 0.1252204585537919
3 0.010416666666666664 0.4876543209876543 0.01984126984126984 0.13756613756613753
1 0.3633432539682539 0.5224867724867718 0.41418650793650785 0.14021164021164004
1 0.07862103174603169 0.7940917107583769 0.15724206349206338 0.23897707231040585
