5 0.4802130898021309 0.49052774018944517 0.009132420091324249 0.014884979702300427
6 0.7554563492063493 0.4298941798941799 0.03968253968253976 0.14726631393298065
3 0.7170138888888888 0.48941798941798936 0.04216269841269849 0.14285714285714285
4 0.7311507936507937 0.5379188712522045 0.09226190476190482 0.1463844797178131
2 0.7790178571428572 0.4995590828924162 0.107638888888889 0.11728395061728399
4 0.4910714285714286 0.4343033509700176 0.051587301587301654 0.12257495590828917
4 0.40079365079365076 0.3990299823633157 0.05059523809523803 0.10670194003527342
4 0.15228174603174602 0.39506172839506176 0.07043650793650795 0.1287477954144621
4 0.10168650793650795 0.40784832451499115 0.039682539682539666 0.11199294532627867
4 0.028521825396825396 0.5427689594356261 0.05406746031746032 0.13668430335097007
4 0.2748015873015873 0.897707231040565 0.15079365079365084 0.19929453262786587
1 0.33234126984126955 0.5277777777777772 0.41369047619047583 0.13668430335096926
1 0.7703373015873012 0.7782186948853601 0.4593253968253961 0.2918871252204582
