5 0.7658806544754572 0.7023096663815227 0.00914340712223293 0.013686911890504803
6 0.8216765873015873 0.32804232804232814 0.021329365079365063 0.07583774250440918
6 0.6954365079365078 0.3117283950617284 0.01785714285714292 0.06084656084656082
6 0.27331349206349204 0.322310405643739 0.018849206349206327 0.06437389770723101
3 0.5089285714285714 0.27248677248677244 0.00992063492063494 0.022927689594356267
2 0.5096726190476191 0.2716049382716049 0.021329365079365132 0.021164021164021173
1 0.57390873015873 0.28395061728395066 0.08730158730158727 0.010582010582010587
1 0.44915674603174593 0.2848324514991181 0.0788690476190476 0.008818342151675675
0 0.5094246031746027 0.32583774250440894 0.13492063492063472 0.023809523809523572
4 0.4618055555555556 0.35670194003527333 0.027777777777777714 0.07319223985890645
3 0.5652281746031749 0.6746031746031746 0.1433531746031746 0.21340388007054675
4 0.6560019841269842 0.6018518518518519 0.07688492063492056 0.19841269841269835
4 0.6728670634920636 0.5383597883597884 0.051091269841269736 0.1613756613756614
4 0.5808531746031746 0.5396825396825397 0.07341269841269848 0.1252204585537919
4 0.5500992063492064 0.5 0.06448412698412696 0.11463844797178133
4 0.47867063492063494 0.5551146384479718 0.076388888888889 0.13492063492063494
4 0.3053075396825397 0.7098765432098765 0.09077380952380949 0.3139329805996472
4 0.20734126984126985 0.7081128747795414 0.12400793650793647 0.2945326278659612
1 0.20461309523809526 0.544532627865961 0.40724206349206354 0.25485008818342153
1 0.8040674603174597 0.5436507936507937 0.39186507936507914 0.26366843033509696
2 0.513640873015873 0.7707231040564373 0.2514880952380952 0.32275132275132273
