5 0.6689497716894977 0.5798376184032477 0.009132420091324178 0.012178619756427622
6 0.49156746031746024 0.3421516754850088 0.0436507936507936 0.1657848324514991
4 0.6200396825396826 0.39814814814814814 0.05357142857142861 0.14726631393298065
4 0.744047619047619 0.5171957671957672 0.0724206349206348 0.23544973544973538
3 0.621031746031746 0.5365961199294533 0.08432539682539676 0.13315696649029982
2 0.6594742063492063 0.5088183421516754 0.14930555555555544 0.19223985890652565
4 0.5726686507936508 0.5753968253968255 0.07986111111111115 0.19312169312169317
4 0.4164186507936508 0.5074955908289241 0.09375 0.06790123456790127
1 0.1664186507936508 0.5674603174603172 0.33283730158730157 0.23368606701940023
1 0.6564980158730157 0.858906525573192 0.687003968253968 0.27865961199294365
