5 0.8948860000000001 0.467532 0.007305000000000001 0.017316
6 0.9823729108635095 0.9596100278551531 0.035254178272980566 0.08077994428969362
4 0.6616034122562673 0.3182451253481894 0.07912604456824496 0.11559888579387184
4 0.6114641364902507 0.42966573816155984 0.04778899721448475 0.11281337047353751
4 0.6721796657381615 0.44220055710306405 0.08147632311977716 0.10445682451253475
4 0.6447597493036211 0.8600278551532035 0.09714484679665737 0.2298050139275766
4 0.5225452646239556 0.7068245125348188 0.15355153203342617 0.20473537604456873
4 0.28085828690807796 0.40598885793871864 0.09009401114206128 0.1044568245125349
4 0.23346100278551532 0.36559888579387184 0.0642409470752089 0.11002785515320337
3 0.16765320334261838 0.32869080779944293 0.03917130919220057 0.1114206128133705
4 0.13670786908077992 0.35027855153203347 0.04622214484679663 0.1295264623955432
2 0.12299791086350977 0.32451253481894154 0.08461002785515312 0.10584958217270199
1 0.4857242339832868 0.31963788300835655 0.3415738161559888 0.13788300835654602
1 0.1758791782729804 0.5779944289693593 0.3517583565459608 0.26462395543175427
