5 0.5829383886255926 0.7464887640449439 0.009478672985781955 0.018258426966292093
4 0.560515873015873 0.7028218694885362 0.09226190476190482 0.17107583774250443
4 0.6850198412698413 0.4700176366843034 0.04861111111111114 0.09171075837742514
4 0.591765873015873 0.4717813051146385 0.03571428571428584 0.10405643738977083
4 0.5652281746031745 0.42857142857142855 0.04613095238095248 0.10582010582010583
4 0.49479166666666674 0.46208112874779544 0.06894841269841273 0.08289241622574955
4 0.402281746031746 0.46252204585537926 0.04563492063492063 0.11552028218694893
4 0.28596230158730157 0.44488536155202824 0.04216269841269846 0.11904761904761905
4 0.2490079365079365 0.6208112874779542 0.057539682539682564 0.1728395061728395
1 0.3425099206349205 0.5842151675485011 0.4866071428571426 0.17901234567901286
1 0.10143849206349205 0.8941798941798943 0.2028769841269841 0.21164021164021127
