5 0.47933099999999995 0.567426 0.007807 0.008766
6 0.3372649721448468 0.4825905292479109 0.03368732590529255 0.13231197771587752
4 0.6322249303621169 0.49930362116991645 0.07677576601671304 0.11002785515320333
4 0.7195769498607241 0.4867688022284123 0.07755919220055717 0.12674094707520894
4 0.8739119080779943 0.5466573816155988 0.09636142061281333 0.1406685236768802
4 0.9166086350974929 0.6594707520891364 0.05013927576601674 0.1462395543175488
4 0.6788387883008354 0.6455431754874652 0.10576253481894142 0.12952646239554327
4 0.8147632311977716 0.9247910863509743 0.07050835654596098 0.15041782729804892
1 0.20134052924791085 0.6155988857938709 0.4026810584958217 0.16434540389972124
1 0.0509227019498607 0.9087743732590526 0.1018454038997214 0.18245125348189364
0 0.9502524373259031 0.888579387186629 0.09949512534819092 0.2005571030640657
