5 0.554467 0.529528 0.006529 0.009848
4 0.7501305710306405 0.6197771587743732 0.137099582172702 0.16991643454038993
4 0.6596448467966574 0.6817548746518106 0.06894150417827291 0.17409470752089143
4 0.4387186629526462 0.7924791086350976 0.0673746518105849 0.22005571030640667
4 0.6443680362116991 0.9359331476323121 0.06189066852367688 0.12813370473537603
4 0.46457172701949856 0.4540389972144847 0.045438718662952696 0.12813370473537597
4 0.49825905292479106 0.4637883008356546 0.05170612813370475 0.11420612813370468
4 0.23581128133704732 0.5661559888579387 0.09244428969359329 0.1490250696378829
4 0.16451949860724235 0.6357938718662953 0.05327298050139273 0.1880222841225626
6 0.17392061281337046 0.4157381615598886 0.03917130919220057 0.1545961002785515
0 0.502959610027855 0.825905292479108 0.5985376044568241 0.28969359331476285
