5 0.18150684931506844 0.5703653585926929 0.015981735159817382 0.014884979702300427
3 0.12143105849582173 0.3544568245125348 0.05170612813370475 0.16573816155988855
2 0.10262883008356546 0.37674094707520894 0.10811281337047353 0.15459610027855156
4 0.20134052924791085 0.467966573816156 0.039171309192200535 0.14484679665738157
4 0.42500870473537605 0.5194986072423399 0.11202994428969354 0.1643454038997215
4 0.5084435933147631 0.733983286908078 0.1081128133704734 0.21448467966573823
4 0.925618036211699 0.7089136490250696 0.12769846796657391 0.21448467966573814
4 0.9671396239554317 0.2381615598885794 0.043088440111420566 0.12813370473537603
1 0.5691591225626741 0.370473537604457 0.4332346796657379 0.1949860724233986
1 0.21622562674094706 0.7360724233983285 0.4324512534818941 0.3746518105849577
