5 0.7625570776255708 0.5081190798376184 0.0076103500761036 0.01759133964817323
6 0.2306547619047619 0.4470899470899471 0.038690476190476206 0.10582010582010583
3 0.09399801587301587 0.49426807760141095 0.03621031746031747 0.13492063492063494
2 0.03993055555555556 0.5207231040564374 0.07490079365079366 0.12786596119929455
4 0.15873015873015872 0.5211640211640212 0.022817460317460316 0.12698412698412703
4 0.16542658730158727 0.5180776014109347 0.10367063492063497 0.1155202821869489
4 0.267609126984127 0.5899470899470899 0.09375 0.13580246913580246
4 0.3010912698412699 0.6926807760141094 0.07738095238095241 0.14197530864197525
4 0.5783730158730159 0.67989417989418 0.11706349206349202 0.1657848324514991
4 0.5022321428571429 0.9029982363315696 0.10863095238095234 0.1922398589065257
4 0.8249007936507937 0.8492063492063493 0.09623015873015874 0.17989417989418002
4 0.8343253968253969 0.7332451499118166 0.11607142857142862 0.14373897707231037
4 0.578125 0.5198412698412698 0.03819444444444443 0.10846560846560849
4 0.517609126984127 0.46164021164021163 0.05208333333333329 0.1014109347442681
1 0.4193948412698411 0.5268959435626102 0.32490079365079355 0.10846560846560843
1 0.12028769841269843 0.7623456790123455 0.24057539682539686 0.24250440917107516
0 0.9789186507936509 0.8253968253968255 0.042162698412698346 0.13932980599647266
