5 0.5698049999999999 0.6897550000000001 0.012987 0.011544
6 0.39087301587301587 0.26014109347442677 0.03571428571428569 0.13932980599647263
3 0.06944444444444445 0.39241622574955903 0.06448412698412699 0.17460317460317454
2 0.05753968253968255 0.39770723104056427 0.11111111111111112 0.16402116402116398
4 0.13516865079365079 0.45899470899470907 0.04910714285714286 0.18606701940035278
4 0.18328373015873015 0.40784832451499115 0.052083333333333356 0.1754850088183421
4 0.23115079365079363 0.46119929453262787 0.066468253968254 0.17989417989417994
4 0.09722222222222221 0.6706349206349206 0.07837301587301586 0.27425044091710754
4 0.27033730158730157 0.6591710758377425 0.09722222222222221 0.1843033509700176
4 0.4288194444444444 0.4792768959435626 0.08382936507936506 0.16843033509700178
4 0.6604662698412699 0.38051146384479717 0.055059523809523864 0.17548500881834214
1 0.5696924603174596 0.43298059964726626 0.4727182539682534 0.14814814814814828
1 0.1624503968253968 0.7182539682539675 0.3249007936507936 0.3042328042328042
