5 0.8392859999999999 0.42135599999999995 0.00974 0.011544
3 0.5119690111420613 0.532033426183844 0.04622214484679667 0.19220055710306405
2 0.4512534818941504 0.5626740947075208 0.16295264623955433 0.18384401114206128
4 0.5515320334261838 0.6023676880222841 0.06737465181058504 0.2353760445682451
4 0.47906511142061275 0.6963788300835654 0.06972493036211688 0.20055710306406682
4 0.6196901114206128 0.5766016713091922 0.042305013927576525 0.23119777158774382
4 0.6749216573816156 0.5132311977715878 0.06502437325905291 0.21587743732590525
4 0.8390494428969358 0.586350974930362 0.13474930362116994 0.20055710306406682
4 0.925226323119777 0.5090529247910864 0.12691504178272994 0.19359331476323113
4 0.5072684540389971 0.8119777158774375 0.06032381615598886 0.30362116991643445
4 0.5233286908077994 0.8635097493036212 0.053272980501392835 0.2674094707520892
4 0.6196901114206127 0.9261838440111422 0.11438022284122568 0.1420612813370475
1 0.41325731197771565 0.8850974930362109 0.8171135097493033 0.22980501392757652
1 0.884052924791086 0.615598885793872 0.23189415041782613 0.2423398328690808
