5 0.6842530000000001 0.8340549999999999 0.008117 0.017316
3 0.23424442896935932 0.2917827298050139 0.05013927576601674 0.12116991643454039
2 0.20525766016713085 0.2966573816155989 0.09087743732590522 0.11699164345403902
4 0.10850452646239553 0.3426183844011142 0.036821030640668544 0.13370473537604455
4 0.14689240947075208 0.36350974930362123 0.055623259052924784 0.12256267409470756
4 0.3682103064066852 0.3112813370473538 0.053272980501392765 0.12952646239554316
4 0.6122475626740946 0.25835654596100277 0.06345752089136497 0.08774373259052926
4 0.630266364902507 0.34052924791086353 0.11673050139275773 0.1350974930362117
4 0.7552228412256267 0.8161559888579387 0.13631615598885788 0.21727019498607247
4 0.6894150417827298 0.5926183844011141 0.1128133704735376 0.18245125348189417
4 0.5762099582172702 0.504874651810585 0.0963614206128134 0.16295264623955433
4 0.4359766713091922 0.6594707520891363 0.12143105849582177 0.23816155988857907
1 0.5711176880222841 0.30640668523676867 0.3462743732590529 0.13370473537604452
1 0.21191678272980483 0.5536211699164353 0.42383356545960965 0.26323119777158754
