5 0.308112 0.5338489999999999 0.008776 0.011532
6 0.6631702646239553 0.40250696378830086 0.03995473537604454 0.15877437325905291
4 0.7693245125348188 0.4547353760445682 0.06110724233983291 0.12674094707520886
3 0.9514711002785515 0.6016713091922006 0.05719011142061291 0.1643454038997214
2 0.9561281337047355 0.6093314763231197 0.0877437325905289 0.14623955431754865
4 0.42422527855153197 0.8405292479108636 0.137099582172702 0.1629526462395542
4 0.6486768802228411 0.5201949860724234 0.061107242339832835 0.12395543175487461
4 0.1829300139275766 0.6894150417827298 0.1151636490250696 0.19498607242339822
4 0.09988683844011143 0.6190807799442897 0.050922701949860726 0.19359331476323113
4 0.15002611420612813 0.47771587743732596 0.06972493036211697 0.14484679665738162
1 0.47475626740947063 0.6169916434540391 0.49042479108635084 0.17548746518105843
1 0.7825992339832868 0.8997214484679661 0.43480153203342586 0.2005571030640677
