5 0.6883120000000001 0.62482 0.008117 0.017316
3 0.6143353174603174 0.5255731922398589 0.07986111111111115 0.13403880070546734
2 0.5902777777777778 0.4929453262786596 0.1369047619047619 0.18165784832451506
4 0.7420634920634922 0.6000881834215167 0.05555555555555557 0.21604938271604937
4 0.8673115079365078 0.7103174603174602 0.09176587301587304 0.1931216931216931
4 0.8072916666666667 0.5330687830687831 0.06398809523809518 0.19841269841269848
4 0.7341269841269841 0.5066137566137566 0.06646825396825407 0.16843033509700178
4 0.43849206349206354 0.6199294532627866 0.10416666666666664 0.1957671957671959
4 0.26091269841269854 0.7940917107583779 0.11507936507936506 0.2336860670194006
4 0.21031746031746032 0.6860670194003528 0.10218253968253968 0.24514991181657855
4 0.04439484126984126 0.7398589065255732 0.08680555555555554 0.2257495590828924
1 0.5719246031746028 0.8492063492063491 0.7678571428571425 0.3015873015873012
1 0.9503968253968239 0.54673721340388 0.09920634920634905 0.17107583774250457
