5 0.633523 0.719336 0.008929 0.015873
6 0.5711805555555556 0.33509700176366847 0.03720238095238095 0.14991181657848324
1 0.7299107142857146 0.4382716049382718 0.4667658730158733 0.15343915343915357
3 0.2710813492063492 0.38271604938271603 0.042162698412698416 0.13756613756613756
4 0.24528769841269843 0.43209876543209874 0.045138888888888895 0.17107583774250437
2 0.2306547619047619 0.3950617283950617 0.10416666666666664 0.14462081128747797
4 0.32242063492063494 0.42680776014109356 0.061507936507936484 0.16049382716049387
4 0.06646825396825397 0.5374779541446207 0.09623015873015874 0.17372134038800702
4 0.15252976190476192 0.7566137566137567 0.09573412698412699 0.2134038800705467
4 0.017609126984126984 0.7336860670194004 0.03125 0.253968253968254
1 0.2415674603174602 0.6962081128747792 0.4831349206349204 0.2954144620811296
