5 0.6868088467614533 0.6123595505617976 0.011848341232227569 0.01966292134831452
6 0.43874007936507936 0.3796296296296296 0.056051587301587345 0.18783068783068785
4 0.4077380952380952 0.5745149911816578 0.0942460317460317 0.2442680776014109
4 0.4107142857142857 0.63668430335097 0.07539682539682538 0.2698412698412698
4 0.544890873015873 0.5361552028218695 0.04712301587301582 0.2504409171075838
4 0.5776289682539683 0.5674603174603174 0.056051587301587276 0.20723104056437391
3 0.6029265873015873 0.5339506172839507 0.06498015873015874 0.19135802469135804
2 0.7224702380952379 0.5515873015873016 0.14335317460317454 0.2107583774250442
4 0.18055555555555558 0.5224867724867724 0.05654761904761909 0.23015873015873012
4 0.7524801587301587 0.8796296296296297 0.07738095238095241 0.23015873015873012
1 0.19221230158730152 0.5992063492063481 0.38442460317460303 0.23897707231040538
1 0.6418650793650791 0.887566137566138 0.7162698412698412 0.22134038800705513
