5 0.37526699999999996 0.573686 0.008984 0.008202
6 0.26989032033426175 0.8245125348189416 0.06815807799442897 0.2952646239554316
4 0.8727367688022284 0.6114206128133705 0.042305013927576594 0.18384401114206128
4 0.7152681058495821 0.6643454038997214 0.042305013927576594 0.20334261838440107
4 0.6819724930362117 0.6455431754874652 0.04935584958217262 0.20194986072423413
4 0.6663039693593313 0.5536211699164345 0.04152158774373262 0.1573816155988858
4 0.5887447771587744 0.6218662952646239 0.06345752089136497 0.17130919220055701
4 0.49355849582172695 0.6636490250696379 0.045438718662952696 0.19080779944289702
4 0.5064850278551531 0.5174094707520891 0.041521587743732484 0.13231197771587738
4 0.4727977019498607 0.5389972144846797 0.054056406685236806 0.13927576601671313
3 0.4547788997214484 0.5967966573816156 0.05092270194986071 0.13788300835654602
2 0.3729108635097493 0.6086350974930361 0.1034122562674095 0.16434540389972135
1 0.45830431754874645 0.8927576601671301 0.6377089136490247 0.21448467966573775
1 0.8125870473537604 0.6211699164345401 0.3748259052924792 0.18384401114206128
