5 0.5787671232876712 0.5054127198917456 0.012937595129375978 0.023004059539918843
4 0.693700396825397 0.4700176366843034 0.05803571428571433 0.15873015873015867
4 0.632688492063492 0.4193121693121693 0.04910714285714299 0.15079365079365076
4 0.5890376984126984 0.4087301587301587 0.056051587301587345 0.14726631393298065
4 0.6498015873015868 0.6587301587301587 0.08134920634920645 0.2098765432098765
4 0.4647817460317461 0.4268077601410935 0.06845238095238095 0.12169312169312164
4 0.3903769841269842 0.4642857142857143 0.047619047619047665 0.14902998236331577
4 0.42782738095238104 0.6415343915343915 0.06894841269841273 0.20546737213403873
4 0.22767857142857142 0.4713403880070547 0.04761904761904759 0.1666666666666667
1 0.5897817460317459 0.6666666666666675 0.576388888888889 0.23985890652557282
1 0.9166666666666665 0.9691358024691357 0.16567460317460317 0.05467372134038797
