5 0.637987 0.5281389999999999 0.011364 0.011544
6 0.96875 0.8408289241622575 0.0625 0.3183421516754849
4 0.8482142857142857 0.6296296296296297 0.11210317460317469 0.23985890652557315
6 0.6989087301587301 0.9303350970017639 0.07936507936507936 0.1375661375661376
4 0.5372023809523809 0.5052910052910053 0.10615079365079368 0.181657848324515
4 0.36259920634920634 0.4550264550264553 0.10515873015873027 0.1728395061728389
4 0.3792162698412699 0.33333333333333337 0.0818452380952381 0.14285714285714282
6 0.2884424603174603 0.27116402116402116 0.03422619047619051 0.14373897707231045
4 0.2849702380952381 0.5511463844797179 0.14831349206349206 0.20105820105820107
4 0.1902281746031746 0.3941798941798942 0.10565476190476188 0.16931216931216933
4 0.09375 0.43253968253968267 0.08829365079365077 0.17372134038800735
4 0.030753968253968256 0.3831569664902998 0.04067460317460318 0.18077601410934746
4 0.02703373015873014 0.6058201058201043 0.05406746031746028 0.26102292768959273
4 0.07217261904761904 0.37389770723104054 0.06101190476190476 0.1604938271604938
1 0.4952876984126984 0.41578483245149916 0.47371031746031744 0.15255731922398605
1 0.12822420634920625 0.7019400352733679 0.25644841269841245 0.296296296296296
