5 0.6505680000000001 0.7106779999999999 0.008929 0.012987
6 0.48115079365079366 0.3337742504409171 0.03174603174603177 0.14197530864197533
1 0.644593253968255 0.4320987654320988 0.44692460317460325 0.1499118165784837
3 0.21106150793650794 0.38580246913580246 0.04811507936507937 0.13844797178130505
2 0.16245039682539683 0.39329805996472655 0.10863095238095241 0.15167548500881833
4 0.1877480158730159 0.4400352733686067 0.040178571428571425 0.1569664902998236
4 0.25297619047619047 0.42945326278659607 0.05952380952380949 0.16049382716049387
4 0.03447420634920635 0.5246913580246914 0.06696428571428571 0.18342151675485005
4 0.11433531746031747 0.7469135802469137 0.14037698412698413 0.22751322751322747
1 0.20734126984126985 0.6975308641975309 0.4117063492063492 0.3068783068783068
