5 0.5394944707740916 0.9662921348314607 0.015797788309636757 0.019662921348314627
6 0.46354166666666674 0.2698412698412698 0.02033730158730158 0.10052910052910058
4 0.1708829365079365 0.3505291005291005 0.040178571428571425 0.10317460317460313
4 0.4308035714285714 0.5291005291005291 0.046130952380952335 0.1763668430335097
4 0.6411210317460317 0.5277777777777778 0.08283730158730158 0.18077601410934746
4 0.6066468253968255 0.6843033509700177 0.11408730158730158 0.17460317460317454
4 0.10615079365079368 0.6772486772486772 0.11408730158730161 0.19047619047619044
4 0.38938492063492064 0.8527336860670195 0.07142857142857138 0.19576719576719584
4 0.49007936507936506 0.9074074074074073 0.12400793650793653 0.1728395061728395
4 0.1619543650793651 0.946208112874778 0.07390873015873008 0.10758377425044031
1 0.8901289682539687 0.3589065255731923 0.21974206349206313 0.1305114638447971
0 0.2229662698412696 0.5776014109347443 0.4459325396825392 0.2345679012345679
