5 0.35349 0.406205 0.013799 0.012987
6 0.4469446378830083 0.2841225626740947 0.05092270194986071 0.15041782729805014
3 0.2040825208913649 0.4073816155988858 0.05248955431754876 0.13231197771587744
2 0.1629526462395543 0.3934540389972145 0.13944986072423396 0.17688022284122565
4 0.2342444289693593 0.4282729805013928 0.048572423398328686 0.18245125348189417
4 0.27302402506963785 0.4073816155988858 0.06189066852367684 0.19637883008356552
4 0.2957433844011142 0.5236768802228413 0.06815807799442894 0.22562674094707524
4 0.4500783426183843 0.40668523676880225 0.07599233983286907 0.1643454038997215
4 0.5519237465181057 0.3412256267409471 0.060323816155988794 0.1364902506963788
4 0.5903116295264623 0.4505571030640668 0.08696030640668524 0.19359331476323122
4 0.6706128133704735 0.5201949860724234 0.10497910863509738 0.16852367688022285
1 0.7215355153203333 0.4498607242339832 0.5389972144846789 0.17827298050139223
4 0.037996169916434536 0.5508356545961003 0.06345752089136489 0.266016713091922
1 0.22680188022284103 0.7520891364902507 0.45360376044568207 0.3565459610027856
