5 0.5746445497630331 0.7155898876404495 0.01026856240126385 0.02106741573033716
4 0.6822916666666665 0.3302469135802469 0.10267857142857131 0.17195767195767192
4 0.6411210317460317 0.28968253968253965 0.08085317460317469 0.14726631393298056
4 0.6143353174603174 0.6199294532627866 0.11954365079365083 0.21693121693121697
4 0.4293154761904761 0.7976190476190476 0.16319444444444442 0.27954144620811294
4 0.26537698412698413 0.4285714285714286 0.11805555555555557 0.20458553791887135
4 0.40897817460317454 0.3068783068783069 0.0887896825396826 0.17813051146384484
4 0.44965277777777773 0.2777777777777778 0.046130952380952335 0.162257495590829
3 0.49379960317460314 0.22266313932980597 0.06597222222222228 0.18253968253968253
4 0.5756448412698413 0.20767195767195765 0.0481150793650793 0.1754850088183422
6 0.008432539682539682 0.3064373897707231 0.016865079365079364 0.16490299823633162
2 0.47073412698412753 0.22001763668430324 0.1269841269841269 0.1525573192239857
1 0.42261904761904767 0.6278659611992944 0.6259920634920635 0.4250440917107581
1 0.863839285714285 0.2896825396825392 0.27232142857142844 0.26014109347442615
