5 0.633369 0.773029 0.012464 0.014561999999999999
6 0.85354282729805 0.3307799442896936 0.03682103064066851 0.13231197771587744
4 0.9217009052924791 0.5696378830083565 0.12613161559888567 0.16155988857938708
4 0.6102889972144847 0.4122562674094708 0.07207520891364907 0.12813370473537603
4 0.6518105849582173 0.5974930362116991 0.07207520891364894 0.2061281337047354
4 0.5104021587743732 0.4568245125348189 0.04935584958217269 0.10306406685236766
4 0.28595055710306405 0.4686629526462396 0.08147632311977716 0.12952646239554327
4 0.24129526462395542 0.6984679665738162 0.1175139275766017 0.19080779944289702
4 0.8508008356545957 0.9456824512534812 0.10027855153203385 0.10863509749303761
1 0.8691678272980498 0.8544568245125346 0.2616643454038993 0.2910863509749303
1 0.6635619777158768 0.5250696378830084 0.46535515320334175 0.16713091922005557
