5 0.7096651445966515 0.47361299052774014 0.00989345509893468 0.018944519621109636
4 0.8950892857142858 0.5476190476190476 0.06299603174603177 0.16754850088183418
4 0.6316964285714286 0.45458553791887124 0.04117063492063494 0.13139329805996475
4 0.6636904761904762 0.42107583774250446 0.041666666666666574 0.14197530864197525
4 0.5245535714285715 0.44576719576719576 0.06299603174603177 0.05908289241622583
4 0.5260416666666667 0.3884479717813051 0.04315476190476197 0.12257495590828917
4 0.40029761904761907 0.4144620811287478 0.03670634920634924 0.0881834215167548
4 0.38070436507936506 0.39285714285714285 0.06894841269841273 0.11199294532627874
4 0.2725694444444444 0.6181657848324515 0.05704365079365079 0.17813051146384487
1 0.4260912698412697 0.5709876543209876 0.49900793650793646 0.1666666666666673
1 0.08978174603174605 0.8712522045855381 0.17956349206349206 0.25749559082892354
