5 0.621486 0.565552 0.005904 0.013995
6 0.9208829365079364 0.4629629629629629 0.059027777777777575 0.1534391534391535
1 0.8325892857142857 0.6331569664902998 0.3348214285714286 0.1763668430335097
4 0.8167162698412699 0.7570546737213404 0.05704365079365076 0.21957671957671948
4 0.6698908730158731 0.5004409171075838 0.04811507936507937 0.14021164021164018
4 0.3901289682539682 0.5361552028218695 0.03720238095238095 0.13227513227513227
4 0.410218253968254 0.6415343915343915 0.05456349206349202 0.14726631393298056
4 0.22470238095238096 0.4955908289241623 0.038690476190476206 0.14991181657848324
4 0.34499007936507936 0.8192239858906527 0.06597222222222218 0.2398589065255733
4 0.06696428571428571 0.5648148148148148 0.04662698412698412 0.134920634920635
4 0.06473214285714285 0.48500881834215165 0.03819444444444445 0.10934744268077601
0 0.05704365079365079 0.910493827160494 0.11408730158730158 0.17901234567901228
