5 0.48515981735159813 0.6326116373477673 0.014459665144596628 0.020297699594046037
6 0.9236111111111112 0.10317460317460317 0.04365079365079353 0.10405643738977073
4 0.7901785714285714 0.3447971781305115 0.04761904761904745 0.17989417989417988
4 0.7542162698412699 0.5934744268077601 0.06398809523809533 0.23456790123456792
4 0.5069444444444444 0.21869488536155202 0.027777777777777787 0.09523809523809522
4 0.47172619047619047 0.2429453262786596 0.033730158730158735 0.1049382716049383
4 0.4456845238095238 0.34347442680776014 0.05704365079365076 0.1472663139329806
4 0.39856150793650796 0.359347442680776 0.05406746031746032 0.17901234567901236
4 0.3973214285714286 0.5705467372134039 0.07242063492063501 0.2134038800705467
4 0.05381944444444445 0.5317460317460317 0.1076388888888889 0.22045855379188717
6 0.2160218253968253 0.8835978835978837 0.11160714285714296 0.22222222222222257
0 0.6282242063492066 0.3999118165784832 0.5183531746031752 0.2442680776014111
