5 0.444167 0.6067319999999999 0.005935 0.009497
4 0.8070436507936507 0.5837742504409171 0.041666666666666574 0.12698412698412695
6 0.8591269841269841 0.9528218694885362 0.05555555555555557 0.09435626102292773
4 0.677827380952381 0.6313932980599647 0.046130952380952266 0.15520282186948856
4 0.6532738095238095 0.5802469135802468 0.0456349206349207 0.14462081128747792
4 0.5935019841269841 0.5436507936507937 0.047123015873015955 0.14197530864197538
4 0.529265873015873 0.7341269841269841 0.052579365079365135 0.1825396825396824
4 0.5104166666666666 0.6014109347442681 0.04861111111111114 0.11816578483245159
4 0.5014880952380952 0.5471781305114639 0.04067460317460316 0.10846560846560849
4 0.3162202380952381 0.6794532627865962 0.06795634920634917 0.14197530864197533
6 0.11507936507936507 0.8589065255731921 0.06448412698412699 0.27336860670194013
3 0.14583333333333331 0.6044973544973545 0.053571428571428596 0.14550264550264544
2 0.047619047619047616 0.6155202821869489 0.09226190476190477 0.15873015873015872
1 0.21726190476190507 0.8849206349206348 0.42658730158730224 0.22663139329806023
1 0.5044642857142837 0.604938271604938 0.4325396825396812 0.15696649029982382
