5 0.718344 0.539683 0.008117 0.011544
6 0.7086089832869081 0.38231197771587744 0.030553621169916455 0.054317548746518014
6 0.5170612813370472 0.37534818941504183 0.020369080779944256 0.07660167130919227
4 0.3443158077994428 0.3934540389972145 0.052489554317548724 0.07381615598885795
4 0.47593140668523676 0.4596100278551532 0.04622214484679667 0.08635097493036206
4 0.37056058495821725 0.5062674094707521 0.08147632311977716 0.11002785515320333
4 0.502959610027855 0.7367688022284122 0.11751392757660156 0.13927576601671304
4 0.6588614206128134 0.5473537604456824 0.053272980501392765 0.09192200557103071
4 0.6760967966573815 0.504874651810585 0.07677576601671313 0.09888579387186625
4 0.13004874651810586 0.9512534818941504 0.10497910863509748 0.09749303621169915
0 0.2902594011142061 0.6469359331476322 0.37056058495821725 0.2214484679665733
1 0.8652506963788303 0.4568245125348188 0.2553969359331477 0.11420612813370473
