5 0.557762 0.5328459999999999 0.009058 0.009084
6 0.140233286908078 0.41364902506963785 0.042305013927576594 0.15598885793871872
4 0.45673746518105846 0.4456824512534818 0.045438718662952696 0.12534818941504178
4 0.46692200557103064 0.46100278551532026 0.07520891364902503 0.11977715877437327
4 0.7391626044568244 0.6239554317548747 0.14336699164345404 0.18105849582172695
4 0.6576862813370474 0.6887186629526463 0.06659122562674086 0.16016713091922008
4 0.44302750696378823 0.7952646239554317 0.0822597493036212 0.2256267409470752
4 0.6294829387186628 0.9317548746518106 0.06502437325905298 0.13091922005571036
4 0.2330692896935933 0.5675487465181058 0.08382660167130922 0.14902506963788306
4 0.1641277855153203 0.6385793871866295 0.05405640668523676 0.18802228412256278
0 0.4630048746518106 0.8335654596100275 0.5969707520891364 0.2883008356545957
