5 0.17313581835856007 0.515348616974496 0.0102505968814663 0.013430039852683961
3 0.9382440476190476 0.5088183421516754 0.028273809523809347 0.13756613756613753
4 0.9109623015873015 0.5326278659611993 0.04216269841269849 0.14462081128747797
4 0.8427579365079364 0.4942680776014109 0.0634920634920634 0.11728395061728399
4 0.8293650793650794 0.47927689594356265 0.045634920634920494 0.12081128747795411
4 0.697172619047619 0.48104056437389775 0.051091269841269875 0.13139329805996475
4 0.5595238095238095 0.6812169312169312 0.07440476190476182 0.1878306878306877
4 0.5119047619047619 0.5308641975308642 0.04166666666666671 0.13403880070546742
4 0.4615575396825397 0.5515873015873016 0.07490079365079368 0.10846560846560849
4 0.3169642857142857 0.48897707231040566 0.048611111111111105 0.10846560846560849
4 0.140625 0.4797178130511464 0.06299603174603176 0.1128747795414462
4 0.46378968253968256 0.9409171075837743 0.04861111111111114 0.11640211640211647
0 0.03596230158730156 0.8179012345679023 0.07192460317460311 0.18783068783068818
1 0.6329365079365077 0.5264550264550266 0.3680555555555553 0.13227513227513207
1 0.8715277777777771 0.802028218694884 0.2569444444444445 0.26895943562610136
2 0.9893353174603174 0.5198412698412698 0.020337301587301647 0.09964726631393289
