5 0.555864 0.5303530000000001 0.005958 0.006209
6 0.16021825396825398 0.4184303350970018 0.04166666666666668 0.15079365079365076
4 0.4672619047619048 0.4523809523809524 0.0436507936507936 0.1287477954144621
4 0.48164682539682535 0.4642857142857143 0.06448412698412696 0.11375661375661374
4 0.6666666666666665 0.6878306878306879 0.05753968253968246 0.1710758377425045
4 0.7824900793650794 0.626984126984127 0.06200396825396837 0.18518518518518504
4 0.6369047619047619 0.9285714285714286 0.06349206349206354 0.1358024691358024
4 0.4310515873015873 0.7980599647266314 0.05853174603174601 0.21693121693121697
0 0.4831349206349198 0.8368606701940035 0.6011904761904754 0.28395061728395066
4 0.21676587301587305 0.5705467372134039 0.048611111111111105 0.14638447971781304
4 0.16790674603174605 0.6335978835978837 0.04414682539682541 0.18959435626102292
