5 0.38985 0.578727 0.005342 0.007597
3 0.4383269498607242 0.5940111420612812 0.044655292479108655 0.13788300835654602
4 0.48141538997214484 0.5334261838440111 0.03995473537604461 0.14484679665738162
4 0.5166695682451252 0.5243732590529249 0.027419916434540496 0.16016713091922008
4 0.49120821727019487 0.6636490250696379 0.04857242339832872 0.1768802228412256
4 0.5836525069637882 0.6260445682451254 0.053272980501392765 0.17130919220055724
4 0.6459348885793872 0.5564066852367688 0.08069289693593319 0.16573816155988857
4 0.6905901810584958 0.6337047353760447 0.03995473537604454 0.19777158774373263
4 0.7215355153203342 0.6559888579387188 0.04073816155988865 0.21448467966573814
4 0.8782207520891364 0.604456824512535 0.03603760445682454 0.18105849582172687
6 0.27067374651810583 0.8196378830083566 0.06972493036211702 0.28272980501392764
1 0.44537778551532026 0.8864902506963784 0.6275243732590529 0.21587743732590442
1 0.8039693593314763 0.6162952646239549 0.39206128133704754 0.17409470752089112
2 0.35959261838440104 0.6023676880222841 0.10027855153203344 0.17130919220055715
