5 0.24472399999999997 0.683261 0.008929 0.007215
3 0.5213701253481894 0.5717270194986073 0.0932277158774373 0.10167130919220063
2 0.5119690111420613 0.5431754874651811 0.12769846796657383 0.17827298050139276
4 0.6463266016713092 0.5327298050139275 0.042305013927576594 0.19080779944289694
4 0.7411211699164345 0.5779944289693593 0.07207520891364907 0.19220055710306405
4 0.7654073816155988 0.4930362116991644 0.05954038997214482 0.16991643454039
4 0.8880135793871865 0.5954038997214485 0.11359679665738157 0.17966573816155978
4 0.6557277158774372 0.75 0.1833217270194985 0.18802228412256272
4 0.427358983286908 0.8161559888579387 0.15120125348189403 0.22841225626740966
4 0.353325208913649 0.5738161559888579 0.15668523676880217 0.20055710306406682
4 0.2604892061281337 0.5626740947075208 0.10106197771587745 0.18105849582172703
1 0.9054230501392746 0.5981894150417828 0.18915389972144844 0.20473537604456823
1 0.48650766016713076 0.8725626740947076 0.7411211699164343 0.2548746518105845
