5 0.4889415481832543 0.43960674157303375 0.01263823064770925 0.0168539325842697
3 0.7676091269841271 0.6318342151675485 0.05605158730158721 0.1649029982363316
2 0.8291170634920622 0.64373897707231 0.13144841269841234 0.18871252204585529
4 0.9603174603174602 0.6688712522045855 0.07936507936507936 0.1649029982363315
4 0.6086309523809524 0.539241622574956 0.11507936507936503 0.154320987654321
4 0.6217757936507937 0.6574074074074074 0.0620039682539683 0.19664902998236336
4 0.4838789682539679 0.6891534391534391 0.10962301587301561 0.20017636684303333
4 0.296875 0.5299823633156967 0.08680555555555557 0.13403880070546742
4 0.4379960317460318 0.4069664902998237 0.07341269841269842 0.05908289241622576
4 0.4603174603174603 0.3668430335097001 0.08134920634920632 0.10582010582010579
4 0.020089285714285716 0.6820987654320987 0.04017857142857143 0.22486772486772494
1 0.28100198412698413 0.6327160493827161 0.5193452380952381 0.26366843033509707
1 0.7552083333333325 0.9404761904761907 0.4895833333333323 0.11904761904761875
