5 0.5418569254185692 0.7043301759133965 0.01065449010654497 0.014884979702300427
6 0.6574900793650794 0.1847442680776014 0.028273809523809347 0.11552028218694885
3 0.9124503968253967 0.2742504409171076 0.045138888888889 0.13051146384479723
2 0.9563492063492063 0.26940035273368607 0.08234126984126988 0.13139329805996472
4 0.6411210317460317 0.4029982363315696 0.055059523809523794 0.13051146384479714
4 0.6780753968253967 0.5793650793650794 0.04960317460317455 0.1569664902998236
4 0.47668650793650796 0.6732804232804233 0.06051587301587297 0.16313932980599646
4 0.3640873015873016 0.5008818342151675 0.046626984126984114 0.14814814814814808
4 0.12103174603174603 0.41313932980599644 0.046626984126984114 0.13844797178130513
4 0.21726190476190474 0.5652557319223986 0.07043650793650795 0.1552028218694886
4 0.45436507936507936 0.8165784832451499 0.11309523809523803 0.13227513227513227
4 0.4022817460317461 0.9206349206349206 0.0674603174603174 0.1499118165784833
6 0.5158730158730159 0.9091710758377425 0.1369047619047619 0.1358024691358024
4 0.19270833333333331 0.9501763668430334 0.06795634920634923 0.09259259259259252
0 0.044146825396825386 0.5608465608465609 0.0863095238095238 0.21340388007054684
1 0.5954861111111114 0.2548500881834215 0.3249007936507934 0.14109347442680775
1 0.8459821428571427 0.5414462081128746 0.30803571428571414 0.28218694885361595
