5 0.7061690000000002 0.684704 0.008117 0.012987
4 0.8353174603174602 0.6093474426807759 0.1398809523809524 0.20634920634920625
6 0.3003472222222222 0.31966490299823636 0.03125 0.13492063492063494
4 0.1324404761904762 0.7063492063492063 0.13988095238095238 0.21516754850088177
4 0.12276785714285715 0.41313932980599644 0.050099206349206345 0.1490299823633157
4 0.06820436507936507 0.42857142857142855 0.05009920634920635 0.1657848324514991
3 0.05257936507936508 0.3941798941798942 0.03571428571428571 0.1375661375661376
2 0.03546626984126984 0.38977072310405647 0.06498015873015872 0.14814814814814817
1 0.46875 0.427689594356261 0.43948412698412703 0.13227513227513227
1 0.13120039682539683 0.6829805996472663 0.26240079365079366 0.3007054673721342
