5 0.7122560000000001 0.536797 0.007305000000000001 0.011544
4 0.4996366279069768 0.735142118863049 0.11264534883720934 0.1343669250645995
4 0.36627906976744184 0.5038759689922481 0.07122093023255814 0.11111111111111122
4 0.46329941860465107 0.4631782945736434 0.05450581395348863 0.10465116279069758
4 0.6580668604651163 0.5452196382428941 0.04869186046511629 0.10077519379844958
4 0.6744186046511629 0.5096899224806202 0.06686046511627908 0.12273901808785538
4 0.5090843023255814 0.3688630490956072 0.026889534883720926 0.07105943152454784
4 0.7009447674418604 0.3856589147286822 0.041424418604651264 0.06847545219638249
4 0.3270348837209302 0.38888888888888884 0.02180232558139533 0.06718346253229975
4 0.12972383720930233 0.9476744186046511 0.09665697674418607 0.1020671834625324
0 0.285610465116279 0.6492248062015504 0.37790697674418605 0.22351421188630488
1 0.8622819767441863 0.45348837209302323 0.2638081395348836 0.1033591731266152
1 0.9887354651162791 0.6621447028423774 0.022529069767441855 0.13824289405684753
