5 0.6854710000000002 0.632035 0.007305000000000001 0.01443
4 0.8754960317460316 0.7116402116402116 0.0873015873015872 0.20634920634920634
4 0.8072916666666665 0.5357142857142857 0.07589285714285708 0.19841269841269835
4 0.7495039682539684 0.6027336860670194 0.06845238095238088 0.21957671957671948
4 0.701636904761904 0.5057319223985884 0.12847222222222238 0.1596119929453261
3 0.6153273809523809 0.5268959435626103 0.08482142857142855 0.13668430335097007
2 0.5935019841269845 0.5004409171075839 0.13541666666666669 0.1754850088183424
4 0.42807539682539686 0.626984126984127 0.11805555555555557 0.1763668430335096
4 0.2626488095238095 0.7896825396825394 0.10069444444444456 0.2354497354497354
4 0.2108134920634921 0.6878306878306879 0.09821428571428573 0.23809523809523797
4 0.043402777777777776 0.7363315696649031 0.08382936507936507 0.22045855379188717
1 0.9511408730158729 0.5401234567901229 0.09771825396825402 0.17548500881834211
1 0.5672123015873008 0.848765432098765 0.7663690476190466 0.29541446208112865
