5 0.43917851500789895 0.3230337078651685 0.009478672985781955 0.022471910112359553
4 0.935515873015873 0.3637566137566137 0.06646825396825391 0.14550264550264555
4 0.9702380952380952 0.5004409171075838 0.04662698412698418 0.16843033509700184
4 0.7192460317460313 0.6887125220458552 0.0664682539682539 0.18165784832451437
4 0.625 0.48500881834215165 0.07837301587301575 0.199294532627866
4 0.5066964285714285 0.38359788359788355 0.09275793650793673 0.13756613756613756
4 0.523313492063492 0.300705467372134 0.08234126984126981 0.10405643738977069
4 0.31522817460317465 0.6106701940035273 0.11755952380952384 0.2019400352733686
1 0.386160714285714 0.4810405643738973 0.4707341269841265 0.2072310405643737
1 0.12822420634920617 0.8505291005291 0.25644841269841234 0.2989417989417986
