5 0.5319634703196346 0.43978349120433025 0.009132420091324178 0.016238159675236757
4 0.9205257660167131 0.5438718662952646 0.10184540389972142 0.2158774373259053
4 0.8218140668523677 0.8133704735376045 0.12378133704735361 0.33426183844011137
4 0.5746431058495821 0.38997214484679665 0.0383878830083566 0.13091922005571036
4 0.5695508356545961 0.39415041782729804 0.07990947075208908 0.11142061281337043
4 0.4351932451253482 0.46935933147632314 0.08852715877437334 0.1532033426183844
4 0.35097493036211697 0.5703342618384402 0.04857242339832865 0.21309192200557106
4 0.3153290389972145 0.6448467966573815 0.07599233983286907 0.21727019498607233
6 0.20878307799442894 0.3906685236768802 0.02741991643454039 0.10724233983286907
4 0.18763057103064062 0.5020891364902507 0.04622214484679663 0.11559888579387184
4 0.21583391364902504 0.44568245125348194 0.10732938718662954 0.13091922005571036
2 0.033295612813370457 0.5292479108635095 0.04935584958217267 0.1699164345403899
2 0.027028203342618386 0.5292479108635098 0.049355849582172706 0.13649025069637888
1 0.5295961002785512 0.5766016713091919 0.5123607242339832 0.16434540389972155
1 0.13749129526462386 0.8655988857938713 0.27498259052924773 0.2688022284122562
