5 0.329951 0.808802 0.008929 0.012987
6 0.6326166434540389 0.2764623955431755 0.032120473537604395 0.1350974930362117
3 0.31728760445682447 0.4073816155988858 0.05013927576601674 0.15181058495821723
2 0.3098450557103064 0.3997214484679666 0.11516364902506965 0.13927576601671304
4 0.35489206128133705 0.44011142061281333 0.04073816155988851 0.15598885793871858
4 0.40111420612813364 0.4233983286908078 0.072075208913649 0.1643454038997215
4 0.4465529247910862 0.43036211699164345 0.05170612813370475 0.1476323119777159
4 0.48141538997214484 0.45752089136490254 0.06189066852367688 0.1713091922005571
4 0.5836525069637882 0.48816155988857934 0.1457172701949861 0.1880222841225627
4 0.6459348885793872 0.5779944289693593 0.14336699164345384 0.21169916434540384
4 0.8652942200557102 0.45334261838440115 0.11829735376044567 0.17688022284122568
1 0.7904334958217271 0.4505571030640668 0.41913300835654593 0.1545961002785518
4 0.27850800835654593 0.7026462395543175 0.13866643454038996 0.2688022284122563
1 0.2851671309192199 0.7123955431754873 0.5703342618384398 0.30779944289693584
