5 0.583604 0.662338 0.012987 0.01443
4 0.796875 0.5793650793650794 0.04216269841269849 0.13932980599647266
4 0.6512896825396826 0.5498236331569665 0.043650793650793676 0.14726631393298065
4 0.517609126984127 0.7597001763668431 0.06795634920634924 0.18783068783068785
4 0.4600694444444444 0.5088183421516754 0.03323412698412703 0.1534391534391534
4 0.4025297619047619 0.5771604938271605 0.03918650793650791 0.14726631393298056
4 0.40128968253968256 0.5158730158730159 0.08234126984126988 0.14814814814814825
4 0.2197420634920635 0.472663139329806 0.04761904761904763 0.13932980599647266
4 0.07068452380952381 0.5202821869488536 0.06597222222222222 0.1534391534391535
1 0.261656746031746 0.7045855379188711 0.523313492063492 0.21164021164021174
