5 0.6655251141552512 0.6955345060893099 0.012937595129375836 0.024357239512855244
6 0.4055059523809524 0.2720458553791887 0.02926587301587304 0.08553791887125221
4 0.21750992063492064 0.2998236331569665 0.033234126984126956 0.09171075837742503
4 0.2958829365079365 0.37081128747795417 0.050099206349206366 0.11199294532627867
4 0.28695436507936506 0.4510582010582011 0.06795634920634921 0.1384479717813052
4 0.16592261904761904 0.4607583774250441 0.09672619047619045 0.1261022927689595
4 0.37375992063492064 0.6516754850088183 0.1443452380952381 0.19753086419753088
4 0.5510912698412699 0.5599647266313933 0.1448412698412698 0.14285714285714285
4 0.730406746031746 0.47354497354497355 0.04811507936507937 0.15696649029982368
4 0.7348710317460316 0.27248677248677244 0.0431547619047619 0.09523809523809529
4 0.5731646825396831 0.8271604938271602 0.15029761904761918 0.17283950617283927
1 0.9092261904761904 0.3637566137566136 0.18154761904761887 0.12081128747795397
0 0.2628968253968253 0.5683421516754851 0.47619047619047605 0.23368606701940045
