5 0.8645830000000001 0.6647669999999999 0.011218 0.018044
6 0.3975694444444444 0.2896825396825397 0.05704365079365076 0.17724867724867724
6 0.48933531746031744 0.605379188712522 0.050099206349206254 0.23721340388007056
3 0.5295138888888892 0.3831569664902995 0.06299603174603201 0.16313932980599638
2 0.5525793650793651 0.38139329805996475 0.11011904761904759 0.1631393298059965
4 0.7318948412698413 0.6291887125220458 0.055059523809523794 0.1719576719576719
4 0.7155257936507937 0.5753968253968255 0.10466269841269848 0.16313932980599652
4 0.4722222222222222 0.4506172839506173 0.05753968253968253 0.17813051146384482
4 0.4412202380952381 0.5912698412698413 0.08283730158730158 0.20723104056437391
4 0.3866567460317461 0.6186067019400353 0.06597222222222221 0.21781305114638458
4 0.28422619047619047 0.6119929453262786 0.08730158730158727 0.20105820105820102
4 0.20833333333333331 0.5493827160493826 0.05654761904761905 0.20282186948853614
4 0.07862103174603174 0.4475308641975309 0.06696428571428573 0.19488536155202824
1 0.1408730158730159 0.40343915343915343 0.2817460317460318 0.18783068783068785
1 0.45213293650793623 0.716931216931217 0.6830357142857137 0.31922398589065354
