5 0.4597156398104265 0.37570224719101125 0.012638230647709392 0.015449438202247166
6 0.8807043650793651 0.33686067019400356 0.032242063492063405 0.14109347442680778
4 0.626984126984127 0.3955026455026455 0.04166666666666678 0.14197530864197533
4 0.5691964285714285 0.3284832451499118 0.047123015873015955 0.10846560846560842
4 0.5007440476190474 0.3179012345679013 0.049107142857142974 0.12433862433862451
4 0.42981150793650796 0.3999118165784833 0.061011904761904746 0.1278659611992945
4 0.3752480158730158 0.394620811287478 0.0500992063492064 0.12081128747795411
4 0.5186011904761905 0.6181657848324514 0.0620039682539683 0.17107583774250443
4 0.3323412698412698 0.8205467372134038 0.06944444444444439 0.2160493827160495
4 0.9642857142857143 0.7438271604938272 0.07142857142857138 0.22310405643738968
1 0.613343253968253 0.5740740740740743 0.5223214285714277 0.2698412698412702
1 0.912202380952381 0.9431216931216931 0.17261904761904773 0.10846560846560849
