5 0.47070015220700157 0.4485791610284168 0.005327245053272449 0.014884979702300427
6 0.3164682539682539 0.3941798941798942 0.03174603174603174 0.11816578483245152
4 0.05679563492063492 0.5268959435626103 0.0669642857142857 0.14373897707231045
1 0.12797619047619038 0.5026455026455028 0.2529761904761903 0.1287477954144616
4 0.5307539682539683 0.47266313932980597 0.04166666666666678 0.11111111111111108
4 0.5590277777777778 0.4431216931216932 0.042658730158730264 0.10846560846560842
4 0.6897321428571428 0.4268077601410934 0.04414682539682545 0.09876543209876537
4 0.7175099206349205 0.4298941798941799 0.033234126984126956 0.0996472663139329
4 0.7346230158730159 0.4841269841269842 0.05853174603174594 0.12169312169312171
4 0.9541170634920636 0.5388007054673721 0.05208333333333329 0.1569664902998236
4 0.6857638888888886 0.8888888888888892 0.08581349206349202 0.22222222222222215
0 0.8209325396825394 0.804673721340388 0.3571428571428569 0.3183421516754857
