5 0.461627 0.582067 0.005342 0.007518
6 0.45808531746031744 0.46913580246913583 0.02728174603174601 0.14638447971781304
4 0.7604166666666667 0.49382716049382713 0.038690476190476206 0.13051146384479723
4 0.8648313492063491 0.4783950617283951 0.042162698412698346 0.12081128747795418
4 0.9895833333333333 0.5357142857142857 0.02083333333333343 0.13492063492063494
4 0.9739583333333333 0.6737213403880071 0.052083333333333426 0.17636684303350975
4 0.8549107142857142 0.9387125220458553 0.06101190476190468 0.11904761904761899
4 0.7251984126984127 0.6507936507936507 0.06349206349206354 0.16049382716049387
1 0.34548611111111105 0.6159611992945322 0.4518849206349206 0.17019400352733693
1 0.13591269841269837 0.8985890652557323 0.27182539682539675 0.20282186948853576
