5 0.06290599999999999 0.611111 0.012175 0.015873
6 0.7266865079365078 0.14594356261022917 0.04861111111111118 0.11728395061728375
3 0.4603174603174603 0.22266313932980594 0.053571428571428464 0.13139329805996475
2 0.4570932539682539 0.22398589065255733 0.10168650793650791 0.13227513227513232
4 0.5220734126984127 0.24603174603174602 0.041170634920634865 0.14638447971781304
4 0.6478174603174603 0.37654320987654316 0.06746031746031747 0.18342151675485005
4 0.49007936507936506 0.3840388007054675 0.0763888888888889 0.1490299823633155
4 0.23635912698412695 0.2358906525573192 0.032242063492063516 0.13844797178130513
4 0.13566468253968253 0.5502645502645502 0.061011904761904746 0.24514991181657847
4 0.13120039682539683 0.4484126984126982 0.05505952380952378 0.14197530864197525
1 0.4030257936507933 0.4925044091710753 0.5471230158730157 0.26014109347442693
1 0.8459821428571414 0.27954144620811294 0.3070436507936507 0.14462081128747803
4 0.964781746031746 0.8487654320987654 0.07043650793650784 0.29365079365079366
