5 0.871617 0.672286 0.013355 0.015828
6 0.35739087301587297 0.30158730158730157 0.04811507936507937 0.17107583774250443
6 0.47098214285714285 0.6291887125220459 0.05803571428571431 0.22663139329805987
3 0.515625 0.4012345679012346 0.047123015873015886 0.1604938271604938
2 0.5205853174603174 0.3955026455026455 0.10863095238095234 0.15784832451499115
4 0.4657738095238095 0.4501763668430335 0.08035714285714285 0.17548500881834214
4 0.7259424603174603 0.5753968253968255 0.08878968253968253 0.14373897707231045
4 0.7430555555555556 0.6159611992945326 0.07341269841269848 0.16490299823633145
4 0.4136904761904762 0.6031746031746031 0.07242063492063494 0.19047619047619044
4 0.34871031746031744 0.6437389770723104 0.0674603174603174 0.21869488536155202
4 0.21800595238095238 0.6516754850088183 0.0699404761904762 0.19929453262786587
4 0.18452380952380953 0.5555555555555556 0.05853174603174601 0.19753086419753088
1 0.13120039682539686 0.4131393298059963 0.26041666666666674 0.17372134038800716
1 0.4295634920634916 0.7328042328042323 0.6597222222222214 0.30864197530864124
