5 0.1598173515981735 0.41136671177266576 0.010654490106544899 0.018944519621109636
6 0.5178571428571428 0.3712522045855379 0.038690476190476206 0.1834215167548501
4 0.40104166666666674 0.4501763668430335 0.06398809523809526 0.1772486772486773
4 0.5535714285714286 0.5476190476190477 0.09027777777777779 0.16931216931216939
4 0.5932539682539683 0.4828042328042328 0.0932539682539683 0.17901234567901247
4 0.603422619047619 0.44841269841269843 0.051091269841269875 0.18253968253968253
4 0.6081349206349206 0.43915343915343913 0.08432539682539691 0.15520282186948856
3 0.7529761904761904 0.48059964726631393 0.0744047619047619 0.1657848324514991
2 0.8412698412698413 0.4876543209876544 0.1378968253968253 0.18342151675485013
4 0.9432043650793651 0.5758377425044091 0.056051587301587345 0.199294532627866
4 0.9769345238095238 0.6574074074074073 0.04414682539682531 0.2901234567901234
4 0.8784722222222223 0.6243386243386244 0.10317460317460317 0.1657848324514991
4 0.7646329365079364 0.6089065255731922 0.08581349206349202 0.24426807760141095
1 0.2571924603174601 0.5330687830687834 0.5124007936507933 0.19312169312169336
1 0.7420634920634916 0.845238095238095 0.5158730158730153 0.30952380952381003
