5 0.8786149162861492 0.493234100135318 0.00989345509893468 0.01759133964817323
3 0.12822420634920637 0.4995590828924162 0.037202380952380966 0.14021164021164018
2 0.05778769841269841 0.527336860670194 0.10962301587301587 0.1569664902998236
4 0.19742063492063494 0.4916225749559083 0.03174603174603174 0.15608465608465608
4 0.3115079365079365 0.39726631393298056 0.025793650793650792 0.09082892416225746
4 0.2996031746031746 0.44841269841269843 0.028769841269841265 0.10493827160493822
4 0.27827380952380953 0.5414462081128748 0.05555555555555557 0.14109347442680778
1 0.4883432539682539 0.5291005291005292 0.3913690476190476 0.13756613756613778
4 0.6589781746031744 0.5555555555555556 0.047123015873016295 0.15520282186948828
4 0.740327380952381 0.45282186948853614 0.056051587301587345 0.08906525573192241
4 0.7817460317460316 0.48236331569664903 0.0505952380952381 0.11640211640211647
4 0.484375 0.6291887125220459 0.04414682539682531 0.15608465608465608
4 0.5327380952380952 0.9184303350970018 0.06150793650793652 0.16313932980599646
1 0.1716269841269841 0.8148148148148153 0.3432539682539682 0.29276895943562553
