5 0.7131857555341674 0.5654405474764757 0.0076997112608277974 0.00855431993156543
6 0.44224408077994426 0.3537604456824513 0.04935584958217269 0.20055710306406685
3 0.4120821727019498 0.511142061281337 0.050139275766016664 0.1643454038997215
2 0.3063196378830083 0.5306406685236769 0.14728412256267412 0.21727019498607242
4 0.2683234679665738 0.5835654596100279 0.05248955431754876 0.25069637883008355
4 0.6208652506963788 0.5522284122562674 0.09479456824512553 0.213091922005571
4 0.5104021587743732 0.5389972144846797 0.044655292479108655 0.19498607242339838
4 0.45987116991643445 0.4756267409470752 0.04387186629526461 0.14345403899721446
4 0.44929491643454034 0.6559888579387185 0.1026288300835654 0.21727019498607247
4 0.4199164345403899 0.6162952646239555 0.0830431754874651 0.2353760445682451
4 0.1629526462395543 0.7945682451253482 0.1833217270194986 0.29944289693593307
1 0.8339136490250695 0.587743732590529 0.33217270194985987 0.25626740947075255
1 0.36272632311977715 0.8885793871866298 0.7254526462395543 0.2228412256267404
