5 0.6704718417047184 0.5270635994587279 0.006088280060882738 0.012178619756427622
3 0.5203373015873016 0.44047619047619047 0.033730158730158735 0.11728395061728392
2 0.537202380952381 0.45767195767195773 0.08630952380952386 0.10229276895943563
6 0.8137400793650788 0.7063492063492061 0.07192460317460299 0.20634920634920578
4 0.8249007936507937 0.5405643738977072 0.09722222222222228 0.1252204585537919
4 0.35143849206349204 0.44841269841269843 0.03521825396825399 0.07495590828924165
4 0.3467261904761905 0.39285714285714285 0.0575396825396826 0.09435626102292773
4 0.12475198412698411 0.5013227513227513 0.06994047619047619 0.1119929453262786
4 0.10292658730158724 0.5740740740740743 0.07787698412698413 0.23104056437389836
1 0.17584325396825407 0.49955908289241685 0.35168650793650813 0.11375661375661406
1 0.5900297619047616 0.6697530864197527 0.47470238095238065 0.20899470899470876
