5 0.8969159999999999 0.46175999999999995 0.00974 0.011544
3 0.16245039682539683 0.3342151675485009 0.03422619047619046 0.1252204585537919
2 0.11334325396825397 0.3201058201058201 0.07291666666666666 0.12169312169312171
4 0.12996031746031747 0.3571428571428571 0.0376984126984127 0.14991181657848324
4 0.22519841269841273 0.36816578483245155 0.05158730158730154 0.11199294532627867
4 0.253968253968254 0.4109347442680776 0.05158730158730162 0.12169312169312171
4 0.6401289682539683 0.3201058201058201 0.045138888888888784 0.10229276895943559
4 0.6116071428571429 0.4334215167548501 0.05059523809523803 0.11022927689594354
4 0.6475694444444444 0.4347442680776014 0.04513888888888886 0.09700176366843039
4 0.47420634920634924 0.7120811287477955 0.06845238095238095 0.2054673721340388
4 0.6470734126984127 0.8558201058201058 0.09672619047619037 0.24250440917107569
6 0.9764384920634922 0.9567901234567902 0.045138888888888715 0.08465608465608469
1 0.48511904761904673 0.3245149911816577 0.341269841269841 0.13756613756613778
1 0.17733134920634913 0.5842151675485009 0.35466269841269826 0.2830687830687827
