5 0.862714 0.662393 0.011752 0.017094
6 0.40104166666666674 0.28835978835978837 0.060019841269841265 0.1851851851851852
6 0.4918154761904762 0.6058201058201058 0.051091269841269875 0.24691358024691362
3 0.5280257936507937 0.37918871252204583 0.06795634920634917 0.1657848324514991
2 0.5553075396825397 0.38403880070546736 0.11359126984126988 0.15961199294532627
4 0.7075892857142857 0.5793650793650794 0.09375 0.1728395061728395
4 0.7371031746031746 0.6278659611992945 0.0634920634920634 0.20458553791887127
4 0.4682539682539684 0.427689594356261 0.06547619047619063 0.15520282186948858
4 0.4417162698412699 0.6009700176366843 0.06795634920634917 0.20370370370370375
4 0.38864087301587297 0.6102292768959436 0.06101190476190481 0.2275132275132276
4 0.2894345238095238 0.6097883597883599 0.08978174603174605 0.207231040564374
4 0.2170138888888889 0.5559964726631393 0.04613095238095241 0.21428571428571425
4 0.09126984126984126 0.44532627865961205 0.06448412698412699 0.18342151675485013
1 0.14285714285714285 0.3999118165784833 0.2857142857142857 0.19135802469135796
1 0.4637896825396821 0.7191358024691356 0.6696428571428568 0.31834215167548385
