5 0.453763 0.5866840000000001 0.005342 0.007386
6 0.4933035714285714 0.466931216931217 0.02628968253968246 0.14197530864197533
4 0.7901785714285714 0.49206349206349204 0.03968253968253961 0.13580246913580246
4 0.9077380952380952 0.4841269841269842 0.03670634920634924 0.12698412698412703
4 0.9821428571428572 0.6803350970017636 0.03571428571428569 0.17901234567901234
4 0.7435515873015873 0.6529982363315696 0.05952380952380963 0.1666666666666667
4 0.8695436507936509 0.9365079365079364 0.06448412698412696 0.1234567901234567
3 0.022817460317460313 0.6150793650793651 0.04464285714285714 0.17019400352733682
1 0.3973214285714285 0.6177248677248675 0.4563492063492063 0.1701940035273374
1 0.16071428571428575 0.8963844797178133 0.3214285714285715 0.20723104056437314
