5 0.34913112164297 0.4726123595505618 0.01263823064770932 0.026685393258427014
6 0.9776785714285714 0.4792768959435626 0.04464285714285708 0.1613756613756614
4 0.45188492063492064 0.3972663139329806 0.04861111111111107 0.14726631393298056
4 0.5505952380952381 0.44797178130511467 0.04761904761904759 0.1287477954144621
4 0.6212797619047619 0.5714285714285714 0.052083333333333356 0.15520282186948856
4 0.65625 0.7266313932980598 0.05257936507936506 0.19753086419753083
1 0.6383928571428573 0.6181657848324512 0.464285714285714 0.23633156966490224
1 0.9129464285714286 0.9448853615520281 0.1741071428571429 0.10493827160493836
4 0.2867063492063492 0.48059964726631393 0.051587301587301584 0.1164021164021164
4 0.2899305555555556 0.451058201058201 0.04613095238095237 0.11199294532627867
4 0.38095238095238093 0.9572310405643739 0.06448412698412696 0.08201058201058188
4 0.21155753968253968 0.9135802469135803 0.0699404761904762 0.16931216931216922
