5 0.624733 0.5588789999999999 0.008013 0.013295
6 0.9074900793650794 0.45502645502645506 0.06200396825396837 0.15696649029982368
4 0.6495535714285714 0.49206349206349204 0.08283730158730158 0.14462081128747797
4 0.7976190476190476 0.7592592592592592 0.13591269841269848 0.22045855379188709
1 0.8224206349206349 0.6300705467372134 0.3551587301587301 0.18253968253968253
4 0.3988095238095238 0.5321869488536155 0.043650793650793676 0.13315696649029987
4 0.44320436507936506 0.6419753086419753 0.10863095238095234 0.1463844797178129
4 0.35788690476190477 0.8117283950617283 0.10962301587301586 0.23544973544973544
4 0.21924603174603174 0.4995590828924162 0.042658730158730195 0.14726631393298056
4 0.08333333333333334 0.5621693121693121 0.06944444444444443 0.14197530864197538
4 0.053323412698412696 0.501763668430335 0.04414682539682539 0.1604938271604938
0 0.04563492063492063 0.9193121693121694 0.09126984126984126 0.1613756613756614
