5 0.47443199999999996 0.501443 0.012175 0.010101
6 0.42286706349206354 0.2892416225749559 0.03224206349206348 0.1463844797178131
4 0.42063492063492064 0.41313932980599644 0.07142857142857138 0.1490299823633157
4 0.5280257936507937 0.3549382716049383 0.061011904761904816 0.14902998236331574
4 0.5642361111111112 0.45634920634920634 0.09573412698412696 0.17372134038800702
4 0.6589781746031746 0.5238095238095238 0.10367063492063508 0.19223985890652556
1 0.69593253968254 0.44753086419753096 0.5277777777777778 0.17019400352733666
4 0.2899305555555556 0.5396825396825397 0.06597222222222228 0.22574955908289232
4 0.2507440476190476 0.41666666666666663 0.052083333333333356 0.17548500881834214
4 0.21056547619047616 0.43606701940035286 0.049107142857142835 0.1895943562610228
3 0.18849206349206352 0.41358024691358025 0.05654761904761905 0.1375661375661376
2 0.13988095238095238 0.40299823633156967 0.1329365079365079 0.16931216931216928
4 0.03348214285714286 0.5608465608465608 0.06398809523809525 0.2610229276895943
1 0.21403769841269843 0.7491181657848324 0.4280753968253969 0.3465608465608472
