5 0.6874999999999999 0.893939 0.00974 0.010101
3 0.21180555555555558 0.25970017636684306 0.05059523809523807 0.13668430335097004
2 0.16889880952380953 0.26014109347442677 0.07787698412698411 0.13756613756613756
4 0.1917162698412698 0.2976190476190476 0.030257936507936484 0.11728395061728392
4 0.16418650793650794 0.29320987654320985 0.03472222222222222 0.13844797178130516
4 0.32192460317460314 0.2702821869488536 0.05158730158730154 0.1261022927689594
4 0.43601190476190477 0.25970017636684306 0.04563492063492063 0.12081128747795418
4 0.6299603174603176 0.2958553791887125 0.03670634920634924 0.14021164021164026
4 0.6383928571428572 0.4470899470899471 0.05753968253968239 0.14991181657848324
4 0.7569444444444444 0.4973544973544973 0.07936507936507922 0.1604938271604938
4 0.7405753968253969 0.855379188712522 0.09523809523809518 0.2486772486772486
4 0.451140873015873 0.603615520282187 0.11557539682539676 0.15432098765432095
1 0.20957341269841254 0.5365961199294533 0.41716269841269815 0.27248677248677233
1 0.5632440476190468 0.2738095238095238 0.3705357142857142 0.14726631393298056
