5 0.26461 0.690476 0.00974 0.010101
4 0.8903769841269841 0.5886243386243386 0.11706349206349202 0.17901234567901242
4 0.7574404761904762 0.5674603174603174 0.0625 0.1807760141093474
4 0.7705853174603174 0.4858906525573192 0.059027777777777714 0.17813051146384473
4 0.6651785714285714 0.5211640211640212 0.05257936507936506 0.1851851851851852
4 0.6500496031746031 0.7561728395061729 0.18700396825396828 0.20370370370370366
4 0.4248511904761905 0.8143738977072311 0.17013888888888878 0.20017636684303355
4 0.3551587301587302 0.5727513227513227 0.15773809523809523 0.20899470899470898
4 0.25297619047619047 0.5634920634920635 0.11408730158730158 0.17107583774250443
3 0.5295138888888888 0.5639329805996472 0.0818452380952381 0.12962962962962976
2 0.5240575396825397 0.5361552028218695 0.13839285714285715 0.17460317460317454
1 0.49751984126984083 0.865961199294532 0.7559523809523803 0.26455026455026365
1 0.9122023809523799 0.5908289241622575 0.17559523809523797 0.20987654320987587
