5 0.536526 0.6688309999999998 0.00974 0.012987
4 0.8049704038997214 0.5786908077994429 0.04622214484679674 0.13231197771587752
4 0.6592531337047354 0.5522284122562674 0.04935584958217277 0.15181058495821723
4 0.5225452646239553 0.7569637883008358 0.07050835654596092 0.17966573816155987
4 0.4481197771587743 0.5090529247910863 0.04387186629526468 0.16295264623955433
4 0.40072249303621166 0.5856545961002786 0.04778899721448475 0.16295264623955433
4 0.37212743732590525 0.5174094707520891 0.053272980501392765 0.14902506963788312
4 0.20995821727019495 0.4742339832869081 0.042305013927576594 0.13788300835654596
4 0.06502437325905293 0.5222841225626741 0.0564066852367688 0.15598885793871872
1 0.2608809192200557 0.6998607242339834 0.5201949860724233 0.2158774373259053
