5 0.501218 0.7186150000000001 0.013799 0.011544
6 0.4799107142857143 0.25793650793650796 0.042162698412698416 0.14902998236331577
3 0.14608134920634921 0.3994708994708995 0.08184523809523812 0.15873015873015867
2 0.12797619047619047 0.3999118165784833 0.13392857142857145 0.16666666666666663
4 0.2289186507936508 0.46604938271604934 0.05803571428571431 0.16843033509700178
4 0.263640873015873 0.421957671957672 0.0600198412698413 0.15079365079365076
4 0.31225198412698413 0.4572310405643739 0.0818452380952381 0.18077601410934754
4 0.18973214285714285 0.6750440917107585 0.1304563492063492 0.2671957671957672
4 0.3501984126984127 0.6882716049382717 0.0932539682539683 0.2530864197530864
4 0.503968253968254 0.4889770723104057 0.09920634920634924 0.20899470899470907
4 0.7837301587301587 0.4012345679012346 0.0982142857142857 0.18871252204585534
1 0.6736111111111112 0.439594356261023 0.5138888888888887 0.16313932980599646
1 0.20560515873015872 0.7328042328042328 0.41121031746031744 0.3421516754850088
