5 0.23741899999999996 0.852092 0.010552 0.018759
6 0.5592757936507937 0.2623456790123457 0.04910714285714292 0.1278659611992945
1 0.758184523809523 0.42945326278659607 0.4836309523809522 0.15696649029982332
4 0.7234623015873015 0.5282186948853616 0.07589285714285708 0.17107583774250443
4 0.7160218253968261 0.39947089947089964 0.043154761904762064 0.1128747795414462
4 0.5835813492063493 0.458994708994709 0.07490079365079375 0.1772486772486773
3 0.27306547619047616 0.37742504409171074 0.055059523809523794 0.14991181657848326
2 0.2564484126984127 0.37566137566137564 0.11607142857142855 0.13756613756613756
4 0.28447420634920634 0.4184303350970018 0.036210317460317436 0.13492063492063494
4 0.33035714285714285 0.404320987654321 0.060515873015873044 0.14021164021164018
4 0.40749007936507936 0.404320987654321 0.05803571428571431 0.15608465608465616
4 0.4367559523809524 0.41754850088183415 0.060019841269841265 0.1613756613756614
4 0.17584325396825395 0.7323633156966491 0.08085317460317461 0.27601410934744264
1 0.25669642857142855 0.6887125220458549 0.5124007936507936 0.3015873015873018
