5 0.36910197869101985 0.4580514208389716 0.010654490106544899 0.014884979702300427
3 0.7325034818941504 0.5396935933147632 0.03760445682451248 0.1573816155988858
2 0.7810759052924788 0.5515320334261835 0.14258356545960973 0.15877437325905272
4 0.6036298746518106 0.4233983286908078 0.05092270194986071 0.12813370473537603
4 0.560933147632312 0.3969359331476323 0.03603760445682447 0.14206128133704732
6 0.5350800835654596 0.38927576601671304 0.031337047353760424 0.13788300835654602
4 0.5194115598885793 0.4059888579387186 0.045438718662952626 0.11002785515320333
4 0.5382137883008355 0.48885793871866295 0.04857242339832865 0.13370473537604455
4 0.45947945682451247 0.41852367688022285 0.07755919220055717 0.13788300835654596
4 0.4677054317548746 0.5605849582172702 0.09244428969359327 0.15459610027855156
4 0.26127263231197767 0.5696378830083566 0.0822597493036212 0.19498607242339838
1 0.2553969359331477 0.5947075208913638 0.5013927576601672 0.15041782729804998
1 0.7590964484679665 0.8593314763231192 0.4818071030640668 0.28133704735376147
