5 0.611378 0.5451089999999998 0.005876 0.008547
6 0.971974206349206 0.46384479717813065 0.056051587301587984 0.15873015873015883
4 0.683531746031746 0.695326278659612 0.13988095238095247 0.1613756613756614
4 0.6302083333333334 0.5171957671957672 0.04910714285714292 0.12962962962962954
4 0.4305555555555556 0.8522927689594357 0.07638888888888892 0.24074074074074062
4 0.3618551587301587 0.6296296296296297 0.07490079365079368 0.14109347442680778
4 0.3194444444444444 0.537037037037037 0.03769841269841276 0.17989417989417988
4 0.25520833333333337 0.47663139329806 0.0838293650793651 0.134920634920635
4 0.14583333333333331 0.47354497354497355 0.06944444444444443 0.15696649029982368
4 0.06696428571428571 0.5520282186948853 0.06547619047619052 0.15873015873015844
0 0.13070436507936506 0.876543209876543 0.26041666666666663 0.24691358024691307
1 0.8891369047619048 0.6080246913580247 0.22172619047619052 0.17548500881834214
