5 0.728896 0.416306 0.011364 0.012987
3 0.5706845238095236 0.5432098765432097 0.05902777777777803 0.17107583774250423
2 0.5205853174603174 0.5330687830687831 0.1354166666666667 0.1913580246913581
4 0.5947420634920635 0.6080246913580247 0.06746031746031747 0.25661375661375674
4 0.6840277777777777 0.5573192239858906 0.07638888888888871 0.23633156966490304
4 0.6842757936507937 0.5097001763668431 0.08581349206349188 0.2257495590828924
4 0.7698412698412699 0.628747795414462 0.09623015873015874 0.1869488536155202
4 0.9104662698412699 0.5573192239858906 0.07192460317460317 0.1940035273368607
1 0.9196428571428572 0.5886243386243386 0.15873015873015858 0.20370370370370375
4 0.4632936507936508 0.6640211640211641 0.05952380952380949 0.19576719576719576
4 0.41691468253968256 0.8090828924162259 0.05605158730158721 0.28835978835978837
4 0.4464285714285714 0.8941798941798942 0.07837301587301589 0.20458553791887113
4 0.35168650793650796 0.8514109347442681 0.0694444444444445 0.28835978835978837
1 0.49280753968253976 0.8756613756613757 0.7971230158730159 0.24867724867724864
