5 0.459416 0.6818179999999999 0.00974 0.012987
3 0.5649801587301587 0.38183421516754845 0.06448412698412696 0.12345679012345677
2 0.5625 0.3752204585537919 0.11011904761904773 0.13492063492063486
4 0.623263888888889 0.42416225749559083 0.10267857142857154 0.1604938271604938
4 0.5193452380952381 0.45370370370370366 0.11111111111111108 0.18783068783068793
4 0.32638888888888884 0.5952380952380952 0.07738095238095237 0.1657848324514991
4 0.28422619047619047 0.7918871252204585 0.20734126984126985 0.26631393298059963
4 0.15947420634920637 0.7283950617283951 0.14136904761904762 0.24514991181657847
4 0.05009920634920635 0.7094356261022928 0.07738095238095238 0.19488536155202815
4 0.09499007936507936 0.6309523809523809 0.08680555555555555 0.18077601410934732
4 0.1480654761904762 0.5454144620811288 0.07589285714285716 0.2019400352733686
1 0.4935515873015873 0.6732804232804233 0.6319444444444444 0.29188712522045845
1 0.9119543650793653 0.441358024691358 0.17609126984126944 0.15255731922398585
