5 0.278446 0.658832 0.008814 0.012346
6 0.7661210317460317 0.42460317460317454 0.04414682539682531 0.16666666666666663
4 0.9456845238095238 0.46208112874779544 0.037202380952380876 0.1657848324514992
4 0.8896329365079364 0.6472663139329806 0.05406746031746024 0.17813051146384482
4 0.9370039682539684 0.7447089947089947 0.0505952380952381 0.20546737213403887
4 0.6468253968253969 0.6516754850088183 0.06448412698412703 0.181657848324515
6 0.3839285714285714 0.6071428571428571 0.047619047619047665 0.21075837742504397
2 0.35714285714285715 0.6322751322751323 0.1150793650793651 0.1798941798941798
4 0.9303075396825398 0.9492945326278659 0.09672619047619051 0.09611992945326278
4 0.7301587301587301 0.9316578483245149 0.06746031746031747 0.13315696649029973
1 0.45461309523809523 0.9065255731922399 0.7237103174603174 0.18694885361552027
1 0.8199404761904762 0.6538800705467372 0.36011904761904767 0.19664902998236328
