5 0.6093959999999999 0.735992 0.008153 0.013995
6 0.8543262534818941 0.3488857938718663 0.03682103064066837 0.137883008356546
4 0.9303185933147631 0.5766016713091922 0.1355327298050139 0.1532033426183844
4 0.6475017409470751 0.6239554317548746 0.06659122562674086 0.16155988857938716
4 0.8876218662952646 0.949164345403899 0.08147632311977679 0.10167130919220221
4 0.26989032033426175 0.7284122562674095 0.08382660167130919 0.20055710306406696
4 0.2961350974930362 0.49791086350974934 0.07677576601671313 0.1295264623955432
4 0.48376566852367686 0.4714484679665738 0.04778899721448468 0.09888579387186625
4 0.5961873259052923 0.4282729805013928 0.06737465181058504 0.1295264623955431
1 0.6549442896935931 0.5438718662952645 0.45908774373259026 0.15738161559888586
1 0.8686020194986065 0.8642061281337046 0.262795961002786 0.27158774373259087
