5 0.6004566210045662 0.5669824086603518 0.012176560121765547 0.0162381596752369
6 0.5950121866295264 0.21657381615598886 0.030553621169916455 0.09888579387186627
6 0.352541782729805 0.2834261838440112 0.029770194986072303 0.11838440111420608
6 0.46496344011142055 0.5487465181058496 0.04778899721448468 0.19498607242339838
4 0.8754787604456824 0.40041782729805014 0.09166086350974922 0.12395543175487461
4 0.8743036211699163 0.6079387186629525 0.12691504178272953 0.2047353760445684
0 0.8162865598885783 0.48676880222841246 0.36742688022284026 0.24651810584958223
1 0.1782294568245125 0.2618384401114206 0.3063196378830083 0.09192200557103063
4 0.27968314763231195 0.35236768802228413 0.07677576601671313 0.11420612813370472
1 0.018018802228412255 0.44428969359331477 0.03603760445682451 0.10584958217270199
4 0.5335132311977716 0.4561281337047354 0.06424094707520894 0.1406685236768803
4 0.503743036211699 0.44150417827298044 0.045438718662952626 0.12256267409470745
4 0.5331215181058496 0.5710306406685237 0.043088440111420566 0.16434540389972135
4 0.4630048746518105 0.5668523676880223 0.08461002785515326 0.1643454038997214
4 0.3928882311977715 0.6796657381615598 0.06659122562674093 0.22005571030640658
4 0.46535515320334253 0.6894150417827299 0.072075208913649 0.20612813370473546
