5 0.8592409999999999 0.6604939999999999 0.013355 0.015195
6 0.4099702380952381 0.28174603174603174 0.05902777777777778 0.18606701940035272
6 0.49429563492063494 0.5996472663139331 0.047123015873015955 0.25044091710758387
3 0.53125 0.37786596119929455 0.06746031746031747 0.1560846560846561
2 0.558531746031746 0.3778659611992945 0.11011904761904766 0.16666666666666669
4 0.7539682539682536 0.5855379188712511 0.18750000000000014 0.19400352733686158
4 0.7281746031746031 0.6190476190476191 0.05853174603174608 0.19753086419753088
4 0.48338293650793646 0.43474426807760147 0.11557539682539676 0.16931216931216939
4 0.43973214285714285 0.5921516754850088 0.06894841269841265 0.1843033509700176
4 0.3936011904761905 0.6102292768959434 0.05902777777777784 0.2239858906525573
4 0.3043154761904762 0.5992063492063493 0.08978174603174598 0.207231040564374
4 0.22519841269841273 0.5564373897707232 0.04761904761904763 0.21693121693121703
4 0.11086309523809523 0.43650793650793657 0.07787698412698413 0.17989417989417994
1 0.1460813492063492 0.39373897707231026 0.2881944444444444 0.1807760141093477
1 0.46552579365079283 0.7134038800705472 0.6731150793650784 0.313932980599647
