5 0.461251 0.597377 0.006575 0.006575
3 0.34920634920634924 0.5983245149911817 0.041666666666666644 0.12962962962962954
2 0.2725694444444444 0.6062610229276896 0.10168650793650795 0.1543209876543211
6 0.2534722222222222 0.8315696649029982 0.06349206349206347 0.27336860670194
1 0.3524305555555555 0.880511463844797 0.597718253968254 0.238977072310406
4 0.878968253968254 0.601410934744268 0.03174603174603177 0.1657848324514991
4 0.7378472222222221 0.6547619047619048 0.04017857142857139 0.1719576719576719
4 0.712549603174603 0.6287477954144621 0.033234126984126956 0.16931216931216939
4 0.6825396825396826 0.562610229276896 0.04166666666666671 0.14285714285714285
4 0.5496031746031745 0.5251322751322751 0.037698412698412724 0.1261022927689595
4 0.5424107142857142 0.5533509700176367 0.06498015873015874 0.11199294532627867
4 0.5647321428571428 0.6820987654320987 0.052083333333333426 0.16666666666666657
4 0.4600694444444444 0.6768077601410935 0.05009920634920648 0.16666666666666663
1 0.7413194444444438 0.608906525573192 0.4637896825396822 0.15608465608465621
