5 0.47263999999999995 0.6321480000000002 0.007897 0.011148
6 0.6939484126984127 0.9484126984126984 0.04067460317460316 0.0996472663139329
6 0.015625000000000003 0.9109347442680774 0.03125000000000001 0.17460317460317454
4 0.1817956349206349 0.6596119929453264 0.04811507936507935 0.17989417989417988
4 0.5949900793650794 0.7292768959435625 0.10863095238095241 0.15343915343915357
4 0.7666170634920636 0.5529100529100529 0.05208333333333329 0.1375661375661376
4 0.6331845238095238 0.5268959435626103 0.052083333333333426 0.1261022927689595
4 0.6101190476190476 0.5798059964726632 0.059523809523809416 0.11904761904761905
4 0.5620039682539683 0.623015873015873 0.08035714285714285 0.09964726631393298
4 0.5327380952380952 0.564373897707231 0.047619047619047665 0.13756613756613767
1 0.2507440476190473 0.6119929453262789 0.45783730158730096 0.16931216931216922
1 0.08878968253968252 0.9052028218694882 0.177579365079365 0.18959435626102258
4 0.5505952380952381 0.5405643738977074 0.052579365079365135 0.11111111111111115
