5 0.6419330289193304 0.5798376184032477 0.00989345509893461 0.012178619756427622
4 0.7943941504178272 0.5731197771587744 0.08774373259052937 0.14902506963788298
4 0.6811890668523677 0.5459610027855153 0.06345752089136497 0.16713091922005574
4 0.6028464484679664 0.5703342618384402 0.05092270194986071 0.18245125348189417
4 0.5719011142061281 0.5926183844011141 0.056406685236768866 0.18802228412256256
4 0.4853325208913648 0.7862116991643455 0.06032381615598886 0.25208913649025066
4 0.46065459610027853 0.5689415041782729 0.0282033426183844 0.1434540389972144
3 0.4657468662952645 0.5752089136490252 0.06659122562674093 0.1114206128133705
2 0.47788997214484674 0.557799442896936 0.11908077994428964 0.1573816155988858
4 0.35920090529247906 0.6002785515320335 0.05405640668523674 0.1754874651810585
4 0.10928795264623953 0.614902506963788 0.12613161559888575 0.1796657381615603
1 0.0994951253481894 0.6295264623955429 0.1989902506963788 0.1671309192200548
1 0.5530988857938719 0.8628133704735371 0.7097841225626741 0.2743732590529254
