5 0.5803657362848893 0.413601368691189 0.005774783445620812 0.004277159965782715
4 0.885174418604651 0.7170542635658915 0.055232558139535204 0.20155038759689922
4 0.8800872093023263 0.7797157622739017 0.17877906976744184 0.21834625322997434
4 0.5777616279069767 0.3585271317829457 0.04215116279069768 0.11240310077519382
4 0.3132267441860465 0.6156330749354005 0.1337209302325581 0.1640826873385012
4 0.18059593023255816 0.3701550387596899 0.05014534883720929 0.09948320413436697
4 0.10210755813953488 0.35012919896640826 0.07340116279069768 0.12144702842377264
6 0.014534883720930234 0.3107235142118863 0.023255813953488372 0.10981912144702839
0 0.7605377906976741 0.7590439276485789 0.4789244186046513 0.3320413436692507
1 0.052325581395348826 0.46447028423772624 0.10465116279069765 0.16149870801033614
