5 0.5019249278152069 0.397775876817793 0.0038498556304138276 0.00684345594525233
4 0.7199900793650794 0.8386243386243386 0.06894841269841265 0.19047619047619035
4 0.8137400793650794 0.48104056437389775 0.04315476190476204 0.1490299823633157
4 0.7073412698412699 0.4801587301587301 0.04365079365079353 0.11728395061728399
4 0.4605654761904762 0.47795414462081126 0.03720238095238102 0.14814814814814817
4 0.45808531746031744 0.3478835978835979 0.03422619047619044 0.09788359788359788
4 0.18551587301587305 0.5013227513227513 0.035714285714285726 0.1455026455026455
4 0.4087301587301587 0.6697530864197532 0.05555555555555557 0.1649029982363315
4 0.04216269841269841 0.505731922398589 0.050595238095238096 0.15079365079365076
1 0.2207341269841269 0.5048500881834214 0.4146825396825395 0.2089947089947087
1 0.021081349206349197 0.8761022927689593 0.042162698412698395 0.22134038800705494
0 0.9196428571428572 0.9144620811287477 0.1607142857142857 0.16402116402116407
