5 0.696023 0.618326 0.007305000000000001 0.012987
3 0.6106150793650797 0.5246913580246915 0.07837301587301594 0.12698412698412723
2 0.5868055555555556 0.4955908289241623 0.12996031746031747 0.17813051146384482
4 0.7363591269841271 0.5030864197530864 0.06101190476190468 0.14550264550264558
4 0.7966269841269842 0.5339506172839507 0.05158730158730151 0.1931216931216931
4 0.8747519841269841 0.7116402116402116 0.06299603174603177 0.21693121693121697
1 0.9503968253968254 0.5555555555555556 0.09920634920634924 0.1763668430335097
4 0.7413194444444444 0.5961199294532628 0.056051587301587345 0.2292768959435626
4 0.4565972222222222 0.6221340388007056 0.0669642857142857 0.19488536155202815
4 0.26041666666666663 0.7720458553791887 0.10515873015873016 0.18606701940035264
4 0.2075892857142857 0.7037037037037038 0.09474206349206345 0.24514991181657864
4 0.045634920634920625 0.7508818342151676 0.08928571428571427 0.2389770723104057
1 0.5637400793650794 0.8465608465608467 0.7693452380952381 0.3068783068783066
