5 0.7954549999999999 0.620491 0.012987 0.01443
6 0.9598214285714286 0.8355379188712523 0.08035714285714292 0.32892416225749543
6 0.6574900793650794 0.9272486772486772 0.08482142857142855 0.13844797178130505
6 0.2611607142857143 0.2707231040564374 0.030257936507936557 0.14109347442680775
4 0.3365575396825397 0.3284832451499118 0.040178571428571425 0.13844797178130513
4 0.48338293650793657 0.49514991181657847 0.06696428571428577 0.1649029982363316
4 0.28447420634920634 0.4523809523809524 0.04910714285714285 0.181657848324515
4 0.22346230158730154 0.5590828924162259 0.05803571428571423 0.220458553791887
4 0.13343253968253968 0.3985890652557319 0.05753968253968253 0.15873015873015872
4 0.03943452380952381 0.42901234567901236 0.05406746031746032 0.17548500881834214
4 0.034970238095238096 0.3734567901234568 0.05109126984126984 0.13844797178130505
4 0.017361111111111112 0.6194885361552028 0.030753968253968256 0.25308641975308643
1 0.11284722222222224 0.6997354497354498 0.21974206349206352 0.2865961199294532
1 0.455853174603174 0.41049382716049393 0.46230158730158666 0.14902998236331577
4 0.8452380952380952 0.6137566137566138 0.09821428571428584 0.22398589065255728
