5 0.6765601217656012 0.4600811907983761 0.012176560121765618 0.016238159675236757
4 0.7834821428571428 0.4281305114638448 0.05902777777777786 0.11375661375661374
4 0.6622023809523809 0.3796296296296296 0.04861111111111107 0.12081128747795418
4 0.5726686507936507 0.4281305114638448 0.05902777777777778 0.11552028218694886
4 0.48090277777777773 0.3544973544973546 0.02926587301587297 0.1287477954144621
4 0.5674603174603174 0.9007936507936507 0.0674603174603174 0.19135802469135796
4 0.2638888888888889 0.6062610229276896 0.06547619047619044 0.16666666666666657
3 0.050099206349206345 0.5529100529100529 0.048611111111111105 0.18342151675485005
2 0.029513888888888885 0.5626102292768956 0.05902777777777777 0.1534391534391542
1 0.48561507936507836 0.5520282186948856 0.44345238095238027 0.19929453262786573
1 0.1785714285714286 0.8734567901234566 0.3571428571428572 0.25308641975308643
