5 0.6960229999999998 0.41269799999999995 0.005682 0.011544
4 0.9243551587301587 0.558641975308642 0.07886904761904759 0.21957671957671956
4 0.7750496031746031 0.6331569664902998 0.06894841269841265 0.19047619047619044
4 0.6874999999999999 0.5507054673721341 0.0773809523809524 0.22839506172839483
4 0.6116071428571429 0.6106701940035273 0.0625 0.2495590828924162
4 0.45163690476190477 0.6697530864197532 0.0669642857142857 0.207231040564374
4 0.30679563492063494 0.8531746031746031 0.06498015873015874 0.28483245149911823
4 0.3943452380952381 0.8955026455026455 0.09126984126984126 0.20546737213403873
4 0.3916170634920635 0.7623456790123457 0.0669642857142857 0.19841269841269848
4 0.6904761904761904 0.4916225749559082 0.06448412698412696 0.15961199294532627
3 0.5828373015873016 0.5476190476190476 0.06150793650793652 0.14109347442680778
2 0.5431547619047616 0.5299823633156967 0.14186507936507922 0.1781305114638448
1 0.5047123015873015 0.8668430335096992 0.7981150793650792 0.26102292768959423
1 0.9255952380952381 0.5868606701940036 0.1488095238095238 0.20899470899470907
