5 0.430912 0.616405 0.004748 0.0070350000000000005
6 0.06541608635097491 0.8760445682451252 0.05092270194986076 0.24791086350974914
6 0.7873433147632312 0.9526462395543175 0.062674094707521 0.09470752089136497
4 0.7783339136490249 0.5696378830083566 0.05719011142061291 0.11699164345403894
4 0.6392757660167131 0.6044568245125348 0.03760445682451255 0.1476323119777159
4 0.643976323119777 0.5668523676880223 0.08147632311977716 0.13927576601671313
4 0.5613248607242339 0.5508356545961003 0.06502437325905298 0.12952646239554327
4 0.4818071030640668 0.5522284122562674 0.06580779944289696 0.11559888579387191
4 0.500217618384401 0.5933147632311977 0.09479456824512539 0.1253481894150417
4 0.54487291086351 0.7395543175487468 0.055623259052925374 0.1866295264623951
4 0.2753743036211699 0.6615598885793872 0.10419568245125344 0.14206128133704746
1 0.04387186629526462 0.6128133704735377 0.05327298050139275 0.15877437325905291
1 0.16451949860724235 0.8955431754874641 0.3290389972144847 0.20891364902506956
1 0.40463962395543135 0.6100278551532036 0.43793523676880175 0.1559888579387187
