5 0.594818 0.54226 0.008013 0.016144
4 0.19890873015873015 0.468694885361552 0.0436507936507936 0.14021164021164026
4 0.27529761904761907 0.44356261022927695 0.04166666666666668 0.13051146384479723
4 0.279265873015873 0.5343915343915344 0.03769841269841269 0.12698412698412703
4 0.08035714285714286 0.5595238095238095 0.05654761904761905 0.1666666666666668
0 0.16666666666666657 0.8655202821869491 0.33333333333333315 0.26895943562610175
4 0.34895833333333326 0.6525573192239859 0.06696428571428566 0.13932980599647252
4 0.43874007936507936 0.8628747795414462 0.06498015873015874 0.23544973544973544
4 0.6307043650793651 0.533068783068783 0.056051587301587345 0.14373897707231045
4 0.6693948412698413 0.6701940035273369 0.04613095238095241 0.1657848324514991
1 0.9233630952380952 0.5983245149911817 0.15327380952380948 0.15961199294532633
