5 0.607143 0.48557 0.008117 0.012987
6 0.3278769841269842 0.36067019400352734 0.07539682539682538 0.20458553791887119
3 0.6056547619047619 0.5859788359788359 0.0992063492063491 0.1649029982363316
2 0.7090773809523809 0.5656966490299824 0.17509920634920625 0.23192239858906538
4 0.5148809523809524 0.45767195767195773 0.06547619047619051 0.17283950617283955
4 0.4873511904761905 0.5291005291005291 0.06398809523809526 0.2292768959435626
4 0.3745039682539682 0.8752204585537919 0.09523809523809526 0.24250440917107582
4 0.016865079365079364 0.5533509700176367 0.03373015873015873 0.300705467372134
1 0.14905753968253962 0.6384479717813046 0.2961309523809523 0.2927689594356269
1 0.6525297619047618 0.9149029982363314 0.6949404761904762 0.1701940035273372
