5 0.17938300000000001 0.502886 0.008117 0.010101
4 0.860985376044568 0.42200557103064074 0.03917130919220057 0.13927576601671313
4 0.7908687325905293 0.4331476323119777 0.036821030640668655 0.12256267409470745
4 0.5887447771587744 0.5376044568245125 0.12613161559888575 0.12534818941504183
4 0.573859679665738 0.4561281337047354 0.02898676880222837 0.13231197771587744
4 0.32825557103064057 0.5215877437325905 0.1143802228412256 0.1128133704735376
4 0.3482329387186629 0.4505571030640668 0.03682103064066851 0.11559888579387184
4 0.12456476323119776 0.7889972144846797 0.08461002785515319 0.19080779944289689
0 0.21191678272980485 0.866295264623954 0.4238335654596097 0.26740947075208854
1 0.920482242339833 0.5759052924791083 0.15903551532033408 0.15459610027855136
