5 0.629464 0.6904759999999999 0.010552 0.012987
6 0.3180710306406685 0.27298050139275765 0.031337047353760424 0.13927576601671304
3 0.02546135097493036 0.3976323119777161 0.04935584958217269 0.17966573816155995
4 0.0638492339832869 0.4630919220055711 0.05875696378830084 0.16016713091922008
4 0.10458739554317548 0.40947075208913647 0.03838788300835656 0.16155988857938716
4 0.12299791086350974 0.4178272980501393 0.06110724233983287 0.16155988857938725
4 0.17000348189415038 0.46448467966573814 0.07990947075208914 0.1880222841225627
4 0.04348015320334261 0.6580779944289694 0.08225974930362115 0.24373259052924795
4 0.22405988857938716 0.6678272980501393 0.10497910863509745 0.20473537604456823
4 0.3979805013927576 0.5006963788300836 0.10654596100278546 0.1768802228412256
4 0.5989293175487463 0.3816155988857939 0.08539345403899709 0.16991643454038996
4 0.9142583565459605 0.6253481894150418 0.11594707520891535 0.22841225626740946
1 0.4951253481894146 0.43523676880222806 0.455954038997214 0.14623955431754868
1 0.12848189415041777 0.7158774373259054 0.25696378830083555 0.2952646239554316
