5 0.6976460000000002 0.577201 0.010552 0.011544
4 0.8348214285714286 0.710758377425044 0.1230158730158729 0.18871252204585537
4 0.47470238095238104 0.7491181657848324 0.08829365079365083 0.2125220458553791
4 0.4605654761904762 0.5727513227513227 0.08779761904761899 0.1596119929453262
4 0.5907738095238095 0.4889770723104057 0.03670634920634917 0.12433862433862437
4 0.6180555555555556 0.48544973544973546 0.038690476190476136 0.1719576719576719
4 0.39136904761904767 0.47045855379188706 0.07738095238095233 0.15079365079365062
4 0.38020833333333326 0.46119929453262787 0.03422619047619044 0.17283950617283955
4 0.3159722222222222 0.5264550264550265 0.05853174603174608 0.11463844797178141
1 0.4466765873015873 0.7059082892416224 0.5580357142857144 0.22134038800705416
1 0.09002976190476186 0.9695767195767201 0.18005952380952372 0.06084656084656008
