5 0.6879060000000001 0.865079 0.007305000000000001 0.015873
3 0.22668650793650794 0.2896825396825397 0.046626984126984114 0.13139329805996472
2 0.18501984126984128 0.2936507936507936 0.08035714285714285 0.12522045855379185
4 0.11210317460317461 0.33509700176366847 0.03174603174603174 0.1287477954144621
4 0.13640873015873015 0.35670194003527333 0.04067460317460316 0.13139329805996477
4 0.3603670634920635 0.3130511463844797 0.06299603174603177 0.13756613756613756
4 0.5709325396825397 0.2720458553791887 0.042658730158730125 0.1296296296296296
4 0.6319444444444445 0.33641975308641975 0.09920634920634924 0.14021164021164026
4 0.5987103174603174 0.5022045855379189 0.09226190476190474 0.16490299823633164
4 0.7008928571428572 0.5890652557319224 0.10119047619047607 0.181657848324515
4 0.7485119047619048 0.8324514991181658 0.15079365079365076 0.23104056437389758
4 0.42807539682539686 0.6529982363315697 0.10615079365079368 0.22663139329806006
1 0.5654761904761905 0.30335097001763667 0.35218253968253976 0.13580246913580246
1 0.2105654761904761 0.5595238095238098 0.4211309523809522 0.26366843033509685
