5 0.6069254185692542 0.5602165087956699 0.009893455098934467 0.013531799729364025
3 0.6488095238095238 0.6137566137566138 0.05853174603174601 0.13580246913580254
2 0.6946924603174602 0.6000881834215168 0.1245039682539683 0.1631393298059966
4 0.7142857142857143 0.5317460317460317 0.04464285714285723 0.13051146384479723
4 0.7098214285714286 0.503968253968254 0.04563492063492063 0.14021164021164018
4 0.6428571428571429 0.5004409171075838 0.05059523809523803 0.12257495590828932
4 0.4925595238095238 0.5590828924162257 0.05853174603174601 0.13580246913580246
4 0.482390873015873 0.6803350970017636 0.09672619047619044 0.20194003527336854
4 0.3663194444444444 0.5123456790123457 0.04910714285714285 0.12169312169312171
4 0.36160714285714285 0.48368606701940037 0.05753968253968253 0.1049382716049383
4 0.12003968253968253 0.6216931216931216 0.07837301587301587 0.20105820105820102
4 0.1748511904761904 0.9387125220458554 0.13541666666666666 0.12081128747795447
1 0.20634920634920637 0.6556437389770722 0.4126984126984127 0.17372134038800663
1 0.7085813492063493 0.8831569664902983 0.5828373015873012 0.23368606701940153
