5 0.220779 0.643579 0.006494 0.008658
3 0.42782738095238104 0.6221340388007054 0.08482142857142855 0.15432098765432095
2 0.3901289682539682 0.6137566137566138 0.1374007936507936 0.18871252204585523
4 0.3169642857142857 0.5696649029982364 0.06448412698412696 0.14814814814814817
4 0.40500992063492064 0.5321869488536155 0.07291666666666657 0.1490299823633157
4 0.5567956349206349 0.601410934744268 0.10664682539682545 0.20811287477954138
4 0.6619543650793651 0.6591710758377425 0.07986111111111108 0.2125220458553791
4 0.6949404761904762 0.5299823633156966 0.06448412698412696 0.15696649029982368
4 0.8015873015873015 0.5987654320987654 0.09126984126984126 0.19576719576719576
4 0.7812500000000003 0.7707231040564371 0.13095238095238088 0.21516754850088154
4 0.5496031746031745 0.9272486772486772 0.08432539682539691 0.14197530864197516
1 0.37822420634920634 0.9166666666666656 0.7564484126984126 0.16666666666666635
1 0.8559027777777777 0.675925925925926 0.28819444444444403 0.25132275132275095
