5 0.132305 0.739538 0.00974 0.010101
6 0.37682799442896936 0.46100278551532026 0.03917130919220049 0.15041782729805014
3 0.6271326601671309 0.46030640668523676 0.04778899721448468 0.15181058495821723
2 0.6181232590529248 0.46239554317548753 0.10654596100278539 0.14484679665738162
4 0.6878481894150417 0.49582172701949856 0.07207520891364907 0.15598885793871864
4 0.7375957520891364 0.49512534818941506 0.04308844011142071 0.17409470752089135
4 0.500609331476323 0.6253481894150419 0.0971448467966573 0.13927576601671318
4 0.4128655988857938 0.6260445682451252 0.08147632311977716 0.16295264623955424
4 0.9636142061281336 0.7270194986072422 0.06580779944289702 0.18384401114206128
1 0.933408774373259 0.514623955431755 0.13318245125348183 0.16016713091922008
1 0.6016713091922006 0.7862116991643453 0.5954038997214484 0.3217270194986071
