5 0.44786729857819907 0.6432584269662922 0.009478672985782026 0.0168539325842697
6 0.617311507936508 0.2455908289241622 0.02331349206349209 0.11022927689594358
1 0.9074900793650775 0.2782186948853612 0.18402777777777815 0.16313932980599663
6 0.14384920634920637 0.11243386243386244 0.024801587301587293 0.0873015873015873
4 0.12177579365079366 0.1437389770723104 0.042162698412698416 0.07936507936507936
4 0.29960317460317465 0.20326278659611993 0.020833333333333287 0.08553791887125219
4 0.2978670634920635 0.28791887125220456 0.036210317460317436 0.09082892416225746
4 0.2785218253968254 0.30246913580246915 0.030257936507936522 0.07760141093474424
0 0.35044642857142805 0.4510582010582011 0.3576388888888886 0.26719576719576676
4 0.5188492063492063 0.6084656084656085 0.0694444444444445 0.10758377425044081
4 0.018601190476190476 0.6490299823633157 0.03720238095238095 0.12345679012345669
