5 0.691558 0.8946610000000002 0.008117 0.01443
4 0.7487599206349208 0.8575837742504411 0.08978174603174593 0.24250440917107582
4 0.751984126984127 0.5030864197530864 0.07936507936507922 0.16313932980599652
4 0.6287202380952381 0.4444444444444444 0.056051587301587345 0.14814814814814808
4 0.6274801587301587 0.2976190476190476 0.043650793650793676 0.14550264550264555
4 0.4489087301587301 0.26366843033509696 0.04761904761904759 0.12169312169312174
4 0.3258928571428571 0.2707231040564374 0.046626984126984114 0.13051146384479723
4 0.4412202380952381 0.5978835978835978 0.11259920634920632 0.15167548500881828
4 0.21552579365079366 0.26587301587301587 0.05109126984126984 0.13315696649029987
4 0.18824404761904767 0.3042328042328042 0.040178571428571425 0.1287477954144621
4 0.1636904761904762 0.2896825396825397 0.03075396825396826 0.11199294532627864
2 0.16914682539682538 0.263668430335097 0.08333333333333334 0.13403880070546742
1 0.20510912698412695 0.5365961199294533 0.4102182539682539 0.27954144620811283
1 0.5605158730158716 0.2746913580246914 0.36507936507936445 0.1490299823633155
