5 0.6895734597156398 0.5330056179775281 0.011058451816745673 0.012640449438202169
6 0.4132573119777158 0.3955431754874652 0.0242862116991644 0.11699164345403901
4 0.6847144846796657 0.37674094707520894 0.0203690807799444 0.10724233983286907
4 0.7184018105849583 0.47562674094707524 0.08147632311977716 0.12395543175487461
4 0.8304317548746518 0.6580779944289694 0.08617688022284113 0.1629526462395544
4 0.3858373955431755 0.8579387186629526 0.09636142061281333 0.1949860724233983
4 0.15198467966573814 0.7569637883008358 0.09087743732590528 0.16016713091922
4 0.15159296657381613 0.5306406685236769 0.044655292479108634 0.1364902506963788
4 0.284383704735376 0.4192200557103064 0.026636490250696383 0.11977715877437327
4 0.09831998607242338 0.4540389972144847 0.055623259052924784 0.12256267409470752
4 0.04622214484679664 0.7527855153203347 0.08931058495821724 0.21587743732590522
0 0.224843314763231 0.7855153203342621 0.449686629526462 0.2841225626740951
1 0.9283165041782709 0.5208913649025062 0.1433669916434539 0.14206128133704754
