5 0.3603500761035008 0.7104194857916103 0.015981735159817347 0.029769959404600855
3 0.871031746031746 0.36507936507936506 0.04067460317460331 0.14462081128747797
2 0.8955853174603178 0.3791887125220459 0.1125992063492063 0.12522045855379194
4 0.8236607142857144 0.38139329805996475 0.04315476190476212 0.15255731922398583
4 0.7934027777777777 0.3703703703703704 0.050099206349206185 0.13403880070546736
4 0.685515873015873 0.3884479717813051 0.04563492063492078 0.13315696649029982
4 0.6483134920634916 0.4140211640211641 0.0347222222222222 0.12786596119929441
4 0.574156746031746 0.38183421516754845 0.0481150793650793 0.15167548500881833
4 0.513640873015873 0.40167548500881833 0.09275793650793653 0.14197530864197525
4 0.5156250000000002 0.5485008818342151 0.05803571428571426 0.18871252204585534
1 0.45436507936507936 0.4038800705467372 0.38095238095238093 0.12698412698412695
1 0.8283730158730157 0.649911816578483 0.3432539682539676 0.28042328042328146
4 0.46378968253968256 0.8373015873015873 0.13888888888888887 0.27777777777777785
