5 0.311282 0.8015869999999999 0.010552 0.012987
6 0.6220238095238095 0.28086419753086417 0.038690476190476344 0.13315696649029984
3 0.31547619047619047 0.39285714285714285 0.0337301587301587 0.12786596119929455
2 0.30729166666666663 0.39682539682539686 0.1155753968253968 0.14462081128747792
4 0.3477182539682539 0.43386243386243395 0.038690476190476136 0.17813051146384487
4 0.3995535714285714 0.41754850088183415 0.06597222222222221 0.1507936507936508
4 0.4575892857142857 0.44223985890652556 0.047123015873015886 0.17372134038800702
4 0.4771825396825397 0.44841269841269843 0.0625 0.18077601410934746
4 0.6004464285714285 0.49823633156966496 0.13740079365079352 0.17636684303350975
4 0.7041170634920636 0.5776014109347443 0.13045634920634924 0.23456790123456792
4 0.8405257936507937 0.46119929453262787 0.10565476190476204 0.1763668430335097
1 0.7817460317460316 0.4470899470899471 0.43452380952380937 0.14991181657848324
4 0.2579365079365079 0.7067901234567902 0.11904761904761894 0.2654320987654319
1 0.2822420634920635 0.7014991181657843 0.5644841269841269 0.3077601410934744
