5 0.5130331753554502 0.6172752808988764 0.010268562401263708 0.018258426966292235
6 0.09995039682539682 0.2398589065255732 0.05208333333333332 0.11111111111111115
4 0.05183531746031747 0.3492063492063492 0.04910714285714286 0.10582010582010583
4 0.10987103174603176 0.3637566137566138 0.07490079365079365 0.12433862433862437
4 0.24727182539682538 0.3994708994708995 0.04414682539682538 0.11463844797178133
4 0.3583829365079365 0.43077601410934746 0.06299603174603177 0.11728395061728399
4 0.6279761904761905 0.28703703703703703 0.043650793650793746 0.09435626102292773
4 0.4878472222222222 0.4162257495590829 0.04513888888888886 0.09700176366843032
4 0.4087301587301587 0.5189594356261023 0.04861111111111114 0.12962962962962968
4 0.4506448412698413 0.5405643738977072 0.05307539682539684 0.1164021164021164
4 0.6448412698412699 0.47927689594356265 0.05257936507936492 0.11728395061728399
6 0.986359126984127 0.2839506172839506 0.02728174603174608 0.10934744268077601
6 0.824156746031746 0.7843915343915344 0.0818452380952381 0.1596119929453262
0 0.8931051587301587 0.7508818342151676 0.21378968253968253 0.39241622574955903
1 0.2743055555555554 0.28086419753086417 0.33730158730158705 0.16843033509700156
1 0.06299603174603174 0.600088183421517 0.1259920634920635 0.2936507936507928
