5 0.559829 0.535423 0.007264999999999999 0.011396
4 0.7770337301587301 0.6208112874779542 0.07390873015873012 0.18518518518518534
4 0.6574900793650794 0.6909171075837743 0.055059523809523794 0.1807760141093474
4 0.45014880952380953 0.4559082892416225 0.06498015873015874 0.11111111111111108
4 0.449156746031746 0.43783068783068785 0.03918650793650798 0.12962962962962962
6 0.10912698412698414 0.4223985890652557 0.0396825396825397 0.14109347442680778
4 0.22346230158730157 0.5762786596119929 0.05307539682539684 0.15784832451499115
4 0.16418650793650783 0.632716049382716 0.05456349206349205 0.18959435626102303
4 0.4399801587301587 0.7927689594356261 0.0625 0.22398589065255733
4 0.611111111111111 0.9215167548500885 0.06349206349206343 0.1569664902998231
0 0.42956349206349204 0.8337742504409159 0.6041666666666664 0.29012345679012413
