5 0.501218 0.70202 0.012175 0.012987
6 0.9580853174603174 0.34523809523809523 0.04613095238095241 0.1666666666666666
4 0.5900297619047623 0.42813051146384473 0.10565476190476207 0.15961199294532624
3 0.5302579365079365 0.3955026455026454 0.05357142857142861 0.13844797178130513
2 0.539186507936508 0.37742504409171074 0.10119047619047628 0.14638447971781304
4 0.4880952380952378 0.4488536155202823 0.13591269841269837 0.17636684303350986
4 0.27802579365079366 0.5815696649029982 0.11458333333333336 0.156084656084656
4 0.29563492063492064 0.7971781305114638 0.20734126984126985 0.26102292768959445
4 0.12326388888888888 0.748236331569665 0.13244047619047616 0.2530864197530864
4 0.10714285714285715 0.5582010582010583 0.08035714285714286 0.2063492063492064
4 0.06795634920634921 0.6653439153439153 0.0634920634920635 0.21957671957671948
4 0.03000992063492063 0.7120811287477952 0.06001984126984126 0.20899470899470893
1 0.4583333333333329 0.679453262786597 0.6309523809523806 0.29012345679012264
1 0.8943452380952381 0.4501763668430335 0.2113095238095238 0.1666666666666668
