5 0.7538051750380517 0.6637347767253045 0.015981735159817278 0.017591339648173374
3 0.13120039682539683 0.5167548500881834 0.04414682539682539 0.1657848324514991
2 0.04712301587301587 0.5388007054673721 0.09424603174603174 0.15520282186948856
1 0.1753472222222222 0.8439153439153436 0.3506944444444444 0.31216931216931226
1 0.3764880952380952 0.9616402116402116 0.05059523809523817 0.07319223985890645
4 0.21453373015873015 0.5070546737213404 0.042162698412698416 0.1534391534391535
4 0.37400793650793646 0.564373897707231 0.046626984126984114 0.16049382716049387
4 0.6579861111111112 0.4916225749559082 0.04216269841269849 0.15255731922398588
4 0.7899305555555556 0.5180776014109347 0.04315476190476176 0.12610229276895943
4 0.8474702380952379 0.4828042328042328 0.06200396825396823 0.13668430335097007
4 0.9412202380952379 0.566137566137566 0.05307539682539684 0.14991181657848324
4 0.7661210317460317 0.4828042328042328 0.05803571428571416 0.11552028218694893
4 0.9841269841269841 0.9219576719576721 0.03174603174603177 0.154320987654321
1 0.5044642857142856 0.5454144620811289 0.421626984126984 0.1525573192239859
