5 0.7595129375951294 0.5081190798376184 0.009132420091324178 0.014884979702300356
4 0.8427579365079364 0.7288359788359787 0.12003968253968267 0.15608465608465608
4 0.8343253968253967 0.843915343915344 0.09722222222222214 0.16754850088183418
4 0.5865575396825397 0.6754850088183422 0.11458333333333329 0.17283950617283955
4 0.5034722222222222 0.8977072310405643 0.11904761904761912 0.19223985890652542
4 0.5783730158730159 0.5194003527336861 0.03571428571428569 0.10934744268077601
4 0.5190972222222222 0.46164021164021163 0.04712301587301582 0.1049382716049383
4 0.30332341269841273 0.685626102292769 0.0818452380952381 0.1578483245149912
4 0.2576884920634921 0.5886243386243386 0.07093253968253972 0.1490299823633157
6 0.2306547619047619 0.4484126984126984 0.03968253968253968 0.10141093474426803
3 0.09300595238095238 0.4955908289241623 0.03224206349206349 0.13051146384479714
4 0.16269841269841268 0.5198412698412699 0.033730158730158714 0.12962962962962968
4 0.1505456349206349 0.5171957671957672 0.07490079365079363 0.11375661375661374
3 0.04092261904761905 0.5207231040564373 0.07886904761904763 0.11375661375661374
1 0.40426587301587275 0.5251322751322747 0.3263888888888886 0.12081128747795375
1 0.12003968253968254 0.7605820105820108 0.24007936507936506 0.24250440917107494
1 0.9801587301587297 0.8231922398589068 0.03968253968253929 0.13668430335097037
