5 0.6607424960505529 0.8342696629213484 0.011848341232227427 0.019662921348314627
6 0.9015261627906977 0.45155038759689925 0.026889534883720926 0.15633074935400515
4 0.7205668604651163 0.44702842377260976 0.08066860465116278 0.16279069767441862
4 0.7027616279069767 0.7306201550387597 0.1061046511627906 0.21834625322997417
4 0.6551598837209304 0.6388888888888888 0.08793604651162795 0.20284237726098184
4 0.5875726744186046 0.4373385012919897 0.05014534883720934 0.13565891472868216
3 0.6162790697674418 0.42441860465116277 0.052325581395348805 0.13049095607235145
2 0.623546511627907 0.41020671834625316 0.09593023255813947 0.14599483204134367
4 0.4262354651162791 0.5755813953488372 0.07049418604651166 0.17700258397932805
4 0.33212209302325585 0.5310077519379844 0.07412790697674414 0.1782945736434108
4 0.2961482558139535 0.712532299741602 0.12136627906976745 0.21576227390180874
1 0.2038517441860465 0.4450904392764858 0.407703488372093 0.1537467700258398
1 0.6173691860465117 0.6957364341085274 0.5428779069767442 0.29069767441860433
