5 0.654627 0.709235 0.008929 0.015873
6 0.46999007936507936 0.3262786596119929 0.03125 0.13580246913580246
1 0.6361607142857147 0.43209876543209885 0.4429563492063491 0.1499118165784832
4 0.24007936507936506 0.42901234567901236 0.060515873015873 0.16313932980599646
3 0.19618055555555558 0.38932980599647266 0.04414682539682541 0.11904761904761912
4 0.18154761904761904 0.43871252204585537 0.05456349206349207 0.14197530864197533
2 0.1552579365079365 0.39285714285714285 0.12896825396825395 0.14726631393298065
4 0.1150793650793651 0.7407407407407408 0.1527777777777778 0.2275132275132276
4 0.029513888888888888 0.5255731922398589 0.059027777777777776 0.19576719576719576
1 0.20436507936507933 0.7001763668430336 0.4057539682539682 0.30687830687830636
