5 0.60347551342812 0.9269662921348315 0.018957345971564052 0.02808988764044955
6 0.4179067460317461 0.22089947089947087 0.02728174603174601 0.08730158730158727
6 0.21378968253968253 0.2786596119929453 0.022817460317460316 0.107583774250441
1 0.05654761904761905 0.3346560846560846 0.1130952380952381 0.1102292768959435
4 0.8824404761904762 0.27336860670194 0.03174603174603177 0.09171075837742503
4 0.5329861111111112 0.24074074074074073 0.02529761904761891 0.07936507936507936
4 0.34871031746031744 0.33333333333333326 0.03670634920634917 0.10405643738977069
4 0.43129960317460314 0.5238095238095238 0.04613095238095241 0.13756613756613753
4 0.39608134920634924 0.5405643738977072 0.051091269841269805 0.13403880070546742
4 0.24776785714285715 0.6335978835978836 0.05803571428571431 0.17019400352733682
4 0.9196428571428572 0.5149911816578484 0.03869047619047606 0.16049382716049387
4 0.669890873015873 0.841710758377425 0.055059523809523794 0.22663139329806
0 0.6421130952380956 0.5061728395061729 0.4052579365079363 0.21164021164021174
6 0.9779265873015873 0.9197530864197532 0.04414682539682531 0.12698412698412695
6 0.8100198412698413 0.9135802469135803 0.05753968253968253 0.12874779541446202
