5 0.269922 0.655829 0.006913 0.009497
6 0.7642322423398328 0.4247910863509749 0.0540564066852366 0.15320334261838434
4 0.9534296657381615 0.4637883008356546 0.03760445682451248 0.1643454038997214
4 0.8880135793871866 0.6518105849582173 0.07755919220055701 0.20334261838440099
4 0.911908077994429 0.7395543175487466 0.14885097493036212 0.21169916434540398
4 0.9545612813370474 0.9589136490250696 0.09087743732590539 0.0821727019498607
4 0.7364206128133705 0.9442896935933147 0.05954038997214482 0.1114206128133705
4 0.6569028551532032 0.6587743732590529 0.09322771587743738 0.1810584958217271
6 0.3780031337047353 0.6100278551532032 0.044655292479108655 0.21448467966573814
2 0.3497997910863509 0.633008356545961 0.11829735376044574 0.1768802228412256
1 0.44302750696378823 0.9101671309192202 0.7074338440111418 0.17966573816155973
1 0.8139362813370472 0.6462395543175483 0.3721274373259046 0.192200557103064
