5 0.5846149999999999 0.5337130000000001 0.007264999999999999 0.011016
1 0.9800661559888563 0.5849582172701948 0.03917130919220053 0.09192200557103038
4 0.6545525766016712 0.5431754874651811 0.09949512534818936 0.12256267409470752
4 0.6275243732590529 0.6775766016713092 0.10027855153203355 0.1545961002785515
4 0.3850539693593314 0.6720055710306407 0.09009401114206128 0.16573816155988857
4 0.49904247910863503 0.8746518105849583 0.1394498607242339 0.23119777158774368
4 0.2992688022284122 0.3795264623955432 0.003133704735376064 0.004178272980501418
4 0.3411821030640668 0.4512534818941505 0.08382660167130919 0.12534818941504178
4 0.26949860724233976 0.4491643454038997 0.047005571030640673 0.12674094707520894
4 0.24912952646239553 0.5376044568245125 0.04073816155988858 0.14484679665738157
4 0.13004874651810586 0.5738161559888578 0.09871169916434541 0.16155988857938716
0 0.2174007660167131 0.8572423398328692 0.4348015320334262 0.28551532033426175
