5 0.521689497716895 0.5981055480378892 0.011415525114155257 0.010825439783491148
6 0.599702380952381 0.3796296296296296 0.038690476190476136 0.10670194003527342
4 0.5024801587301587 0.5339506172839507 0.05654761904761905 0.11022927689594347
4 0.49231150793650785 0.5083774250440918 0.0481150793650793 0.12081128747795412
3 0.3797123015873016 0.5251322751322751 0.05406746031746032 0.08906525573192241
4 0.3194444444444445 0.5396825396825397 0.04464285714285715 0.13227513227513227
4 0.292906746031746 0.5687830687830688 0.047123015873015886 0.13403880070546742
2 0.3318452380952381 0.49074074074074076 0.07341269841269842 0.11199294532627867
4 0.7110615079365078 0.5771604938271605 0.04017857142857153 0.15079365079365067
4 0.7653769841269842 0.6225749559082893 0.05654761904761898 0.1763668430335096
4 0.6148313492063492 0.6997354497354498 0.0431547619047619 0.18606701940035272
4 0.6783234126984127 0.8571428571428571 0.06795634920634924 0.19047619047619035
1 0.3945932539682536 0.7530864197530858 0.4985119047619044 0.2416225749559078
4 0.3653273809523808 0.5890652557319226 0.0570436507936506 0.12698412698412698
1 0.7165178571428563 0.5022045855379189 0.3774801587301587 0.14021164021164
