5 0.695061 0.841552 0.015204 0.022645999999999996
6 0.859375 0.2892416225749559 0.03621031746031747 0.12874779541446213
4 0.9089781746031745 0.5436507936507937 0.12648809523809518 0.1578483245149912
4 0.6398809523809524 0.378747795414462 0.07638888888888892 0.11904761904761905
4 0.5555555555555556 0.4153439153439154 0.05456349206349209 0.1128747795414462
4 0.26240079365079366 0.4223985890652557 0.05654761904761909 0.1164021164021164
4 0.2301587301587302 0.6371252204585538 0.11805555555555561 0.18783068783068785
4 0.6520337301587301 0.5842151675485009 0.10863095238095241 0.15961199294532633
4 0.7765376984126985 0.9281305114638448 0.11755952380952393 0.14021164021164012
1 0.6706349206349208 0.47751322751322733 0.4573412698412697 0.15784832451499103
1 0.8717757936507934 0.802028218694885 0.25644841269841223 0.2954144620811287
