5 0.7086040000000001 0.5707070000000001 0.014610000000000001 0.018759
6 0.960565476190476 0.8386243386243385 0.07886904761904778 0.32275132275132296
4 0.8425099206349208 0.6208112874779541 0.10763888888888917 0.23104056437389756
6 0.6741071428571419 0.92416225749559 0.08531746031745902 0.14638447971781227
4 0.5044642857142857 0.5030864197530864 0.06944444444444443 0.17372134038800716
4 0.34399801587301587 0.32892416225749566 0.050099206349206366 0.13403880070546736
6 0.2683531746031746 0.26631393298059963 0.026785714285714305 0.12698412698412695
4 0.30406746031746035 0.44620811287477957 0.04960317460317462 0.19047619047619052
4 0.2232142857142857 0.5568783068783069 0.058531746031746046 0.20899470899470898
4 0.14930555555555555 0.39682539682539686 0.053571428571428575 0.15167548500881828
4 0.054315476190476185 0.42989417989417994 0.056051587301587304 0.17901234567901242
4 0.05109126984126984 0.37786596119929455 0.049603174603174593 0.15255731922398588
3 0.012400793650793652 0.37477954144620773 0.024801587301587304 0.17460317460317445
4 0.013144841269841268 0.6044973544973545 0.026289682539682536 0.2495590828924162
