5 0.46928400000000003 0.630579 0.009081 0.014245
6 0.6929563492063493 0.9422398589065256 0.04861111111111114 0.11199294532627846
6 0.013640873015873018 0.9096119929453264 0.027281746031746032 0.18077601410934746
1 0.08854166666666669 0.9087301587301587 0.17708333333333337 0.17901234567901197
4 0.18229166666666663 0.6587301587301587 0.05109126984126984 0.1746031746031747
4 0.6121031746031746 0.7350088183421516 0.066468253968254 0.14550264550264558
4 0.7663690476190476 0.5520282186948853 0.05059523809523796 0.13051146384479714
4 0.6297123015873016 0.5242504409171076 0.04811507936507937 0.10670194003527335
4 0.6091269841269842 0.5850970017636685 0.05753968253968246 0.12257495590828917
4 0.5567956349206349 0.6265432098765431 0.07390873015873012 0.09788359788359792
4 0.5267857142857143 0.5551146384479718 0.042658730158730264 0.1014109347442681
4 0.5515873015873016 0.5348324514991182 0.06150793650793652 0.10670194003527342
1 0.25768849206349187 0.6111111111111116 0.45684523809523775 0.1728395061728385
