5 0.6513800000000001 0.678932 0.010552 0.012987
6 0.29365079365079366 0.27292768959435626 0.03571428571428569 0.13668430335097004
4 0.5503472222222222 0.3805114638447972 0.04811507936507937 0.15255731922398588
4 0.9064980158730158 0.6199294532627866 0.07787698412698404 0.20987654320987667
4 0.3516865079365079 0.5048500881834215 0.06547619047619048 0.16313932980599652
4 0.21403769841269843 0.6591710758377425 0.0798611111111111 0.20899470899470893
4 0.1480654761904762 0.4528218694885362 0.07390873015873016 0.1701940035273369
4 0.10491071428571429 0.41710758377425045 0.05208333333333335 0.15167548500881836
4 0.08457341269841269 0.4118165784832451 0.045138888888888874 0.1604938271604938
4 0.04662698412698413 0.4651675485008818 0.05654761904761904 0.17195767195767203
4 0.027777777777777776 0.6728395061728395 0.05555555555555555 0.28042328042328046
3 0.014384920634920634 0.4126984126984127 0.028769841269841268 0.1569664902998236
1 0.46329365079365054 0.4351851851851848 0.45337301587301587 0.1525573192239854
1 0.11359126984126978 0.7235449735449732 0.22718253968253957 0.2936507936507933
