5 0.20901 0.6471859999999999 0.007305000000000001 0.007215
4 0.8120212395543175 0.5974930362116991 0.06189066852367688 0.17270194986072418
4 0.7587482590529249 0.7715877437325903 0.17157033426183843 0.19777158774373263
4 0.6843227715877437 0.6462395543175488 0.08382660167130922 0.2033426183844012
4 0.7097841225626741 0.5292479108635098 0.0564066852367688 0.15877437325905297
4 0.5726845403899722 0.5954038997214486 0.09087743732590498 0.2047353760445681
4 0.5339049442896936 0.9206128133704732 0.09479456824512532 0.15877437325905247
3 0.43362639275766013 0.6142061281337047 0.06815807799442894 0.14206128133704732
2 0.4046396239554317 0.6065459610027856 0.14336699164345404 0.17409470752089135
4 0.3842705431754874 0.552924791086351 0.13239902506963788 0.20334261838440107
4 0.27067374651810583 0.5661559888579387 0.17940459610027848 0.13231197771587744
1 0.3846622562674094 0.9087743732590517 0.7693245125348187 0.18245125348189353
1 0.8613335654596099 0.669220055710306 0.27733286908077975 0.23816155988857923
