5 0.5446287519747236 0.39747191011235955 0.005529225908372908 0.014044943820224703
3 0.39186507936507936 0.4193121693121693 0.029761904761904816 0.11375661375661367
2 0.3449900793650795 0.4744268077601408 0.07192460317460315 0.1075837742504407
4 0.027281746031746032 0.6296296296296297 0.04166666666666667 0.12345679012345677
1 0.3144841269841267 0.7442680776014111 0.4176587301587298 0.29453262786596074
4 0.5104166666666667 0.35361552028218696 0.032738095238095254 0.05467372134038804
4 0.47346230158730157 0.4298941798941799 0.03521825396825392 0.08906525573192241
1 0.6681547619047621 0.5008818342151673 0.30158730158730135 0.16049382716049324
4 0.4975198412698413 0.5842151675485009 0.04662698412698418 0.12786596119929441
4 0.5803571428571429 0.7358906525573192 0.05853174603174608 0.14373897707231037
4 0.7286706349206349 0.7094356261022926 0.049603174603174406 0.09435626102292773
4 0.9171626984126985 0.49514991181657847 0.048611111111111 0.08201058201058203
4 0.9709821428571429 0.458994708994709 0.02827380952380963 0.09788359788359785
