5 0.839071 0.562414 0.004353 0.006683
3 0.703516713091922 0.5452646239554317 0.03603760445682454 0.11838440111420617
2 0.7524808495821727 0.5619777158774373 0.09636142061281333 0.13788300835654602
6 0.7571814066852366 0.6636490250696379 0.05405640668523674 0.16016713091922014
6 0.08813544568245124 0.456824512534819 0.06659122562674094 0.10027855153203341
4 0.17431232590529247 0.4818941504178273 0.03525417827298052 0.1114206128133705
4 0.0994951253481894 0.5076601671309191 0.04700557103064067 0.07938718662952646
4 0.3168958913649025 0.6817548746518106 0.06189066852367688 0.16295264623955433
4 0.1206476323119777 0.6657381615598886 0.06894150417827298 0.13649025069637888
4 0.08069289693593315 0.8084958217270196 0.05797353760445682 0.16573816155988866
4 0.5256789693593312 0.6789693593314773 0.11751392757660202 0.11281337047353672
4 0.56641713091922 0.8955431754874652 0.0861768802228412 0.12534818941504183
4 0.5233286908077993 0.9526462395543175 0.053272980501392696 0.07520891364902496
1 0.3905379526462396 0.5654596100278552 0.36115947075208915 0.11977715877437327
1 0.6960741643454043 0.8001392757660166 0.47867339832869077 0.23259052924791102
