5 0.332235 0.694313 0.008606 0.011079
6 0.7856104651162791 0.4108527131782946 0.04069767441860478 0.16537467700258404
4 0.9113372093023255 0.43992248062015504 0.05523255813953483 0.17183462532299743
4 0.8135901162790696 0.6330749354005168 0.045784883720930196 0.1524547803617572
4 0.7452761627906977 0.7280361757105943 0.14898255813953498 0.18992248062015485
4 0.7819767441860465 0.8992248062015503 0.10465116279069775 0.1782945736434108
4 0.6904069767441859 0.9076227390180879 0.06395348837209297 0.17700258397932814
4 0.5109011627906976 0.6498708010335917 0.10319767441860464 0.17312661498708004
3 0.4320494186046511 0.6001291989664083 0.06177325581395344 0.20025839793281647
2 0.41315406976744184 0.638888888888889 0.1286337209302326 0.17441860465116277
1 0.8466569767441859 0.650516795865633 0.30668604651162795 0.20284237726098184
1 0.48328488372093026 0.9043927648578811 0.7834302325581396 0.18863049095607237
