5 0.4415481832543444 0.4473314606741573 0.011058451816745673 0.02106741573033709
4 0.7996031746031746 0.5268959435626103 0.07142857142857154 0.19841269841269843
4 0.8697916666666665 0.7817460317460316 0.08680555555555557 0.22134038800705455
4 0.7916666666666667 0.7980599647266314 0.10912698412698404 0.20987654320987645
4 0.3365575396825397 0.3558201058201058 0.09374999999999996 0.18783068783068774
6 0.27951388888888884 0.3077601410934744 0.06795634920634921 0.16402116402116398
4 0.35714285714285715 0.6984126984126985 0.09623015873015874 0.19047619047619052
4 0.3315972222222222 0.7438271604938271 0.09077380952380952 0.18606701940035278
3 0.4813988095238095 0.4925044091710758 0.04513888888888886 0.2231040564373898
2 0.5240575396825397 0.5216049382716049 0.14533730158730152 0.19841269841269835
1 0.1083829365079366 0.5498236331569665 0.2167658730158732 0.297178130511464
1 0.5515873015873015 0.885361552028219 0.751984126984127 0.22222222222222224
4 0.984375 0.5811287477954145 0.03125 0.21164021164021157
