5 0.844017 0.593908 0.006575 0.009497
6 0.7056686046511628 0.6266149870801033 0.03924418604651152 0.14728682170542634
3 0.6417151162790699 0.5310077519379846 0.027616279069767487 0.13695090439276492
2 0.6642441860465117 0.5439276485788114 0.08720930232558147 0.1266149870801034
4 0.5 0.687984496124031 0.08430232558139529 0.15116279069767452
4 0.5505087209302326 0.8791989664082687 0.07776162790697669 0.16925064599483208
4 0.46075581395348836 0.9244186046511627 0.06540697674418602 0.10465116279069761
4 0.31468023255813954 0.6531007751937985 0.04215116279069761 0.169250645994832
4 0.08357558139534885 0.7913436692506459 0.04651162790697673 0.1589147286821705
4 0.11119186046511627 0.6511627906976745 0.07703488372093022 0.1343669250645994
4 0.14789244186046513 0.4670542635658914 0.029796511627906988 0.1175710594315246
4 0.08938953488372092 0.5025839793281653 0.04651162790697674 0.10335917312661494
6 0.037427325581395346 0.45219638242894056 0.06031976744186046 0.10594315245478043
1 0.3179505813953489 0.5529715762273902 0.3495639534883721 0.13695090439276492
1 0.6184593023255814 0.7706718346253228 0.47674418604651164 0.21576227390180874
