5 0.15126382306477093 0.4143258426966292 0.011848341232227515 0.019662921348314627
6 0.6681547619047621 0.24029982363315697 0.030753968253968225 0.12257495590828923
1 0.853422619047619 0.34347442680775997 0.29216269841269865 0.18783068783068763
3 0.5287698412698413 0.3095238095238095 0.04861111111111114 0.09700176366843034
2 0.5181051587301587 0.28350970017636684 0.08283730158730158 0.11022927689594354
4 0.34102182539682546 0.39638447971781304 0.0362103174603174 0.09611992945326278
4 0.31374007936507936 0.44929453262786595 0.041170634920634906 0.11552028218694886
4 0.2212301587301588 0.41269841269841256 0.09027777777777794 0.12345679012345673
6 0.449404761904762 0.5114638447971781 0.03472222222222222 0.16754850088183423
4 0.48933531746031744 0.4885361552028219 0.03224206349206348 0.1569664902998236
4 0.5131448412698413 0.5092592592592592 0.02628968253968253 0.15255731922398583
4 0.5287698412698413 0.47001763668430335 0.03968253968253976 0.1428571428571429
4 0.5337301587301587 0.4329805996472663 0.03769841269841279 0.13051146384479714
1 0.487103174603174 0.5802469135802464 0.44146825396825373 0.3139329805996473
4 0.7130456349206349 0.9625220458553791 0.09771825396825407 0.07495590828924151
