5 0.6530030000000001 0.61544 0.008929 0.018759
3 0.6051587301587299 0.5229276895943565 0.08134920634920646 0.14109347442680834
2 0.5912698412698413 0.49074074074074076 0.13492063492063486 0.1754850088183421
4 0.7408234126984127 0.49382716049382713 0.05902777777777786 0.15873015873015872
4 0.7708333333333333 0.5930335097001763 0.07440476190476204 0.20723104056437386
4 0.8219246031746031 0.5114638447971782 0.07142857142857138 0.17813051146384482
4 0.9119543650793651 0.7023809523809524 0.07291666666666657 0.21604938271604937
1 0.9499007936507938 0.5458553791887124 0.1001984126984124 0.1622574955908289
4 0.4491567460317461 0.6313932980599648 0.06894841269841273 0.19400352733686063
4 0.27802579365079366 0.75 0.06299603174603174 0.1772486772486772
4 0.22296626984126985 0.6538800705467372 0.08085317460317462 0.22663139329805992
4 0.04637896825396824 0.6970899470899471 0.0927579365079365 0.21075837742504397
1 0.567956349206349 0.8461199294532628 0.7668650793650788 0.30776014109347455
