5 0.219968 0.8708509999999999 0.011364 0.015873
6 0.5419146825396826 0.2614638447971781 0.04513888888888886 0.13315696649029984
3 0.25967261904761907 0.3783068783068783 0.056051587301587276 0.12874779541446205
4 0.26016865079365076 0.41975308641975284 0.04414682539682537 0.14462081128747786
4 0.32911706349206343 0.4003527336860671 0.09474206349206382 0.15520282186948814
4 0.3948412698412699 0.4069664902998235 0.05952380952380945 0.17019400352733702
4 0.42311507936507936 0.41798941798941797 0.0625 0.181657848324515
4 0.5796130952380952 0.46649029982363316 0.10565476190476182 0.18342151675485013
4 0.6800595238095238 0.45679012345679015 0.037698412698412655 0.21164021164021166
4 0.7135416666666665 0.5524691358024691 0.079861111111111 0.21957671957671956
4 0.17435515873015872 0.7473544973544973 0.11557539682539683 0.2760141093474426
1 0.2529761904761905 0.6807760141093471 0.505952380952381 0.2980599647266316
1 0.7497519841269841 0.42283950617283944 0.4836309523809524 0.15255731922398594
2 0.24404761904761904 0.3835978835978829 0.11309523809523805 0.14285714285714277
