5 0.6217530000000001 0.7243870000000001 0.008117 0.011544
6 0.6155753968253969 0.3381834215167548 0.03472222222222222 0.1507936507936508
4 0.3598710317460318 0.43342151675485013 0.06994047619047614 0.15255731922398588
3 0.30282738095238093 0.38580246913580246 0.04513888888888886 0.1313932980599647
2 0.27157738095238093 0.39197530864197533 0.1175595238095238 0.15255731922398588
4 0.2698412698412699 0.4404761904761905 0.04662698412698415 0.16313932980599638
4 0.09623015873015874 0.548941798941799 0.08035714285714285 0.1666666666666668
4 0.16641865079365079 0.7663139329805996 0.09672619047619045 0.23104056437389772
4 0.020089285714285716 0.7438271604938271 0.04017857142857143 0.281305114638448
1 0.26165674603174593 0.6926807760141095 0.5213293650793649 0.29541446208112826
1 0.7604166666666664 0.4413580246913581 0.47916666666666624 0.154320987654321
