5 0.4399684044233807 0.6615168539325842 0.014218009478672897 0.011235955056179848
6 0.4645337301587301 0.3972663139329806 0.030257936507936522 0.11199294532627867
3 0.39335317460317465 0.4598765432098766 0.05158730158730151 0.07319223985890652
2 0.3787202380952381 0.44179894179894175 0.0818452380952381 0.11816578483245152
4 0.3442460317460318 0.5352733686067019 0.05654761904761905 0.12522045855379196
4 0.7547123015873015 0.6829805996472663 0.04712301587301582 0.19135802469135796
4 0.8777281746031745 0.6119929453262788 0.047123015873015955 0.1763668430335097
4 0.9437003968253969 0.49779541446208114 0.055059523809523794 0.15079365079365076
1 0.7532242063492046 0.45987654320987614 0.3695436507936504 0.13668430335096965
4 0.5637400793650794 0.4925044091710758 0.04414682539682545 0.11552028218694886
4 0.48462301587301587 0.5326278659611993 0.03968253968253961 0.10405643738977076
4 0.4429563492063492 0.4801587301587303 0.043650793650793523 0.12962962962962957
6 0.29811507936507936 0.654320987654321 0.04960317460317469 0.18871252204585545
4 0.14459325396825395 0.5899470899470899 0.0421626984126984 0.18165784832451506
1 0.39211309523809423 0.693562610229277 0.4786706349206339 0.2513227513227507
