5 0.7073820395738204 0.5040595399188093 0.00837138508371396 0.012178619756427622
4 0.7395543175487463 0.4477715877437326 0.04543871866295248 0.10167130919220056
4 0.7583565459610025 0.729108635097493 0.07050835654596099 0.2158774373259053
0 0.8217705431754874 0.8412256267409469 0.35645891364902516 0.3175487465181061
4 0.6490685933147631 0.46796657381615603 0.07285863509749305 0.06406685236768801
4 0.560149721448468 0.48816155988857945 0.03603760445682461 0.13231197771587738
4 0.5476149025069637 0.6051532033426185 0.05483983286908078 0.18523676880222845
4 0.22993558495821723 0.3962395543175487 0.04935584958217269 0.1295264623955431
4 0.19820682451253482 0.40807799442896936 0.042305013927576594 0.13927576601671304
4 0.14493384401114207 0.5215877437325905 0.04543871866295264 0.1545961002785515
1 0.09792827298050139 0.5480501392757663 0.19585654596100277 0.16573816155988808
6 0.21387534818941503 0.9045961002785515 0.06267409470752089 0.1880222841225627
