5 0.7279299847792998 0.557510148849797 0.014459665144596557 0.013531799729364025
4 0.6381448412698412 0.5304232804232804 0.06200396825396823 0.11552028218694893
4 0.5481150793650794 0.43253968253968256 0.0019841269841269593 0.0008818342151676006
4 0.5327380952380952 0.49382716049382713 0.05654761904761905 0.11640211640211647
4 0.5250496031746031 0.46957671957671954 0.04315476190476183 0.1666666666666667
4 0.4682539682539682 0.5224867724867726 0.0863095238095238 0.1507936507936508
4 0.3740079365079365 0.5939153439153438 0.05952380952380949 0.14550264550264544
4 0.49900793650793646 0.7191358024691358 0.14880952380952372 0.18783068783068785
4 0.498015873015873 0.8756613756613757 0.11904761904761905 0.20458553791887113
4 0.1681547619047619 0.7248677248677248 0.06349206349206353 0.19047619047619052
4 0.04216269841269841 0.662257495590829 0.08432539682539682 0.2063492063492064
1 0.30877976190476164 0.6706349206349206 0.4925595238095234 0.18430335097001754
1 0.11011904761904762 0.9378306878306875 0.22023809523809523 0.12433862433862432
