5 0.6676139999999999 0.538961 0.005682 0.007215
6 0.6423611111111112 0.3910934744268077 0.033730158730158735 0.05908289241622576
1 0.7884424603174591 0.45326278659612 0.25744047619047605 0.10582010582010624
1 0.9476686507936509 0.6715167548500881 0.10466269841269835 0.19488536155202824
4 0.6128472222222222 0.5480599647266314 0.03621031746031747 0.10493827160493836
4 0.6173115079365079 0.507936507936508 0.03521825396825392 0.09700176366843032
6 0.4459325396825396 0.37918871252204583 0.017857142857142846 0.07407407407407404
4 0.40972222222222215 0.4713403880070547 0.03472222222222222 0.09611992945326285
4 0.45337301587301587 0.7530864197530864 0.05753968253968253 0.14285714285714277
4 0.30183531746031744 0.5216049382716049 0.035218253968253954 0.11022927689594354
0 0.20312499999999997 0.6662257495590828 0.40426587301587297 0.23897707231040535
4 0.279265873015873 0.39770723104056427 0.021825396825396873 0.0687830687830688
4 0.10590277777777779 0.9761904761904762 0.04613095238095241 0.047619047619047734
