5 0.5355450236966824 0.5252808988764045 0.009478672985782026 0.019662921348314627
6 0.6550099206349206 0.164021164021164 0.03621031746031747 0.14109347442680772
4 0.8350694444444445 0.32098765432098764 0.05009920634920647 0.14638447971781307
4 0.7301587301587301 0.3165784832451499 0.046626984126984045 0.15696649029982365
4 0.7867063492063493 0.4841269841269842 0.04861111111111114 0.16225749559082892
4 0.6929563492063491 0.5194003527336861 0.08234126984126973 0.15873015873015872
4 0.579861111111111 0.4475308641975309 0.05853174603174594 0.14726631393298056
1 0.6252480158730155 0.35405643738977033 0.46577380952380937 0.24250440917107594
1 0.8963293650793651 0.8090828924162257 0.2043650793650795 0.3783068783068782
4 0.46081349206349204 0.6102292768959436 0.06746031746031754 0.22045855379188722
4 0.12946428571428573 0.2927689594356261 0.0515873015873016 0.14991181657848326
