5 0.5974124809741249 0.547361299052774 0.009132420091324178 0.014884979702300427
3 0.6822916666666667 0.5943562610229277 0.050099206349206324 0.16049382716049393
2 0.7420634920634922 0.6067019400352734 0.1259920634920634 0.16402116402116412
4 0.7274305555555555 0.5352733686067019 0.05009920634920647 0.11992945326278658
4 0.7311507936507937 0.5083774250440917 0.036706349206349104 0.12433862433862437
4 0.6468253968253969 0.49470899470899465 0.05257936507936506 0.13051146384479714
4 0.5381944444444444 0.544973544973545 0.06746031746031747 0.13932980599647266
4 0.5285218253968255 0.6662257495590829 0.06795634920634917 0.2001763668430336
4 0.38442460317460314 0.5317460317460317 0.04960317460317455 0.12169312169312164
4 0.37152777777777773 0.5105820105820105 0.05357142857142854 0.13580246913580246
4 0.12946428571428573 0.6208112874779542 0.06746031746031747 0.18694885361552024
4 0.16517857142857142 0.9316578483245149 0.09325396825396824 0.13492063492063508
1 0.222222222222222 0.6547619047619045 0.444444444444444 0.17372134038800666
1 0.7301587301587297 0.8862433862433866 0.5396825396825392 0.22751322751322733
