5 0.3731953801732435 0.8695466210436271 0.008180943214629508 0.0059880239520957446
6 0.5213293650793651 0.9153439153439155 0.05555555555555557 0.1640211640211639
6 0.3834325396825397 0.32583774250440917 0.022817460317460247 0.10493827160493825
4 0.4092261904761905 0.4303350970017636 0.041666666666666706 0.08641975308641989
4 0.4952876984126985 0.48104056437389775 0.052083333333333356 0.10670194003527342
4 0.45932539682539686 0.6234567901234568 0.07142857142857145 0.12169312169312164
4 0.06274801587301587 0.5687830687830688 0.07291666666666667 0.14814814814814825
0 0.19791666666666655 0.6371252204585535 0.3958333333333331 0.2583774250440917
4 0.6024305555555556 0.6164021164021165 0.0629960317460317 0.1058201058201059
4 0.6103670634920635 0.5855379188712523 0.05406746031746024 0.10758377425044095
4 0.7824900793650794 0.5683421516754847 0.05208333333333348 0.14021164021164062
4 0.8501984126984127 0.42460317460317454 0.04761904761904759 0.11199294532627867
4 0.9360119047619048 0.4435626102292769 0.04464285714285723 0.10229276895943556
1 0.8561507936507919 0.4007936507936507 0.2876984126984121 0.12962962962963023
