5 0.312906 0.394661 0.008929 0.010101
3 0.42807539682539686 0.4836860670194003 0.132936507936508 0.18077601410934746
4 0.47867063492063494 0.54673721340388 0.1954365079365079 0.1657848324514991
4 0.5952380952380952 0.49426807760141095 0.11805555555555557 0.2495590828924162
4 0.466765873015873 0.3703703703703704 0.07837301587301589 0.1675485008818342
2 0.3687996031746031 0.45546737213403865 0.17708333333333312 0.20899470899470896
4 0.2249503968253967 0.5145502645502641 0.11855158730158717 0.2354497354497353
4 0.8583829365079364 0.48677248677248675 0.10168650793650798 0.25925925925925924
4 0.7321428571428572 0.5577601410934744 0.16468253968253962 0.2248677248677248
1 0.8680555555555556 0.5260141093474426 0.26388888888888884 0.26014109347442677
1 0.37797619047619047 0.8505291005291005 0.7559523809523809 0.29894179894179934
