5 0.6452919999999999 0.505051 0.00974 0.011544
4 0.6681547619047619 0.4056437389770723 0.08829365079365083 0.16402116402116398
4 0.7616567460317458 0.5573192239858911 0.1364087301587307 0.23633156966490312
4 0.5200892857142857 0.5202821869488536 0.11259920634920632 0.17460317460317462
4 0.3715277777777778 0.6688712522045855 0.09226190476190482 0.2231040564373899
3 0.2961309523809524 0.441358024691358 0.08432539682539687 0.13139329805996475
2 0.1919642857142857 0.4118165784832452 0.12301587301587301 0.1763668430335097
6 0.05208333333333334 0.7076719576719577 0.10416666666666669 0.279541446208113
1 0.25124007936507936 0.8029100529100524 0.5024801587301587 0.39417989417989396
1 0.7460317460317458 0.4492945326278659 0.5079365079365079 0.19488536155202812
