5 0.5 0.6179775280898876 0.017377567140600333 0.030898876404494402
4 0.8237726323119776 0.8899721448467968 0.1574686629526461 0.2200557103064067
4 0.8088875348189414 0.5877437325905293 0.07912604456824511 0.17270194986072426
4 0.6580779944289694 0.5341225626740947 0.09401114206128128 0.14902506963788306
4 0.5511403203342617 0.520891364902507 0.06659122562674093 0.16713091922005574
4 0.4661385793871865 0.49373259052924795 0.05954038997214489 0.1573816155988858
4 0.42109157381615586 0.5006963788300836 0.052489554317548724 0.13509749303621163
4 0.2542217966573816 0.564066852367688 0.08382660167130915 0.14484679665738162
4 0.16451949860724238 0.616295264623956 0.10341225626740941 0.18523676880222795
1 0.746953342618384 0.6991643454038994 0.5060933147632308 0.2423398328690808
