5 0.7522831050228311 0.5202976995940459 0.00989345509893468 0.012178619756427622
6 0.7574404761904762 0.2464726631393298 0.05853174603174608 0.11022927689594358
4 0.7951388888888888 0.4572310405643739 0.10615079365079354 0.1649029982363316
4 0.6068948412698413 0.27292768959435626 0.055059523809523725 0.09611992945326282
4 0.4630456349206349 0.34215167548500885 0.09871031746031747 0.12169312169312171
4 0.5724206349206357 0.8893298059964725 0.1121031746031747 0.2213403880070544
4 0.34523809523809523 0.7649911816578484 0.14980158730158735 0.2389770723104057
4 0.30133928571428575 0.6300705467372134 0.07787698412698411 0.18606701940035264
4 0.2180059523809524 0.5216049382716049 0.06101190476190478 0.1772486772486772
4 0.16517857142857145 0.48941798941798936 0.053571428571428575 0.1693121693121693
4 0.2224702380952381 0.32539682539682535 0.056051587301587276 0.10758377425044088
4 0.3628472222222222 0.2328042328042328 0.02529761904761912 0.1111111111111111
0 0.4675099206349205 0.5824514991181657 0.5124007936507937 0.2619047619047619
