5 0.22808400000000004 0.507215 0.008117 0.010101
0 0.26430722891566244 0.8562822719449228 0.526678141135972 0.28743545611015436
4 0.1592620481927711 0.7753872633390705 0.047439759036144585 0.18760757314974186
4 0.3645116179001721 0.5146299483648882 0.08616609294320142 0.09638554216867469
4 0.4409961273666093 0.4604130808950086 0.03582185886402747 0.10499139414802058
4 0.6123601549053356 0.5516351118760757 0.12682874354561108 0.11187607573149741
4 0.6307551635111877 0.47160068846815834 0.04356712564543905 0.12392426850258176
4 0.8548838209982788 0.44836488812392433 0.04066265060240951 0.1256454388984509
4 0.9299160929432014 0.4371772805507746 0.04550344234079176 0.14457831325301207
1 0.9709552495697074 0.5714285714285714 0.05808950086058531 0.11703958691910499
