5 0.310065 0.397547 0.006494 0.015873
3 0.4347718253968253 0.4713403880070545 0.13740079365079358 0.1843033509700179
4 0.42584325396825407 0.546737213403879 0.09275793650793628 0.18165784832451287
4 0.484623015873016 0.3765432098765432 0.066468253968254 0.1798941798941799
2 0.35441468253968256 0.4484126984126984 0.1552579365079365 0.2301587301587302
4 0.2492559523809524 0.5255731922398589 0.08779761904761908 0.22927689594356265
4 0.605406746031746 0.5044091710758377 0.09077380952380949 0.25573192239858905
4 0.7881944444444445 0.5714285714285714 0.09226190476190467 0.24514991181657841
4 0.8913690476190476 0.4973544973544973 0.08134920634920632 0.24514991181657847
1 0.8700396825396826 0.5246913580246914 0.25992063492063494 0.2627865961199295
1 0.375248015873016 0.8500881834215173 0.750496031746032 0.2998236331569654
