5 0.36757990867579904 0.4445196211096076 0.009132420091324249 0.009472259810554818
3 0.7552083333333333 0.5268959435626103 0.055059523809523794 0.1578483245149912
2 0.8115079365079364 0.5396825396825397 0.14087301587301582 0.15520282186948856
4 0.5999503968253969 0.41798941798941797 0.047123015873015886 0.11816578483245145
4 0.5786210317460317 0.38492063492063494 0.03125 0.14021164021164018
6 0.5575396825396826 0.38183421516754845 0.028769841269841265 0.14109347442680778
4 0.5143849206349206 0.3950617283950617 0.038690476190476206 0.11992945326278658
4 0.5267857142857144 0.484567901234568 0.04662698412698398 0.15255731922398585
4 0.4466765873015873 0.4012345679012346 0.060019841269841265 0.11992945326278658
4 0.46875 0.5648148148148148 0.05257936507936506 0.15961199294532633
4 0.1763392857142857 0.5401234567901234 0.05704365079365079 0.18077601410934746
1 0.2844742063492062 0.5846560846560851 0.5034722222222221 0.16402116402116346
1 0.7690972222222223 0.8544973544973545 0.4618055555555553 0.2910052910052909
