5 0.3637440758293839 0.6551966292134831 0.013428120063191216 0.023876404494382088
6 0.2834821428571429 0.13447971781305113 0.035218253968253996 0.12081128747795412
1 0.2509920634920635 0.2610229276895945 0.40873015873015867 0.16578483245149914
1 0.07167658730158726 0.6005291005291004 0.1433531746031745 0.289241622574956
4 0.3353174603174604 0.5630511463844797 0.09722222222222239 0.1754850088183421
4 0.4608134920634921 0.35361552028218696 0.07242063492063494 0.1552028218694885
4 0.6875 0.3844797178130511 0.07142857142857138 0.14109347442680775
4 0.7797619047619048 0.4387125220458553 0.04662698412698418 0.17901234567901234
0 0.9335317460317456 0.5978835978835979 0.13293650793650777 0.275132275132275
4 0.9930555555555556 0.18033509700176367 0.012896825396825306 0.12257495590828926
