5 0.5384107236891594 0.38185898579157007 0.009257692018354944 0.013653567960683939
3 0.6969246031746031 0.3862433862433862 0.06150793650793645 0.15167548500881833
2 0.722718253968254 0.3955026455026454 0.09523809523809533 0.14021164021164018
4 0.5620039682539683 0.5577601410934744 0.07242063492063487 0.1649029982363316
4 0.5458829365079365 0.2962962962962963 0.0689484126984128 0.10582010582010579
6 0.3526785714285714 0.2204585537918871 0.026785714285714236 0.11992945326278658
1 0.285218253968254 0.40388007054673736 0.42361111111111116 0.18518518518518554
1 0.7051091269841266 0.7275132275132276 0.5808531746031744 0.33862433862433866
4 0.9898313492063491 0.6216931216931217 0.020337301587301654 0.15520282186948847
4 0.6827876984126982 0.8452380952380966 0.13244047619047666 0.23368606701940065
