5 0.749594 0.715007 0.013799 0.012987
6 0.308531746031746 0.28703703703703703 0.05257936507936506 0.13492063492063494
3 0.1076388888888889 0.4091710758377425 0.0843253968253968 0.14462081128747797
2 0.044642857142857144 0.390652557319224 0.08928571428571429 0.16225749559082897
4 0.17782738095238096 0.4104938271604938 0.045138888888888895 0.1807760141093474
4 0.20610119047619044 0.4298941798941799 0.045138888888888895 0.1613756613756614
4 0.27182539682539686 0.5414462081128747 0.05456349206349206 0.22222222222222215
4 0.30803571428571425 0.46560846560846564 0.0555555555555555 0.17107583774250443
4 0.4449404761904762 0.5665784832451499 0.07043650793650798 0.18606701940035264
4 0.8184523809523809 0.6384479717813051 0.07142857142857138 0.2363315696649029
1 0.5414186507936508 0.4237213403880072 0.4627976190476191 0.15432098765432084
1 0.15203373015873034 0.7098765432098759 0.3040674603174606 0.312169312169313
