5 0.3245814307458143 0.43640054127198924 0.011415525114155223 0.014884979702300356
6 0.11594707520891365 0.35306406685236774 0.02977019498607243 0.1434540389972145
4 0.2025156685236769 0.4122562674094708 0.10262883008356546 0.14206128133704732
4 0.36429317548746526 0.38509749303621177 0.09871169916434523 0.1239554317548747
4 0.7152681058495821 0.34052924791086353 0.07990947075208908 0.11281337047353766
4 0.6130309888579386 0.334958217270195 0.03682103064066851 0.09052924791086352
4 0.6690459610027856 0.5438718662952646 0.08931058495821716 0.14345403899721454
4 0.567200557103064 0.4394150417827298 0.06110724233983291 0.1406685236768802
4 0.5879613509749303 0.3795264623955432 0.06972493036211702 0.1128133704735376
4 0.5809105153203342 0.3210306406685237 0.03682103064066858 0.11838440111420613
4 0.20799965181058494 0.713091922005571 0.11046309192200553 0.22005571030640667
4 0.45164519498607236 0.5327298050139276 0.0822597493036212 0.1518105849582173
1 0.8127611420612817 0.45752089136490254 0.3744777158774373 0.14623955431754887
0 0.07834261838440112 0.8245125348189408 0.15668523676880225 0.2896935933147634
