5 0.8445890000000001 0.582011 0.009539 0.011532
4 0.7839781746031746 0.628747795414462 0.16517857142857154 0.199294532627866
4 0.47147817460317454 0.6027336860670194 0.06994047619047614 0.18077601410934746
4 0.4243551587301587 0.4925044091710758 0.08382936507936513 0.18077601410934754
4 0.5059523809523809 0.43650793650793646 0.04761904761904759 0.1287477954144621
3 0.5597718253968255 0.5057319223985891 0.06795634920634917 0.16137566137566148
4 0.5897817460317455 0.5903880070546726 0.059523809523809555 0.15961199294532538
4 0.66170634920635 0.5652557319223975 0.1309523809523796 0.1975308641975306
1 0.14955357142857137 0.5462962962962964 0.29811507936507925 0.21957671957671931
1 0.49082341269841273 0.8562610229276896 0.7465277777777779 0.2839506172839505
2 0.5696924603174603 0.5052910052910053 0.10565476190476182 0.16754850088183432
