5 0.262175 0.641414 0.006494 0.010101
4 0.3223798746518105 0.5466573816155988 0.04935584958217269 0.13231197771587738
4 0.43010097493036203 0.5445682451253482 0.0830431754874651 0.15877437325905291
3 0.40111420612813364 0.6469359331476323 0.07990947075208915 0.16573816155988852
2 0.352150069637883 0.6413649025069639 0.1402332869080779 0.182451253481894
4 0.5245038300835654 0.5995821727019499 0.06189066852367688 0.1880222841225626
4 0.6400591922005571 0.532033426183844 0.05170612813370468 0.17270194986072418
4 0.8002698467966574 0.6211699164345403 0.10889623955431744 0.20612813370473546
4 0.8202472144846799 0.7896935933147629 0.11438022284122523 0.2228412256267409
4 0.6138144150417827 0.7103064066852367 0.08852715877437327 0.2256267409470752
4 0.6051967270194986 0.9477715877437326 0.07442548746518106 0.10445682451253475
1 0.8397893454038996 0.6956824512534822 0.3204213091922002 0.2465181058495821
1 0.355675487465181 0.9331476323119757 0.711350974930362 0.13370473537604416
