5 0.4802527646129542 0.6116573033707865 0.01263823064770932 0.018258426966292235
6 0.5225694444444444 0.2107583774250441 0.03422619047619051 0.09876543209876548
4 0.8452380952380952 0.5004409171075838 0.05357142857142861 0.15432098765432095
4 0.6036706349206349 0.8796296296296297 0.12797619047619044 0.21075837742504405
4 0.46304563492063494 0.4797178130511464 0.03918650793650798 0.1534391534391534
4 0.4446924603174603 0.48104056437389775 0.03422619047619051 0.07848324514991191
6 0.3908730158730158 0.3972663139329806 0.03472222222222222 0.08730158730158727
4 0.4188988095238095 0.376984126984127 0.04513888888888886 0.11375661375661374
4 0.35714285714285715 0.4426807760141094 0.024801587301587345 0.14285714285714285
4 0.33804563492063494 0.42592592592592593 0.03025793650793645 0.15873015873015872
4 0.390625 0.48853615520282184 0.03025793650793645 0.1375661375661376
4 0.408234126984127 0.49779541446208114 0.032738095238095254 0.10493827160493822
3 0.40798611111111116 0.2570546737213404 0.056051587301587276 0.08201058201058203
2 0.39657738095238093 0.22751322751322753 0.08085317460317455 0.1146384479717813
1 0.7499999999999989 0.2716049382716047 0.3382936507936509 0.17283950617283905
1 0.36383928571428564 0.5251322751322752 0.44692460317460314 0.30599647266313973
