5 0.6866879999999999 0.575758 0.00974 0.011544
4 0.8284731894150417 0.7151810584958217 0.11202994428969362 0.18802228412256278
4 0.6185149721448467 0.4784122562674095 0.04778899721448468 0.17130919220055715
4 0.5891364902506964 0.48467966573816157 0.04700557103064057 0.14484679665738162
4 0.4724059888579387 0.7527855153203342 0.0924442896935934 0.20752089136490257
4 0.4543871866295264 0.5759052924791086 0.07520891364902503 0.16573816155988857
4 0.31180362116991645 0.5243732590529249 0.05797353760445681 0.11002785515320333
4 0.3889711002785515 0.4616991643454039 0.04152158774373262 0.1545961002785515
4 0.40033077994428967 0.4714484679665738 0.06894150417827305 0.14902506963788298
1 0.44811977715877405 0.703342618384401 0.5562325905292476 0.21727019498607253
1 0.0912691504178273 0.965181058495821 0.1825383008356546 0.0696378830083564
