5 0.7969984202211691 0.9171348314606742 0.02527646129541864 0.04494382022471911
4 0.5381944444444444 0.6653439153439155 0.1716269841269841 0.644620811287478
6 0.5582837301587301 0.5308641975308642 0.148313492063492 0.4797178130511463
3 0.4618055555555556 0.49470899470899465 0.06547619047619051 0.3209876543209876
2 0.5508432539682541 0.5414462081128741 0.11855158730158757 0.222222222222222
4 0.6716269841269841 0.44929453262786595 0.03174603174603177 0.18959435626102297
4 0.6939484126984127 0.45634920634920634 0.03869047619047606 0.21604938271604937
4 0.29910714285714285 0.52336860670194 0.09126984126984126 0.44885361552028213
4 0.19742063492063494 0.44973544973544977 0.04960317460317459 0.2134038800705467
4 0.1341765873015873 0.458994708994709 0.0649801587301587 0.26895943562610236
4 0.07688492063492064 0.4435626102292769 0.04365079365079365 0.23633156966490304
6 0.031001984126984124 0.4395943562610229 0.05505952380952381 0.12786596119929455
1 0.23015873015873026 0.5330687830687821 0.4226190476190479 0.07142857142857147
1 0.06572420634920635 0.8267195767195765 0.1314484126984127 0.30423280423280463
