5 0.737825 0.414141 0.008117 0.011544
3 0.5659722222222222 0.5458553791887125 0.05952380952380949 0.16402116402116398
2 0.5119047619047619 0.5343915343915344 0.1438492063492064 0.19223985890652556
4 0.36904761904761907 0.8615520282186949 0.05753968253968253 0.26631393298059963
4 0.4553571428571429 0.9047619047619048 0.08035714285714285 0.18165784832451506
4 0.4285714285714286 0.8231922398589064 0.06547619047619058 0.298941798941799
4 0.46279761904761885 0.6675485008818342 0.07539682539682518 0.19929453262786642
4 0.5927579365079365 0.5996472663139331 0.07539682539682531 0.24867724867724866
4 0.6793154761904759 0.5604056437389773 0.08085317460317444 0.23368606701940034
4 0.6899801587301587 0.5092592592592592 0.06944444444444443 0.21957671957671956
4 0.7658730158730159 0.623015873015873 0.10119047619047607 0.19488536155202837
4 0.9025297619047619 0.5515873015873016 0.08878968253968253 0.19841269841269835
1 0.9169146825396826 0.5930335097001762 0.1651785714285714 0.20723104056437375
1 0.48660714285714207 0.871693121693122 0.8085317460317448 0.2566137566137558
