5 0.387045813586098 0.5470505617977528 0.01263823064770925 0.015449438202247236
3 0.644593253968254 0.654320987654321 0.042162698412698416 0.19576719576719576
2 0.7157738095238096 0.6772486772486772 0.11706349206349202 0.16931216931216939
4 0.6336805555555556 0.5268959435626102 0.0481150793650793 0.1507936507936508
4 0.5902777777777778 0.5277777777777778 0.04861111111111114 0.13139329805996483
4 0.5233134920634921 0.5233686067019401 0.05456349206349202 0.13315696649029987
4 0.4962797619047619 0.5811287477954145 0.06994047619047614 0.12698412698412703
4 0.5032242063492063 0.7006172839506172 0.05803571428571431 0.18959435626102292
4 0.31299603174603174 0.652116402116402 0.05952380952380956 0.18959435626102292
4 0.13368055555555558 0.6940035273368607 0.07291666666666666 0.15696649029982354
1 0.2080853174603175 0.7125220458553795 0.416170634920635 0.2116402116402111
1 0.6892361111111113 0.9356261022927681 0.6215277777777775 0.12522045855379105
