5 0.32305 0.688272 0.007212 0.010446
6 0.7787698412698413 0.40961199294532624 0.043650793650793676 0.1613756613756614
4 0.9169146825396826 0.44576719576719576 0.059027777777777714 0.17372134038800696
4 0.8286210317460317 0.6353615520282188 0.04414682539682531 0.16666666666666663
4 0.7693452380952381 0.7363315696649031 0.15476190476190482 0.1657848324514991
4 0.8092757936507937 0.9087301587301587 0.09176587301587304 0.1737213403880071
4 0.6994047619047619 0.9188712522045855 0.07837301587301596 0.16225749559082886
4 0.529265873015873 0.658289241622575 0.0982142857142857 0.1666666666666667
3 0.43129960317460314 0.6062610229276896 0.061011904761904746 0.19312169312169317
2 0.4057539682539679 0.6331569664903 0.13888888888888873 0.18342151675485016
1 0.842013888888888 0.6419753086419745 0.3159722222222216 0.20811287477954094
1 0.4990079365079364 0.9078483245149904 0.7202380952380952 0.18430335097001738
