5 0.265017 0.6415529999999999 0.007123000000000001 0.011079
6 0.7658730158730159 0.421957671957672 0.05456349206349202 0.1719576719576719
4 0.9513888888888888 0.46164021164021163 0.046626984126984045 0.17019400352733682
4 0.8950892857142857 0.6521164021164022 0.07986111111111115 0.20723104056437391
4 0.9412202380952381 0.746031746031746 0.1175595238095238 0.2310405643738978
4 0.9615575396825398 0.9695767195767191 0.07688492063492038 0.06084656084656062
4 0.748263888888889 0.9448853615520278 0.06398809523809475 0.11022927689594454
4 0.6681547619047621 0.6596119929453264 0.09821428571428531 0.20458553791887127
3 0.3774801587301587 0.6018518518518519 0.04563492063492063 0.20017636684303347
2 0.3432539682539682 0.6296296296296297 0.1259920634920635 0.17813051146384473
1 0.4362599206349204 0.9074074074074073 0.7127976190476187 0.1851851851851852
1 0.8090277777777776 0.642857142857143 0.38194444444444364 0.1957671957671961
