5 0.6702211690363349 0.6509831460674157 0.011848341232227427 0.023876404494382015
4 0.8825295961002785 0.483983286908078 0.08382660167130922 0.1183844011142061
4 0.844141713091922 0.9185236768802229 0.07599233983286907 0.16016713091922014
4 0.6843227715877437 0.46587743732590525 0.06502437325905305 0.10445682451253469
4 0.5464397632311977 0.44011142061281333 0.03995473537604461 0.10863509749303617
4 0.4586960306406685 0.40807799442896936 0.03995473537604454 0.1114206128133705
4 0.41090703342618384 0.4867688022284122 0.03682103064066851 0.11838440111420617
4 0.39171309192200554 0.4213091922005572 0.02977019498607241 0.11559888579387184
4 0.3255135793871866 0.42618384401114207 0.06815807799442894 0.10027855153203348
4 0.16765320334261838 0.5201949860724234 0.03603760445682449 0.13231197771587744
1 0.2632311977715874 0.5696378830083563 0.4308844011142056 0.1615598885793875
1 0.0669829387186629 0.8844011142061267 0.1339658774373258 0.23119777158774354
0 0.9776723537604439 0.8871866295264593 0.04465529247910868 0.1643454038997218
