5 0.5770142180094787 0.3335674157303371 0.01026856240126385 0.01264044943820224
2 0.8306051587301587 0.4885361552028219 0.09176587301587304 0.13580246913580246
4 0.4459325396825397 0.36111111111111116 0.04166666666666671 0.09082892416225753
4 0.3869047619047619 0.36331569664903 0.030753968253968297 0.1164021164021164
4 0.23387896825396823 0.38403880070546736 0.03819444444444446 0.12257495590828932
1 0.4441964285714275 0.46649029982363316 0.35664682539682474 0.19047619047618994
4 0.6170634920634922 0.7826278659611993 0.048611111111111216 0.1613756613756614
4 0.6579861111111112 0.9012345679012347 0.055059523809523864 0.19576719576719584
1 0.7909226190476182 0.8245149911816578 0.4181547619047634 0.35097001763668395
4 0.26413690476190477 0.8408289241622575 0.054067460317460354 0.17901234567901242
