5 0.49200913242009137 0.784844384303112 0.015981735159817347 0.024357239512855098
6 0.9843749999999997 0.3165784832451499 0.03125000000000007 0.1340388007054673
3 0.11706349206349205 0.37389770723104054 0.05456349206349206 0.11287477954144624
2 0.07217261904761904 0.36331569664903 0.1056547619047619 0.13227513227513227
6 0.03819444444444444 0.6177248677248677 0.07341269841269842 0.2195767195767197
4 0.41666666666666674 0.5683421516754851 0.05853174603174601 0.17195767195767198
4 0.5004960317460317 0.4960317460317461 0.052579365079365135 0.15255731922398602
4 0.5233134920634921 0.576278659611993 0.05456349206349202 0.17724867724867735
4 0.5815972222222223 0.7579365079365078 0.16914682539682538 0.2125220458553791
4 0.648313492063492 0.47883597883597884 0.04464285714285715 0.181657848324515
4 0.6760912698412699 0.47398589065255736 0.04365079365079353 0.1825396825396826
1 0.4754464285714286 0.3880070546737213 0.36458333333333326 0.1375661375661376
1 0.14161706349206346 0.6468253968253971 0.2832341269841269 0.28306878306878297
