5 0.1402053712480253 0.7113764044943821 0.019747235387045824 0.023876404494381945
6 0.8392857142857142 0.3152557319223986 0.03769841269841279 0.15432098765432106
1 0.919890873015873 0.4647266313932981 0.16021825396825393 0.1693121693121693
3 0.5969742063492063 0.427689594356261 0.04613095238095241 0.17813051146384482
4 0.5451388888888888 0.4501763668430335 0.04265873015873005 0.18430335097001765
4 0.6845238095238096 0.43209876543209874 0.042658730158730264 0.14109347442680778
4 0.6887400793650794 0.5229276895943562 0.04613095238095223 0.17107583774250437
2 0.5875496031746031 0.4285714285714286 0.10466269841269842 0.14814814814814817
4 0.5972222222222222 0.6168430335097002 0.03968253968253976 0.14021164021164018
4 0.32614087301587297 0.8099647266313933 0.08283730158730171 0.16137566137566153
4 0.26537698412698413 0.6234567901234567 0.070436507936508 0.19576719576719573
1 0.6138392857142844 0.7517636684303354 0.615575396825396 0.32363315696649075
