5 0.53609239653513 0.537639007698888 0.006737247353224234 0.0059880239520957446
4 0.29143454038997213 0.5668523676880223 0.05954038997214482 0.15877437325905297
4 0.3149373259052925 0.57033426183844 0.039171309192200604 0.13509749303621177
3 0.491599930362117 0.621866295264624 0.07599233983286915 0.12674094707520886
4 0.4398938022284122 0.5362116991643454 0.04778899721448468 0.1281337047353761
4 0.503351323119777 0.4853760445682451 0.06502437325905291 0.1295264623955432
4 0.6545525766016712 0.5522284122562674 0.06659122562674093 0.16295264623955433
4 0.7469968662952646 0.6845403899721448 0.11986420612813375 0.17966573816155992
4 0.8304317548746516 0.6622562674094707 0.05797353760445688 0.1768802228412256
4 0.6686542479108633 0.9025069637883009 0.1198642061281336 0.19498607242339852
1 0.3889711002785514 0.9025069637883005 0.719968662952646 0.19498607242339813
1 0.8511490250696377 0.661559888579387 0.2977019498607242 0.2061281337047352
