5 0.6758902791145331 0.6706586826347305 0.00433108758421568 0.00513259195893923
6 0.5314980158730158 0.4074074074074074 0.02827380952380942 0.10052910052910051
4 0.26959325396825395 0.4470899470899471 0.05406746031746032 0.07407407407407404
4 0.20238095238095233 0.5101410934744268 0.053571428571428575 0.10141093474426803
4 0.018105158730158732 0.8368606701940036 0.036210317460317464 0.16931216931216939
4 0.37971230158730157 0.7389770723104057 0.06299603174603177 0.1746031746031747
4 0.5967261904761905 0.6746031746031745 0.0575396825396826 0.15873015873015867
4 0.7123015873015873 0.677689594356261 0.0625 0.16137566137566126
4 0.7455357142857143 0.6199294532627866 0.05753968253968253 0.10405643738977083
4 0.7956349206349206 0.6000881834215167 0.05753968253968253 0.12433862433862423
0 0.3306051587301586 0.7178130511463844 0.4211309523809522 0.2416225749559083
1 0.9265873015873015 0.5251322751322751 0.14682539682539653 0.1313932980599649
