5 0.9553569999999999 0.619048 0.012987 0.011544
4 0.8104543871866295 0.8426183844011141 0.11986420612813375 0.16991643454039007
4 0.26009749303621166 0.8391364902506964 0.09401114206128133 0.16852367688022293
4 0.22249303621169914 0.48050139275766013 0.06267409470752092 0.09749303621169922
4 0.16804491643454036 0.4756267409470752 0.028986768802228405 0.11002785515320333
4 0.6882399025069637 0.48467966573816157 0.06345752089136482 0.1281337047353761
4 0.8002698467966574 0.4658774373259053 0.0383878830083566 0.09610027855153205
4 0.6455431754874651 0.40250696378830086 0.072075208913649 0.06406685236768801
0 0.7603151114206124 0.6629526462395541 0.4128655988857934 0.24512534818941462
1 0.13827472144846792 0.42966573816155984 0.27654944289693584 0.12116991643454039
