5 0.7447240000000002 0.416306 0.010552 0.012987
4 0.9141865079365078 0.5502645502645502 0.11904761904761912 0.18871252204585537
4 0.7802579365079364 0.6194885361552028 0.1349206349206348 0.19841269841269835
4 0.673859126984127 0.5555555555555556 0.055059523809523794 0.23104056437389772
4 0.6889880952380952 0.47883597883597884 0.06746031746031747 0.1763668430335097
4 0.5942460317460317 0.6018518518518519 0.07242063492063487 0.24426807760141103
3 0.5753968253968255 0.5485008818342151 0.07142857142857145 0.14462081128747797
2 0.5183531746031745 0.5374779541446209 0.14682539682539691 0.1913580246913581
4 0.46354166666666663 0.6604938271604938 0.10069444444444443 0.1710758377425045
4 0.42981150793650796 0.7958553791887125 0.06299603174603184 0.23721340388007064
4 0.45882936507936506 0.9052028218694886 0.08730158730158727 0.18077601410934746
4 0.3668154761904762 0.8637566137566136 0.08283730158730158 0.26895943562610214
1 0.480654761904762 0.8716931216931221 0.8234126984126985 0.2460317460317462
1 0.9171626984126985 0.5970017636684304 0.16269841269841265 0.21516754850088182
