5 0.43100099999999997 0.6149099999999998 0.006588 0.009497
3 0.06101190476190475 0.6058201058201059 0.051587301587301584 0.15167548500881847
6 0.0753968253968254 0.8646384479717812 0.048611111111111126 0.265432098765432
1 0.17137896825396823 0.8902116402116402 0.34275793650793646 0.21957671957671934
6 0.7968750000000007 0.947089947089947 0.05803571428571422 0.1058201058201062
4 0.7884424603174602 0.5745149911816578 0.05208333333333329 0.1278659611992945
4 0.6455853174603174 0.6159611992945326 0.042162698412698346 0.15784832451499115
4 0.6490575396825398 0.5665784832451499 0.07589285714285708 0.13668430335097
4 0.5711805555555556 0.5533509700176367 0.04513888888888886 0.1507936507936509
4 0.5386904761904762 0.742504409171076 0.0436507936507936 0.19047619047619052
4 0.5064484126984127 0.6005291005291005 0.04861111111111107 0.13051146384479714
4 0.4923115079365079 0.554673721340388 0.04117063492063494 0.12698412698412703
4 0.26066468253968256 0.6754850088183422 0.05803571428571431 0.14109347442680778
1 0.4233630952380951 0.6044973544973545 0.43700396825396814 0.16313932980599663
