5 0.4949740000000001 0.537426 0.007042 0.011655
6 0.3477182539682539 0.4647266313932981 0.030753968253968297 0.11816578483245159
4 0.453125 0.4757495590828924 0.02728174603174608 0.10493827160493822
4 0.5436507936507937 0.4766313932980599 0.04761904761904759 0.09788359788359785
4 0.9459325396825398 0.5317460317460317 0.04761904761904759 0.09700176366843039
4 0.7266865079365078 0.6843033509700177 0.060515873015873044 0.1428571428571429
1 0.8802083333333333 0.5992063492063493 0.23759920634920634 0.1507936507936508
4 0.34598214285714285 0.7720458553791887 0.054067460317460354 0.16313932980599646
4 0.2601686507936508 0.5352733686067019 0.03422619047619051 0.12522045855379196
0 0.1684027777777776 0.8531746031746029 0.3368055555555552 0.26014109347442693
