5 0.7597399999999999 0.601732 0.016234 0.017316
6 0.263640873015873 0.2685185185185185 0.03422619047619047 0.1472663139329806
6 0.6582341269841271 0.9237213403880071 0.09722222222222214 0.14902998236331555
6 0.9556051587301587 0.8306878306878306 0.08581349206349216 0.3315696649029981
4 0.8392857142857143 0.6124338624338624 0.10317460317460331 0.21957671957671948
4 0.4898313492063492 0.4898589065255732 0.07390873015873019 0.1684303350970017
4 0.3373015873015873 0.3315696649029982 0.04067460317460323 0.14462081128747797
4 0.29241071428571425 0.44973544973544977 0.051091269841269805 0.18694885361552033
4 0.22296626984126985 0.5564373897707232 0.061011904761904746 0.21516754850088182
4 0.13988095238095238 0.39506172839506176 0.05357142857142854 0.14285714285714285
4 0.012896825396825396 0.6181657848324515 0.025793650793650792 0.2574955908289241
4 0.04737103174603175 0.4316578483245149 0.05803571428571429 0.17372134038800702
4 0.04017857142857143 0.37918871252204583 0.05158730158730159 0.1569664902998236
3 0.011904761904761904 0.3668430335097002 0.023809523809523808 0.1798941798941799
1 0.4585813492063494 0.4131393298059963 0.46478174603174593 0.15255731922398563
1 0.11210317460317466 0.6979717813051143 0.22420634920634933 0.2883597883597884
