5 0.872329 0.6723650000000001 0.011752 0.012346
6 0.3662517409470752 0.2994428969359331 0.04622214484679667 0.1671309192200557
6 0.4767148328690806 0.6274373259052922 0.06345752089136468 0.22423398328690797
3 0.5178447075208914 0.40041782729805014 0.04700557103064064 0.17130919220055707
2 0.5280292479108635 0.39275766016713093 0.10967966573816156 0.16991643454038993
4 0.46692200557103036 0.4484679665738163 0.08304317548746518 0.1559888579387188
4 0.7387708913649023 0.6225626740947073 0.07834261838440099 0.15598885793871886
4 0.7493471448467965 0.5661559888579387 0.14180013927576596 0.16295264623955433
4 0.4199164345403899 0.5995821727019498 0.06737465181058497 0.18245125348189412
4 0.35645891364902504 0.6392757660167131 0.06110724233983291 0.22005571030640667
4 0.23267757660167127 0.6420612813370474 0.08304317548746518 0.2061281337047354
4 0.1942896935933148 0.5557103064066847 0.059540389972144885 0.2172701949860722
4 0.02977019498607243 0.4498607242339831 0.05954038997214485 0.15877437325905283
1 0.13357416434540384 0.41573816155988835 0.2671483286908077 0.17688022284122554
1 0.43715181058495844 0.7228412256267405 0.6612116991643459 0.3259052924791083
