5 0.695617 0.9004330000000001 0.006494 0.01443
3 0.20839136490250695 0.26880222841225626 0.04387186629526461 0.1281337047353761
2 0.17509575208913644 0.2736768802228412 0.09479456824512536 0.10445682451253485
4 0.17940459610027853 0.30849582172701945 0.02977019498607241 0.12116991643454035
4 0.1551183844011142 0.30362116991643456 0.03447075208913649 0.1253481894150418
4 0.34235724233983283 0.27785515320334264 0.07520891364902507 0.11838440111420613
4 0.49003307799442886 0.26532033426183843 0.07442548746518099 0.12395543175487461
4 0.643584610027855 0.30988857938718667 0.08852715877437327 0.15459610027855153
4 0.7650156685236769 0.5139275766016713 0.11986420612813375 0.15041782729805014
4 0.6377089136490249 0.4568245125348189 0.10027855153203341 0.15598885793871872
4 0.45203690807799435 0.6427576601671309 0.11281337047353766 0.21866295264623944
4 0.7513057103064065 0.8565459610027856 0.09714484679665744 0.23676880222841235
1 0.20486594707520894 0.5438718662952646 0.4097318941504179 0.2604456824512534
1 0.5593662952646237 0.28272980501392775 0.35880919220055646 0.14206128133704699
