5 0.45685799999999993 0.584498 0.005087999999999999 0.007236
6 0.4806547619047619 0.4673721340388008 0.026785714285714305 0.14991181657848324
1 0.37946428571428575 0.6150793650793654 0.45634920634920656 0.1684303350970019
1 0.1532738095238095 0.8999118165784811 0.306547619047619 0.20017636684303303
3 0.009424603174603169 0.6018518518518519 0.016865079365079354 0.1719576719576718
4 0.7363591269841271 0.6552028218694886 0.06597222222222214 0.16578483245149905
4 0.7760416666666665 0.4960317460317461 0.03521825396825406 0.13315696649029982
4 0.8913690476190476 0.48500881834215165 0.043650793650793676 0.12169312169312171
4 0.9813988095238096 0.6834215167548501 0.037202380952380876 0.1763668430335097
4 0.8650793650793651 0.9453262786596119 0.05952380952380949 0.09876543209876544
