5 0.705128 0.8521110000000001 0.018454 0.016403
6 0.8586309523809524 0.28395061728395066 0.033730158730158735 0.13403880070546736
4 0.9241071428571428 0.5282186948853616 0.0912698412698414 0.16225749559082892
4 0.6639384920634922 0.3734567901234568 0.045138888888888715 0.12610229276895946
4 0.5595238095238095 0.4193121693121693 0.0456349206349207 0.10670194003527328
1 0.6711309523809516 0.47398589065255725 0.4533730158730154 0.16137566137566123
4 0.6817956349206349 0.5864197530864197 0.06398809523809518 0.15873015873015872
4 0.26165674603174605 0.41446208112874783 0.06299603174603177 0.12169312169312171
4 0.2542162698412699 0.6291887125220459 0.07291666666666669 0.15608465608465608
4 0.7621527777777777 0.9197530864197531 0.08581349206349202 0.15696649029982354
1 0.8720238095238096 0.7932098765432098 0.2559523809523809 0.283068783068783
