5 0.395721 0.580297 0.007029 0.011496
3 0.434801532033426 0.5912256267409471 0.05640668523676898 0.13788300835654593
6 0.27341573816155984 0.8266016713091922 0.07050835654596099 0.28551532033426186
4 0.4857242339832869 0.6692200557103064 0.05797353760445688 0.17130919220055715
2 0.35410863509749296 0.6030640668523677 0.10027855153203344 0.17548746518105843
4 0.48650766016713093 0.5459610027855153 0.042305013927576664 0.1476323119777158
4 0.5233286908077994 0.5257660167130919 0.03917130919220057 0.15738161559888575
4 0.5852193593314762 0.6309192200557103 0.04700557103064064 0.16991643454038993
4 0.6510271587743732 0.5591922005571032 0.0971448467966573 0.16573816155988857
4 0.6890233286908076 0.6399721448467967 0.04465529247910851 0.1880222841225627
4 0.7211438022284122 0.6594707520891364 0.04152158774373262 0.20194986072423396
4 0.8750870473537603 0.6051532033426184 0.03760445682451248 0.17688022284122568
1 0.8010097493036207 0.6183844011142063 0.39798050139275737 0.16991643454038974
1 0.43989380222840935 0.8850974930362095 0.6196901114206119 0.22980501392757965
