5 0.6818180000000001 0.569986 0.006494 0.011544
4 0.8323903203342614 0.7110027855153206 0.11829735376044576 0.17966573816155995
4 0.47397284122562666 0.7430362116991645 0.09244428969359327 0.21309192200557106
4 0.6204735376044568 0.48607242339832873 0.03760445682451248 0.17270194986072426
4 0.5856110724233983 0.48885793871866295 0.04465529247910858 0.13927576601671313
4 0.45282033426183843 0.5759052924791086 0.072075208913649 0.16573816155988857
4 0.41247388579387184 0.4735376044568245 0.04152158774373262 0.13370473537604446
4 0.3921048050139275 0.4686629526462396 0.05092270194986071 0.13788300835654596
4 0.3110201949860724 0.527158774373259 0.06267409470752089 0.1128133704735376
1 0.44890320334261813 0.7033426183844012 0.5546657381615598 0.22005571030640664
1 0.09205257660167127 0.9637883008356539 0.18410515320334253 0.07242339832869028
