5 0.536526 0.710678 0.00974 0.015873
6 0.8942587209302326 0.3443152454780362 0.039970930232558 0.15891472868217055
4 0.5497819767441859 0.4315245478036176 0.09229651162790695 0.16020671834625333
4 0.4523982558139535 0.45090439276485783 0.12718023255813954 0.1834625322997416
3 0.4967296511627907 0.394702842377261 0.06322674418604655 0.14341085271317822
2 0.4978197674418605 0.3895348837209302 0.09593023255813954 0.15374677002583972
4 0.2903343023255814 0.7881136950904393 0.17659883720930236 0.3023255813953489
4 0.24018895348837208 0.5775193798449613 0.12572674418604649 0.16279069767441853
4 0.11555232558139536 0.7454780361757106 0.1119186046511628 0.27648578811369506
4 0.039607558139534885 0.6821705426356588 0.07485465116279069 0.2687338501291989
4 0.07485465116279069 0.5497416020671834 0.08284883720930232 0.22093023255813954
1 0.8742732558139528 0.4567183462532294 0.2514534883720934 0.16149870801033647
1 0.4120639534883716 0.6828165374676997 0.6511627906976739 0.2984496124030999
