5 0.8736030000000001 0.678647 0.00904 0.010958
6 0.3373015873015873 0.31128747795414463 0.04960317460317462 0.1798941798941799
6 0.45858134920634924 0.6375661375661376 0.07390873015873019 0.24867724867724866
4 0.4747023809523809 0.4387125220458553 0.05952380952380956 0.11904761904761905
3 0.4985119047619048 0.4029982363315696 0.041666666666666644 0.14991181657848324
2 0.5099206349206349 0.4109347442680776 0.11011904761904766 0.1693121693121693
4 0.7380952380952378 0.583333333333332 0.07043650793650767 0.1437389770723102
4 0.7745535714285718 0.6097883597883599 0.12549603174603183 0.1578483245149912
4 0.39335317460317465 0.6111111111111112 0.07837301587301582 0.20105820105820107
4 0.3563988095238095 0.6697530864197531 0.12152777777777779 0.21075837742504405
4 0.173859126984127 0.5630511463844797 0.052083333333333356 0.22134038800705455
4 0.17658730158730157 0.6701940035273368 0.07539682539682538 0.23104056437389764
1 0.12326388888888878 0.42813051146384473 0.24553571428571408 0.1772486772486772
1 0.41840277777777724 0.7380952380952379 0.6572420634920627 0.3051146384479719
