5 0.4214060031595577 0.5021067415730337 0.015007898894154863 0.02668539325842694
4 0.7631448412698413 0.4475308641975309 0.07986111111111115 0.1437389770723105
4 0.8898809523809524 0.5648148148148148 0.1230158730158729 0.1613756613756613
4 0.7562003968253967 0.7588183421516754 0.12549603174603177 0.22663139329806
4 0.5877976190476191 0.6305114638447972 0.060515873015873044 0.20458553791887127
4 0.5004960317460317 0.5551146384479718 0.04067460317460316 0.15255731922398583
4 0.4501488095238095 0.4783950617283951 0.04513888888888886 0.15079365079365076
4 0.03149801587301587 0.6507936507936507 0.06200396825396825 0.1922398589065255
1 0.6403769841269841 0.6186067019400351 0.48611111111111105 0.18077601410934716
1 0.8988095238095233 0.9074074074074068 0.20238095238095227 0.18518518518518476
4 0.9759424603174601 0.623015873015873 0.048115079365079076 0.21075837742504416
