5 0.163149 0.575036 0.00974 0.015873
6 0.876984126984127 0.1693121693121693 0.04563492063492078 0.13403880070546736
3 0.6061507936507937 0.24426807760141095 0.05555555555555543 0.14109347442680775
2 0.6039186507936507 0.2504409171075838 0.11160714285714271 0.13932980599647268
4 0.6750992063492063 0.263668430335097 0.038690476190476206 0.1287477954144621
4 0.7504960317460317 0.3955026455026455 0.08035714285714278 0.17724867724867724
4 0.6631944444444444 0.37742504409171057 0.06547619047619063 0.14814814814814808
4 0.4370039682539682 0.26102292768959434 0.041666666666666644 0.14814814814814814
4 0.21254960317460317 0.4232804232804233 0.07886904761904759 0.13403880070546742
4 0.19444444444444442 0.5436507936507937 0.09126984126984132 0.19312169312169292
4 0.018849206349206348 0.4501763668430335 0.037698412698412696 0.17372134038800716
1 0.9303075396825398 0.3148148148148148 0.13740079365079352 0.15167548500881836
1 0.5394345238095237 0.5304232804232806 0.6175595238095234 0.27425044091710804
