5 0.43062799999999996 0.620306 0.004613 0.010792
4 0.7699854651162791 0.5704134366925064 0.050145348837209267 0.1279069767441861
4 0.5530523255813954 0.7396640826873386 0.04651162790697676 0.19509043927648592
4 0.6213662790697674 0.5981912144702842 0.052325581395348805 0.1524547803617571
4 0.637718023255814 0.5633074935400516 0.06031976744186054 0.1291989664082687
4 0.555232558139535 0.5568475452196382 0.0697674418604651 0.1343669250645995
4 0.4934593023255814 0.6007751937984497 0.10901162790697669 0.1395348837209302
4 0.4854651162790698 0.5594315245478036 0.06686046511627908 0.14211886304909563
4 0.25036337209302323 0.6582687338501293 0.09229651162790699 0.17441860465116277
6 0.04469476744186046 0.8656330749354005 0.04723837209302324 0.2558139534883722
6 0.7590843023255814 0.9483204134366926 0.05886627906976756 0.09819121447028423
3 0.016715116279069766 0.6143410852713178 0.029069767441860465 0.1537467700258398
1 0.15007267441860464 0.8843669250645995 0.29723837209302323 0.22351421188630496
1 0.3786337209302325 0.599483204134367 0.4462209302325581 0.17571059431524547
