5 0.45890410958904104 0.5277401894451964 0.010654490106544899 0.010825439783491148
3 0.9513081395348837 0.563953488372093 0.05377906976744185 0.1666666666666667
4 0.7710755813953489 0.6905684754521962 0.10029069767441869 0.21576227390180874
4 0.41969476744186046 0.7151162790697674 0.14462209302325577 0.2080103359173127
4 0.41315406976744184 0.5148578811369509 0.03270348837209298 0.13565891472868216
4 0.4106104651162791 0.46447028423772607 0.04215116279069761 0.0994832041343669
4 0.21584302325581398 0.49935400516795864 0.06540697674418607 0.11757105943152453
4 0.10574127906976745 0.5755813953488371 0.05159883720930233 0.17441860465116277
1 0.5428779069767442 0.6027131782945736 0.40843023255813954 0.13824289405684717
1 0.8757267441860453 0.8649870801033593 0.24854651162790678 0.26485788113695125
2 0.9731104651162791 0.5736434108527132 0.052325581395348875 0.11627906976744186
