5 0.6974885844748858 0.46211096075778074 0.00989345509893468 0.017591339648173162
3 0.7445436507936509 0.48059964726631393 0.042658730158730264 0.14109347442680778
2 0.8025793650793651 0.49074074074074076 0.11011904761904759 0.13844797178130513
6 0.9427083333333335 0.6803350970017636 0.07093253968253961 0.22663139329806
1 0.7822420634920638 0.7768959435626098 0.43551587301587225 0.3033509700176359
4 0.4608134920634921 0.46164021164021163 0.04563492063492063 0.12433862433862437
4 0.45833333333333337 0.5348324514991182 0.04563492063492063 0.15608465608465608
4 0.43725198412698413 0.5934744268077601 0.05307539682539684 0.18694885361552024
4 0.39384920634920634 0.4797178130511464 0.04067460317460323 0.12345679012345684
4 0.3003472222222222 0.5 0.05902777777777778 0.13580246913580246
4 0.26959325396825395 0.5555555555555556 0.06498015873015874 0.14285714285714285
4 0.29960317460317465 0.7433862433862434 0.06646825396825395 0.24867724867724866
1 0.3556547619047615 0.5264550264550265 0.40575396825396814 0.1375661375661381
