5 0.864042 0.536797 0.007305000000000001 0.01443
4 0.6510416666666667 0.2945326278659612 0.04513888888888893 0.1164021164021164
4 0.658234126984127 0.40784832451499115 0.03670634920634932 0.13315696649029982
4 0.6845238095238096 0.4113756613756614 0.042658730158730264 0.12257495590828917
4 0.667906746031746 0.8306878306878309 0.09375000000000036 0.23104056437389786
4 0.5106646825396826 0.6684303350970018 0.07192460317460309 0.19753086419753088
4 0.2961309523809524 0.355379188712522 0.053571428571428645 0.11287477954144616
4 0.2757936507936508 0.31966490299823636 0.04464285714285715 0.12786596119929455
4 0.17113095238095238 0.3231922398589065 0.03670634920634917 0.12786596119929455
3 0.1949404761904762 0.2892416225749559 0.03472222222222222 0.10229276895943568
2 0.1480654761904762 0.2821869488536155 0.07192460317460318 0.12698412698412695
1 0.5190972222222219 0.2923280423280421 0.34573412698412676 0.13844797178130472
1 0.19295634920634908 0.5471781305114638 0.38591269841269815 0.26895943562610214
