5 0.63961 0.497114 0.008117 0.015873
3 0.29960317460317465 0.4400352733686067 0.08134920634920632 0.13580246913580246
2 0.1996527777777778 0.4109347442680776 0.12847222222222224 0.17813051146384482
6 0.05629960317460317 0.7111992945326279 0.11259920634920634 0.26895943562610225
4 0.3702876984126985 0.6666666666666669 0.0957341269841269 0.22398589065255742
4 0.5099206349206349 0.5132275132275133 0.12499999999999993 0.17460317460317462
4 0.6686507936507934 0.40828924162257496 0.08829365079365087 0.16578483245149894
4 0.7537202380952381 0.5573192239858906 0.1413690476190476 0.2328042328042327
1 0.747271825396825 0.4567901234567902 0.505456349206349 0.20634920634920673
1 0.2537202380952381 0.8024691358024691 0.5074404761904762 0.3950617283950614
