5 0.4329470000000001 0.6218059999999999 0.008649 0.010401
4 0.7683531746031746 0.5612874779541446 0.05357142857142847 0.11904761904761899
4 0.6336805555555556 0.5595238095238095 0.04315476190476183 0.11375661375661374
4 0.6138392857142857 0.5952380952380953 0.04513888888888886 0.14462081128747797
4 0.5565476190476191 0.5608465608465609 0.06547619047619044 0.10229276895943563
4 0.4962797619047619 0.5524691358024691 0.047123015873015955 0.11552028218694886
4 0.5114087301587301 0.6058201058201059 0.05357142857142854 0.10934744268077608
4 0.5602678571428569 0.7380952380952379 0.05307539682539744 0.18694885361552044
4 0.22098214285714285 0.6529982363315696 0.05109126984126984 0.1507936507936508
6 0.034970238095238096 0.8655202821869489 0.04811507936507937 0.25661375661375657
6 0.7452876984126985 0.9457671957671957 0.06200396825396823 0.10670194003527357
1 0.36334325396825384 0.6071428571428572 0.4647817460317461 0.1596119929453258
1 0.13888888888888884 0.8928571428571429 0.2777777777777777 0.20899470899470832
