5 0.7187993680884677 0.4662921348314606 0.014218009478672971 0.022471910112359557
4 0.8368459302325582 0.5562015503875969 0.14171511627906966 0.15633074935400515
4 0.7460029069767442 0.4231266149870801 0.04869186046511629 0.13565891472868216
4 0.6242732558139535 0.43798449612403106 0.07558139534883715 0.13695090439276478
4 0.5962936046511628 0.41279069767441867 0.05014534883720934 0.148578811369509
4 0.46620639534883723 0.4664082687338501 0.04869186046511629 0.14728682170542634
4 0.5526889534883721 0.6195090439276485 0.11409883720930239 0.1821705426356589
4 0.3364825581395349 0.5962532299741602 0.08284883720930228 0.17183462532299734
1 0.6885901162790696 0.6550387596899224 0.5414244186046512 0.23772609819121432
1 0.9273255813953459 0.9638242894056843 0.14534883720930192 0.0723514211886297
