5 0.31398104265402843 0.3862359550561798 0.01026856240126385 0.022471910112359553
6 0.9533730158730159 0.30026455026455023 0.04464285714285708 0.12962962962962962
4 0.9422123015873015 0.43783068783068785 0.056051587301587345 0.14197530864197538
4 0.822172619047619 0.38227513227513227 0.055059523809523794 0.1261022927689595
1 0.7378472222222229 0.4360670194003528 0.4191468253968257 0.17548500881834164
4 0.7194940476190476 0.49779541446208114 0.047123015873015955 0.12962962962962962
1 0.9273313492063491 0.8007054673721341 0.14533730158730165 0.30511463844797193
4 0.7869543650793651 0.7839506172839507 0.09672619047619051 0.19223985890652556
4 0.40947420634920634 0.38271604938271603 0.056051587301587345 0.12698412698412695
4 0.39236111111111116 0.48059964726631393 0.05555555555555564 0.12345679012345677
4 0.3635912698412699 0.5859788359788359 0.051587301587301584 0.15608465608465616
4 0.3745039682539683 0.7460317460317463 0.06746031746031736 0.20458553791887085
4 0.043154761904761904 0.43033509700176364 0.054563492063492064 0.10052910052910051
6 0.048859126984126984 0.3373015873015873 0.02331349206349206 0.11022927689594361
0 0.048859126984127005 0.8059964726631393 0.09771825396825401 0.24514991181657803
