5 0.8475100000000001 0.600117 0.006986 0.008766
6 0.695436507936508 0.6238977072310407 0.03968253968253976 0.13844797178130513
3 0.628968253968254 0.533068783068783 0.03472222222222214 0.13139329805996475
2 0.646577380952381 0.5379188712522045 0.08283730158730165 0.11992945326278664
4 0.48611111111111116 0.6935626102292768 0.07837301587301589 0.15432098765432095
4 0.5510912698412699 0.8783068783068784 0.06448412698412696 0.15873015873015872
4 0.3149801587301587 0.654320987654321 0.039682539682539646 0.16049382716049393
4 0.08606150793650795 0.7901234567901235 0.0451388888888889 0.15343915343915326
4 0.11408730158730158 0.6437389770723104 0.07440476190476189 0.1252204585537919
4 0.140625 0.4682539682539683 0.03422619047619047 0.11640211640211647
4 0.08110119047619048 0.503968253968254 0.03918650793650794 0.09611992945326278
6 0.027529761904761908 0.45326278659611985 0.04910714285714286 0.1164021164021164
1 0.3055555555555556 0.548941798941799 0.34920634920634924 0.12962962962962962
1 0.6024305555555552 0.770723104056437 0.4618055555555556 0.22751322751322636
