5 0.626335 0.7606839999999999 0.013355 0.016144
6 0.8551096796657381 0.33635097493036215 0.03682103064066851 0.13509749303621166
4 0.9624390668523677 0.5759052924791086 0.055623259052924826 0.1545961002785515
4 0.6208652506963788 0.415041782729805 0.04152158774373241 0.13091922005571036
4 0.6557277158774373 0.628133704735376 0.056406685236768866 0.15877437325905278
4 0.5049181754874651 0.46448467966573814 0.052489554317548724 0.10445682451253475
1 0.6616034122562674 0.5362116991643454 0.4614380222841222 0.16991643454038935
4 0.8625522284122562 0.9512534818941504 0.09244428969359333 0.09470752089136497
1 0.8656859331476322 0.8537604456824514 0.2632311977715878 0.28412256267409464
4 0.2961350974930362 0.483983286908078 0.07050835654596099 0.12116991643454035
4 0.27263231197771587 0.7089136490250695 0.06424094707520894 0.19220055710306397
