5 0.492424 0.6019600000000002 0.006313 0.010360000000000001
6 0.6240079365079362 0.9523809523809524 0.05059523809523763 0.09523809523809514
4 0.7380952380952381 0.753968253968254 0.08234126984126988 0.19576719576719584
4 0.7462797619047621 0.5207231040564374 0.05803571428571431 0.12786596119929455
4 0.6708829365079364 0.4973544973544973 0.06696428571428577 0.13580246913580246
4 0.6173115079365079 0.5577601410934744 0.08779761904761912 0.11728395061728399
4 0.5634920634920636 0.5154320987654322 0.09226190476190482 0.12081128747795425
4 0.4774305555555556 0.513668430335097 0.055059523809523794 0.15961199294532633
4 0.5972222222222221 0.661816578483245 0.12499999999999993 0.15255731922398597
4 0.11507936507936507 0.6997354497354498 0.048611111111111105 0.21075837742504405
1 0.177579365079365 0.6194885361552026 0.35515873015873 0.1772486772486773
1 0.017113095238095243 0.9360670194003533 0.034226190476190486 0.12257495590828814
0 0.9466765873015872 0.9007936507936509 0.10664682539682566 0.19841269841269812
