5 0.580694 0.697447 0.007541 0.016759
6 0.8461002785515319 0.36002785515320335 0.03760445682451248 0.13788300835654596
4 0.9369777158774372 0.5905292479108636 0.1237813370473539 0.1504178272980502
4 0.6404509052924791 0.6183844011142061 0.06345752089136489 0.17548746518105843
4 0.5820856545961003 0.4415041782729805 0.06894150417827298 0.12534818941504183
4 0.4818071030640667 0.483983286908078 0.09087743732590525 0.10167130919220056
4 0.3133704735376044 0.5194986072423399 0.053272980501392765 0.12534818941504178
4 0.28790912256267404 0.7541782729805014 0.07285863509749305 0.21309192200557106
4 0.925618036211699 0.9575208913649026 0.08696030640668524 0.0821727019498607
1 0.6510271587743727 0.5557103064066855 0.4637883008356552 0.15598885793871856
1 0.8656424094707528 0.87116991643454 0.2687151810584945 0.25766016713092005
