5 0.474493 0.632953 0.008814 0.009972
4 0.7673611111111112 0.5529100529100529 0.05158730158730151 0.1252204585537919
4 0.6197916666666666 0.7341269841269842 0.05307539682539684 0.1472663139329805
4 0.6339285714285714 0.5216049382716049 0.05952380952380956 0.11552028218694893
4 0.6121031746031746 0.5811287477954145 0.0634920634920634 0.11992945326278658
4 0.5637400793650794 0.6256613756613757 0.08184523809523803 0.11552028218694893
4 0.5322420634920635 0.554673721340388 0.04662698412698418 0.10758377425044095
4 0.18154761904761904 0.6569664902998237 0.053571428571428596 0.18694885361552033
6 0.6902281746031745 0.943562610229277 0.04216269841269849 0.10758377425044088
6 0.012648809523809526 0.9113756613756611 0.02529761904761905 0.1772486772486772
1 0.08705357142857138 0.9043209876543211 0.17410714285714277 0.1913580246913577
1 0.2480158730158729 0.6115520282186951 0.4632936507936506 0.1613756613756614
