5 0.5083713850837138 0.6231393775372125 0.01065449010654497 0.02841677943166438
6 0.41716269841269843 0.4858906525573192 0.08333333333333329 0.39329805996472667
4 0.2628968253968254 0.4157848324514991 0.052579365079365135 0.11552028218694886
3 0.2844742063492064 0.34700176366843033 0.01736111111111111 0.059082892416225795
2 0.2849702380952381 0.3527336860670194 0.04117063492063494 0.0440917107583774
6 0.9516369047619048 0.3509700176366843 0.0431547619047619 0.1111111111111111
4 0.8933531746031746 0.4876543209876543 0.20932539682539683 0.26631393298059963
4 0.787202380952381 0.46649029982363316 0.09027777777777772 0.21516754850088177
4 0.5758928571428571 0.3999118165784833 0.05952380952380956 0.13492063492063486
4 0.5458829365079367 0.5167548500881829 0.1046626984126981 0.28924162257495556
4 0.537202380952381 0.5626102292768957 0.1448412698412697 0.25220458553791875
4 0.14657738095238085 0.599206349206349 0.11458333333333327 0.4118165784832448
4 0.049355158730158735 0.5639329805996474 0.0947420634920635 0.31128747795414446
1 0.49999999999999983 0.7495590828924162 0.9999999999999997 0.4056437389770719
0 0.4675099206349207 0.4219576719576716 0.32291666666666663 0.027336860670194012
1 0.4412202380952381 0.37257495590828915 0.16121031746031755 0.0132275132275133
