5 0.5019747235387046 0.6158707865168539 0.011848341232227569 0.015449438202247166
6 0.7495039682539684 0.12433862433862433 0.025793650793650754 0.11111111111111109
4 0.8444940476190476 0.2579365079365079 0.03521825396825406 0.11375661375661376
4 0.7415674603174602 0.6067019400352734 0.05456349206349202 0.19929453262786587
4 0.9129464285714286 0.8937389770723104 0.08382936507936506 0.20017636684303342
4 0.8650793650793651 0.9025573192239859 0.05456349206349202 0.18253968253968253
4 0.4350198412698413 0.5524691358024691 0.0744047619047619 0.11728395061728399
0 0.48363095238095144 0.45987654320987675 0.436507936507936 0.2619047619047623
4 0.23214285714285715 0.6410934744268079 0.07539682539682538 0.17283950617283955
4 0.4131944444444444 0.8981481481481481 0.08035714285714285 0.1719576719576719
4 0.09672619047619044 0.9109347442680776 0.08035714285714284 0.17813051146384484
6 0.016865079365079364 0.21428571428571433 0.03373015873015873 0.14462081128747792
