5 0.291396 0.816017 0.00974 0.015873
6 0.6024305555555556 0.27336860670194 0.042162698412698346 0.1287477954144621
3 0.3010912698412699 0.39682539682539686 0.04265873015873016 0.14109347442680778
2 0.2958829365079365 0.3902116402116402 0.11359126984126988 0.14373897707231034
4 0.33903769841269843 0.42283950617283905 0.07192460317460306 0.17724867724867802
4 0.3866567460317461 0.41490299823633153 0.061011904761904746 0.15255731922398588
4 0.43477182539682535 0.4232804232804233 0.07787698412698418 0.16754850088183418
4 0.4724702380952381 0.4391534391534392 0.05803571428571431 0.1746031746031747
4 0.611359126984127 0.4876543209876543 0.07787698412698425 0.2063492063492064
4 0.7197420634920632 0.5727513227513227 0.09126984126984111 0.23544973544973555
4 0.8172123015873018 0.4501763668430335 0.11458333333333279 0.18430335097001754
4 0.24007936507936506 0.7125220458553793 0.121031746031746 0.2804232804232803
1 0.7790178571428567 0.440917107583774 0.4419642857142854 0.15343915343915338
1 0.2748015873015869 0.6904761904761905 0.5496031746031738 0.292768959435626
