5 0.8161693936477383 0.6599657827202736 0.004812319538017391 0.0059880239520957446
6 0.1641277855153203 0.4798050139275766 0.022719359331476313 0.10445682451253482
3 0.07207520891364902 0.5828690807799443 0.018802228412256258 0.12116991643454035
2 0.02663649025069638 0.6100278551532033 0.05013927576601671 0.11977715877437319
4 0.09322771587743732 0.6246518105849581 0.051706128133704725 0.1545961002785515
4 0.13631615598885793 0.6267409470752089 0.037604456824512536 0.15041782729805006
4 0.22288474930362112 0.6128133704735376 0.058756963788300816 0.1476323119777158
4 0.34353238161559885 0.6566852367688023 0.07912604456824514 0.12395543175487468
4 0.3924965181058495 0.5717270194986073 0.04857242339832872 0.10724233983286915
4 0.37173572423398327 0.5389972144846797 0.03995473537604454 0.10027855153203341
4 0.3313892757660167 0.5083565459610029 0.03917130919220057 0.09749303621169922
4 0.5934453342618382 0.5835654596100275 0.07442548746518153 0.12813370473537655
4 0.8895804317548746 0.6427576601671309 0.07129178272980496 0.13788300835654602
4 0.6514188718662953 0.8892757660167132 0.09166086350974936 0.1852367688022285
1 0.13083217270194983 0.8795264623955426 0.26166434540389966 0.24094707520891273
1 0.39758878830083566 0.6114206128133705 0.353325208913649 0.1337047353760447
0 0.9788474930362118 0.9331476323119776 0.042305013927576456 0.11977715877437319
