5 0.736571879936809 0.5456460674157303 0.008688783570300274 0.012640449438202311
3 0.9589136490250695 0.4979108635097492 0.03133704735376057 0.1406685236768802
2 0.9737987465181058 0.5083565459610029 0.04857242339832865 0.11142061281337057
4 0.7097841225626741 0.5243732590529249 0.0282033426183844 0.1545961002785515
4 0.6196901114206128 0.7116991643454039 0.10654596100278553 0.16155988857938725
4 0.48415738161559885 0.3084958217270195 0.034470752089136525 0.0821727019498607
4 0.34000696378830075 0.3892757660167131 0.07364206128133702 0.10167130919220056
1 0.6020630222841226 0.4735376044568244 0.3501915041782729 0.1782729805013928
4 0.8331737465181055 0.9435933147632309 0.06345752089136479 0.11281337047353715
1 0.8666434540389971 0.8391364902506959 0.2667130919220052 0.32172701949860694
0 0.011751392757660163 0.8607242339832869 0.023502785515320326 0.1532033426183844
