5 0.430276 0.617962 0.004833 0.009044
4 0.7740575396825398 0.5701058201058201 0.05208333333333329 0.12257495590828917
6 0.7648809523809524 0.9440035273368608 0.06746031746031747 0.11022927689594368
4 0.6302083333333335 0.6000881834215168 0.03521825396825399 0.14550264550264544
4 0.6391369047619048 0.5639329805996472 0.06299603174603177 0.12081128747795411
4 0.5570436507936508 0.5590828924162258 0.060515873015873044 0.13227513227513227
4 0.4945436507936508 0.5462962962962963 0.0505952380952381 0.10846560846560856
4 0.5171130952380953 0.603615520282187 0.06299603174603177 0.13492063492063477
4 0.5553075396825398 0.7420634920634922 0.05902777777777778 0.1843033509700176
4 0.236359126984127 0.6569664902998237 0.056051587301587276 0.14462081128747797
6 0.053571428571428575 0.8646384479717812 0.060515873015873016 0.2601410934744267
3 0.021081349206349204 0.6097883597883595 0.04216269841269841 0.1613756613756614
1 0.15500992063492064 0.8937389770723104 0.3070436507936508 0.2019400352733686
1 0.3802083333333327 0.6084656084656072 0.4379960317460309 0.15520282186948892
