5 0.8696682464454978 0.7436797752808988 0.015797788309636615 0.018258426966292093
6 0.32688492063492064 0.37786596119929455 0.03174603174603174 0.09435626102292766
4 0.22073412698412695 0.44620811287477946 0.0337301587301587 0.10405643738977069
4 0.13764880952380953 0.48104056437389775 0.03918650793650793 0.11199294532627874
4 0.4883432539682539 0.5731922398589065 0.050099206349206254 0.11992945326278664
1 0.3204365079365074 0.6194885361552029 0.3829365079365077 0.2001763668430336
4 0.6044146825396826 0.712962962962963 0.05406746031746032 0.14550264550264544
4 0.734375 0.6463844797178132 0.04910714285714277 0.14109347442680772
1 0.9037698412698413 0.44929453262786595 0.19246031746031747 0.11728395061728392
4 0.992311507936508 0.6340388007054674 0.015376984126984041 0.14109347442680778
4 0.42460317460317465 0.9201940035273368 0.04861111111111114 0.1490299823633157
