5 0.45539500000000005 0.628137 0.009539 0.009836
4 0.7648809523809524 0.5617283950617283 0.06547619047619065 0.1252204585537919
6 0.707093253968254 0.943562610229277 0.04513888888888886 0.10758377425044088
4 0.6254960317460317 0.5352733686067019 0.04166666666666671 0.12169312169312171
4 0.6056547619047619 0.5846560846560847 0.046626984126984045 0.11816578483245152
4 0.6019345238095238 0.7416225749559083 0.07291666666666664 0.15343915343915326
4 0.5416666666666667 0.6243386243386244 0.08035714285714285 0.09700176366843025
4 0.5203373015873016 0.5590828924162258 0.04067460317460316 0.1128747795414462
4 0.5426587301587301 0.5498236331569665 0.09523809523809526 0.07142857142857138
4 0.19221230158730157 0.654320987654321 0.04613095238095237 0.1710758377425043
1 0.2837301587301584 0.6106701940035272 0.47817460317460264 0.16313932980599552
6 0.017609126984126984 0.9100529100529102 0.03521825396825397 0.1798941798941798
1 0.10342261904761903 0.9003527336860677 0.20684523809523805 0.19400352733686088
