5 0.8471563981042656 0.5870786516853933 0.01026856240126378 0.01685393258426977
6 0.8766538997214484 0.45752089136490254 0.0485724233983288 0.11559888579387184
4 0.5993210306406684 0.6169916434540388 0.10654596100278535 0.1782729805013925
4 0.48807451253481887 0.584958217270195 0.10654596100278546 0.15598885793871864
4 0.3447075208913649 0.4491643454038997 0.09557799442896936 0.11559888579387191
4 0.08147632311977716 0.4707520891364903 0.0846100278551532 0.11420612813370468
1 0.023111072423398313 0.5647632311977715 0.046222144846796626 0.09052924791086331
4 0.03407903899721449 0.6963788300835654 0.06815807799442897 0.11420612813370462
4 0.10380396935933148 0.8976323119777159 0.12456476323119776 0.19637883008356538
0 0.7415128830083557 0.8266016713091919 0.5084435933147629 0.28551532033426225
