5 0.8733970000000001 0.675214 0.009615 0.019943
6 0.35019841269841273 0.3068783068783068 0.04761904761904759 0.17283950617283947
6 0.4694940476190476 0.6331569664902998 0.060019841269841265 0.22751322751322742
3 0.5089285714285714 0.3941798941798942 0.03571428571428577 0.14814814814814808
2 0.5193452380952381 0.3990299823633157 0.11309523809523803 0.15784832451499115
4 0.46329365079365076 0.45326278659611996 0.07738095238095234 0.16931216931216939
4 0.7313988095238096 0.5727513227513228 0.07886904761904773 0.13844797178130513
4 0.7465277777777777 0.617283950617284 0.07837301587301582 0.1657848324514991
4 0.40525793650793646 0.6146384479717814 0.07638888888888892 0.20634920634920648
4 0.3442460317460318 0.6538800705467372 0.07837301587301586 0.21428571428571425
4 0.20188492063492064 0.656084656084656 0.07936507936507936 0.20634920634920634
4 0.18105158730158732 0.5648148148148148 0.05654761904761905 0.2001763668430336
1 0.12698412698412687 0.4206349206349207 0.25396825396825373 0.17989417989417972
1 0.4260912698412697 0.7341269841269843 0.6597222222222219 0.3148148148148154
