5 0.6883561643835617 0.8504736129905277 0.008371385083713817 0.020297699594046037
6 0.36458333333333326 0.3514109347442681 0.027777777777777787 0.11904761904761901
3 0.3258928571428571 0.43253968253968245 0.04960317460317473 0.10846560846560838
2 0.2956349206349207 0.4259259259259261 0.0575396825396826 0.10582010582010587
4 0.917906746031746 0.4916225749559083 0.04811507936507937 0.11904761904761912
4 0.8563988095238096 0.7208994708994709 0.07291666666666671 0.14373897707231037
4 0.6440972222222221 0.5529100529100529 0.041170634920634865 0.1287477954144621
4 0.6237599206349206 0.6816578483245149 0.055059523809523794 0.14462081128747792
4 0.22098214285714285 0.4876543209876543 0.04811507936507937 0.11463844797178133
4 0.2698412698412698 0.4889770723104057 0.0505952380952381 0.09611992945326285
4 0.13095238095238096 0.5652557319223986 0.04166666666666666 0.1569664902998236
4 0.07415674603174605 0.5952380952380952 0.051091269841269854 0.12874779541446194
1 0.34920634920634774 0.641093474426807 0.4285714285714272 0.20987654320987634
1 0.6252480158730158 0.42460317460317454 0.32291666666666674 0.11728395061728397
