5 0.351721 0.527315 0.008997 0.010496
6 0.7450383008356545 0.4073816155988858 0.029770194986072484 0.12395543175487468
4 0.8727367688022284 0.5550139275766017 0.06580779944289689 0.10445682451253496
4 0.9577385097493035 0.48259052924791085 0.055623259052924826 0.14345403899721446
3 0.983591573816156 0.605849582172702 0.030553621169916455 0.1364902506963788
4 0.35998433147632314 0.46587743732590525 0.07599233983286907 0.11281337047353766
4 0.39484679665738154 0.612116991643454 0.0830431754874651 0.13788300835654602
4 0.3035776462395543 0.6288300835654596 0.06032381615598886 0.14623955431754865
4 0.3372649721448468 0.855849582172702 0.13553272980501394 0.21587743732590525
4 0.17783774373259054 0.5341225626740947 0.11281337047353761 0.1350974930362117
1 0.5507486072423399 0.603064066852368 0.4465529247910861 0.1587743732590524
1 0.816678272980501 0.8885793871866288 0.3666434540389969 0.22284122562674066
