5 0.44910000000000005 0.6270069999999999 0.005342 0.00814
6 0.714781746031746 0.9457671957671957 0.051587301587301654 0.10846560846560849
6 0.024553571428571428 0.908289241622575 0.049107142857142856 0.1746031746031747
4 0.19667658730158727 0.6507936507936507 0.04613095238095237 0.17813051146384473
4 0.5954861111111112 0.7411816578483246 0.07192460317460309 0.1631393298059966
4 0.7693452380952381 0.5630511463844797 0.07043650793650812 0.13492063492063494
4 0.6284722222222221 0.5335097001763668 0.04067460317460323 0.10758377425044102
4 0.6044146825396826 0.588183421516755 0.0481150793650793 0.13756613756613753
4 0.5158730158730158 0.5590828924162257 0.051587301587301584 0.11992945326278664
4 0.5369543650793651 0.5414462081128748 0.12748015873015867 0.07054673721340386
4 0.5463789682539683 0.6234567901234568 0.07986111111111122 0.08994708994709001
1 0.2988591269841266 0.6084656084656083 0.46676587301587263 0.1675485008818339
1 0.11086309523809522 0.8955026455026455 0.2217261904761904 0.208994708994709
