5 0.3977093206951027 0.49719101123595505 0.011848341232227498 0.0168539325842697
3 0.8849206349206349 0.7063492063492063 0.060515873015873044 0.22574955908289232
2 0.9379960317460317 0.7416225749559082 0.12400793650793646 0.22751322751322753
6 0.9801587301587301 0.5925925925925926 0.03968253968253961 0.2169312169312169
4 0.7552083333333333 0.5401234567901235 0.057043650793650896 0.20017636684303355
4 0.5684523809523809 0.5608465608465609 0.052579365079365135 0.19576719576719576
4 0.4990079365079365 0.4201940035273368 0.04166666666666671 0.1649029982363316
4 0.4813988095238095 0.4087301587301587 0.03224206349206348 0.1649029982363316
4 0.4263392857142857 0.40167548500881833 0.047123015873015886 0.14726631393298065
4 0.3881448412698413 0.41402116402116407 0.04017857142857139 0.14726631393298056
4 0.41294642857142855 0.7799823633156967 0.06299603174603177 0.24250440917107582
4 0.03546626984126984 0.5365961199294533 0.056051587301587304 0.21252204585537926
4 0.03273809523809524 0.845679012345679 0.06448412698412699 0.2698412698412699
1 0.3117559523809525 0.7204585537918878 0.5997023809523812 0.31216931216931165
