5 0.33175355450236965 0.4473314606741573 0.009478672985781955 0.018258426966292093
6 0.11908077994428969 0.24860724233983286 0.053272980501392765 0.1350974930362117
4 0.06619951253481893 0.28412256267409447 0.0477889972144847 0.14763231197771634
4 0.6733548050139275 0.4665738161559888 0.09792827298050127 0.16155988857938716
4 0.5640668523676879 0.43523676880222845 0.07834261838440114 0.16016713091922
3 0.4673137186629526 0.49025069637883006 0.08696030640668517 0.14206128133704737
2 0.4806319637883007 0.4902506963788301 0.09009401114206121 0.15598885793871864
4 0.5092270194986073 0.5940111420612812 0.13944986072423396 0.1518105849582173
4 0.28320856545961 0.49930362116991645 0.13866643454038993 0.1406685236768802
4 0.976888927576601 0.9394150417827289 0.046222144846796404 0.1211699164345404
1 0.5229369777158769 0.8621169916434522 0.6964658774373248 0.27576601671309087
1 0.10537082172701939 0.5104456824512524 0.21074164345403879 0.2576601671309193
