5 0.255242 0.622329 0.005676 0.013058
6 0.7604166666666665 0.431657848324515 0.04067460317460316 0.15608465608465608
4 0.9548611111111112 0.4647266313932981 0.03968253968253961 0.1587301587301588
4 0.9052579365079364 0.6591710758377425 0.08432539682539683 0.21957671957671956
4 0.6879960317460317 0.6697530864197532 0.10813492063492078 0.20899470899470898
4 0.7596726190476187 0.9462081128747795 0.062003968253968755 0.10758377425044112
4 0.9890873015873015 0.7297178130511464 0.021825396825396838 0.17901234567901228
3 0.3702876984126985 0.6018518518518519 0.03224206349206348 0.19135802469135804
2 0.3382936507936508 0.6335978835978837 0.12400793650793648 0.1825396825396826
1 0.8040674603174602 0.6455026455026456 0.3918650793650794 0.20105820105820107
1 0.4226190476190476 0.9096119929453264 0.751984126984127 0.17901234567901242
