5 0.3058229066410009 0.45893926432848586 0.0062560153994224875 0.005988023952095816
6 0.4603174603174604 0.3527336860670194 0.06051587301587297 0.16578483245149908
4 0.6716269841269841 0.34788359788359785 0.04960317460317455 0.1825396825396825
4 0.7115575396825398 0.359347442680776 0.055059523809523794 0.17548500881834214
4 0.890625 0.4431216931216932 0.07093253968253975 0.1596119929453264
4 0.8943452380952382 0.4316578483245151 0.06547619047619051 0.18430335097001765
4 0.9791666666666667 0.6150793650793651 0.041666666666666574 0.1737213403880071
3 0.8541666666666665 0.6115520282186949 0.05753968253968253 0.21781305114638458
2 0.927827380952381 0.6322751322751323 0.14335317460317454 0.23809523809523803
4 0.6326884920634921 0.484126984126984 0.08581349206349202 0.181657848324515
4 0.16468253968253968 0.4329805996472663 0.05952380952380954 0.15873015873015872
4 0.12053571428571427 0.7817460317460317 0.0734126984126984 0.24250440917107569
4 0.3938492063492061 0.7433862433862433 0.08134920634920632 0.24867724867724852
1 0.2953869047619047 0.6313932980599642 0.5907738095238094 0.2663139329805999
1 0.7549603174603168 0.9347442680776009 0.49007936507936456 0.13051146384479634
