5 0.491787 0.631529 0.005119 0.009101
4 0.7627180232558141 0.5322997416020673 0.054505813953488344 0.13953488372093026
4 0.6551598837209301 0.7286821705426356 0.07630813953488363 0.15503875968992248
6 0.6715116279069767 0.9418604651162791 0.04360465116279059 0.11111111111111115
4 0.6515261627906977 0.537467700258398 0.06322674418604649 0.14987080103359168
4 0.627906976744186 0.5801033591731266 0.07848837209302317 0.1266149870801035
4 0.5577761627906977 0.6285529715762275 0.1039244186046512 0.12015503875968996
4 0.551235465116279 0.5503875968992248 0.08938953488372092 0.12919896640826864
4 0.5148982558139535 0.5251937984496124 0.05159883720930232 0.1279069767441861
4 0.16533430232558138 0.665374677002584 0.05014534883720932 0.19379844961240317
6 0.009084302325581394 0.9198966408268734 0.01816860465116279 0.1602067183462532
1 0.2267441860465117 0.6104651162790696 0.4476744186046513 0.16925064599483186
0 0.06686046511627902 0.9076227390180877 0.13372093023255804 0.18475452196382253
0 0.9854651162790694 0.9082687338501279 0.029069767441860003 0.13178294573643362
