5 0.28125 0.511544 0.008929 0.007215
6 0.5540674603174602 0.44797178130511467 0.03472222222222222 0.11111111111111108
4 0.5257936507936508 0.4656084656084656 0.04861111111111114 0.11816578483245145
4 0.3740079365079365 0.5017636684303352 0.09424603174603177 0.09876543209876544
4 0.18601190476190474 0.75 0.07242063492063493 0.18783068783068785
4 0.6207837301587302 0.5648148148148148 0.12152777777777786 0.11728395061728392
4 0.6899801587301587 0.4783950617283951 0.03670634920634939 0.13139329805996483
4 0.9226190476190476 0.45634920634920634 0.05654761904761898 0.1313932980599647
4 0.9895833333333333 0.4501763668430335 0.02083333333333343 0.14550264550264558
0 0.33184523809523797 0.8478835978835982 0.5654761904761901 0.29894179894179884
