5 0.278815 0.634199 0.007305000000000001 0.010101
3 0.3877959610027855 0.649025069637883 0.072075208913649 0.15877437325905297
2 0.33961525069637877 0.6406685236768801 0.14650069637883006 0.20055710306406688
4 0.30827820334261835 0.5564066852367688 0.06972493036211702 0.18245125348189412
4 0.42853412256267404 0.5292479108635098 0.09087743732590532 0.15598885793871872
4 0.5209784122562674 0.5877437325905293 0.0752089136490251 0.18384401114206128
4 0.6149895543175486 0.5334261838440112 0.04857242339832865 0.14763231197771595
4 0.5950121866295265 0.7075208913649026 0.10419568245125349 0.2116991643454041
4 0.8022284122562674 0.6190807799442897 0.11124651810584965 0.20473537604456823
4 0.8288649025069637 0.8001392757660167 0.13004874651810583 0.21587743732590525
4 0.6192983983286908 0.9505571030640669 0.07912604456824518 0.09888579387186637
1 0.8335654596100278 0.7005571030640673 0.33217270194986104 0.2506963788300836
1 0.34666608635097435 0.93384401114206 0.6933321727019487 0.13231197771587716
