5 0.5901732599045308 0.7364646302633284 0.01672465806976085 0.0239822140226498
6 0.5421626984126984 0.5242504409171076 0.09623015873015874 0.4223985890652557
6 0.4494047619047619 0.1415343915343915 0.04861111111111114 0.18783068783068782
6 0.03645833333333334 0.12610229276895943 0.058035714285714295 0.17813051146384482
4 0.6148313492063493 0.18959435626102292 0.06894841269841265 0.2134038800705467
1 0.6520337301587296 0.1455026455026456 0.37748015873015844 0.0846560846560847
1 0.9789186507936509 0.25925925925925924 0.042162698412698346 0.09523809523809522
4 0.7123015873015873 0.8020282186948853 0.26289682539682535 0.32892416225749566
4 0.38516865079365076 0.5890652557319224 0.13938492063492058 0.31746031746031744
4 0.48635912698412703 0.7936507936507935 0.14434523809523808 0.3950617283950619
4 0.46999007936507936 0.5198412698412698 0.06597222222222221 0.2142857142857143
4 0.32217261904761907 0.40167548500881833 0.11061507936507936 0.2918871252204586
4 0.24776785714285715 0.4268077601410935 0.11160714285714281 0.3086419753086419
0 0.06820436507936507 0.4898589065255732 0.13144841269841268 0.26895943562610225
