5 0.659091 0.75469 0.016234 0.017316
4 0.7947858635097492 0.6316155988857939 0.1355327298050139 0.23816155988857937
4 0.4872910863509749 0.5786908077994428 0.07207520891364907 0.22423398328690802
4 0.31572075208913647 0.5236768802228412 0.05327298050139273 0.22284122562674086
4 0.35489206128133705 0.46796657381615603 0.09401114206128128 0.16155988857938725
6 0.32316330083565453 0.2834261838440112 0.058756963788300816 0.14345403899721454
4 0.213091922005571 0.4338440111420613 0.050139275766016705 0.1713091922005571
4 0.19585654596100277 0.4108635097493035 0.047005571030640673 0.1838440111420612
3 0.11633878830083563 0.41364902506963785 0.07442548746518104 0.1476323119777159
2 0.050530988857938726 0.3850974930362117 0.0979282729805014 0.1601671309192201
1 0.565633704735376 0.4282729805013928 0.4418523676880222 0.16295264623955424
1 0.15551009749303607 0.7151810584958216 0.31102019498607214 0.31337047353760417
