5 0.7907153729071537 0.7050067658998647 0.010654490106545041 0.01623815967523683
6 0.4908165041782729 0.3969359331476323 0.041521587743732484 0.14206128133704732
3 0.282425139275766 0.6434540389972144 0.052489554317548724 0.11699164345403887
2 0.20682451253481893 0.6225626740947076 0.11438022284122562 0.1754874651810586
4 0.8821378830083565 0.5348189415041783 0.09557799442896936 0.13927576601671304
4 0.6945073119777158 0.5675487465181058 0.05875696378830085 0.14902506963788306
4 0.6882399025069637 0.7005571030640668 0.08539345403899716 0.1782729805013927
4 0.6095055710306405 0.6142061281337048 0.0282033426183844 0.16434540389972155
4 0.5805188022284122 0.6274373259052923 0.04700557103064047 0.14345403899721518
4 0.38113683844011137 0.6023676880222841 0.05719011142061284 0.13231197771587744
4 0.36742688022284115 0.6162952646239555 0.034470752089136525 0.15181058495821736
4 0.3309975626740947 0.6135097493036212 0.03682103064066851 0.19359331476323136
4 0.3450992339832869 0.5557103064066853 0.033687325905292484 0.16155988857938725
1 0.7238857938718659 0.620473537604457 0.501392757660167 0.17409470752089148
1 0.3129787604456823 0.8962395543175488 0.6259575208913647 0.20752089136490245
