5 0.21347399999999997 0.638528 0.00974 0.015873
3 0.7509920634920636 0.32010582010582006 0.06448412698412696 0.164021164021164
2 0.7415674603174602 0.3231922398589065 0.11904761904761912 0.1525573192239859
4 0.8169642857142858 0.33553791887125217 0.04662698412698418 0.15961199294532627
4 0.8030753968253969 0.44135802469135804 0.11011904761904759 0.18783068783068785
4 0.9000496031746033 0.4585537918871252 0.107638888888889 0.2222222222222222
4 0.6163194444444444 0.332010582010582 0.03521825396825392 0.17548500881834211
4 0.36557539682539686 0.4722222222222222 0.06746031746031747 0.19135802469135796
4 0.2708333333333333 0.5828924162257496 0.14781746031746032 0.19576719576719584
4 0.10044642857142858 0.49691358024691357 0.06597222222222222 0.2178130511463845
1 0.6755952380952372 0.6208112874779544 0.6488095238095233 0.2927689594356256
