5 0.699269 0.656566 0.008929 0.011544
6 0.25595238095238093 0.28527336860670194 0.0317460317460317 0.13315696649029982
4 0.5069444444444444 0.38227513227513227 0.0555555555555555 0.1490299823633157
4 0.8606150793650794 0.6040564373897707 0.08730158730158735 0.2098765432098766
4 0.3348214285714286 0.5132275132275133 0.05952380952380953 0.16402116402116407
1 0.4228670634920632 0.4417989417989417 0.4518849206349204 0.14285714285714346
4 0.1267361111111111 0.46296296296296297 0.05307539682539682 0.162257495590829
4 0.08680555555555555 0.42636684303350975 0.054563492063492064 0.15961199294532627
4 0.04389880952380953 0.4197530864197531 0.033234126984126984 0.16402116402116407
4 0.014880952380952384 0.45943562610229277 0.029761904761904764 0.17460317460317462
4 0.19022817460317462 0.654320987654321 0.07390873015873016 0.21516754850088182
4 0.009176587301587302 0.6741622574955909 0.01736111111111111 0.24250440917107582
1 0.09548611111111109 0.7208994708994709 0.18799603174603172 0.2724867724867724
