5 0.280449 0.661019 0.008716 0.012995
6 0.7643849206349206 0.4223985890652557 0.049603174603174406 0.16402116402116398
4 0.945188492063492 0.45458553791887124 0.050099206349206324 0.15961199294532633
4 0.8849206349206349 0.6468253968253969 0.060515873015873044 0.17195767195767198
4 0.9362599206349206 0.7301587301587301 0.059027777777777714 0.1922398589065257
4 0.9241071428571428 0.9497354497354497 0.09027777777777786 0.09347442680776012
4 0.7301587301587301 0.9343033509700177 0.05853174603174608 0.11728395061728392
4 0.6403769841269841 0.6507936507936507 0.06150793650793631 0.17813051146384473
3 0.38913690476190466 0.6014109347442681 0.04910714285714285 0.19223985890652556
2 0.359375 0.6327160493827161 0.12152777777777782 0.18253968253968253
1 0.4543650793650791 0.9135802469135799 0.71031746031746 0.17283950617284
1 0.8214285714285714 0.6432980599647267 0.3571428571428571 0.20370370370370375
