5 0.409261 0.525123 0.008013 0.00777
4 0.8087797619047616 0.5171957671957673 0.10863095238095234 0.11375661375661399
4 0.66765873015873 0.6560846560846559 0.103174603174603 0.12698412698412692
4 0.4494047619047619 0.4656084656084656 0.06150793650793652 0.10229276895943563
4 0.3628472222222222 0.48368606701940037 0.09474206349206345 0.11904761904761905
4 0.19022817460317462 0.5423280423280423 0.08978174603174603 0.10758377425044095
6 0.14211309523809526 0.4885361552028219 0.04414682539682539 0.13227513227513227
4 0.28174603174603174 0.8108465608465609 0.09226190476190474 0.15961199294532633
1 0.7671130952380952 0.5925925925925927 0.4151785714285715 0.1428571428571424
1 0.9174107142857133 0.8712522045855364 0.16517857142857012 0.2345679012345668
0 0.06622023809523805 0.8589065255731922 0.1324404761904761 0.21340388007054678
