5 0.274756 0.828283 0.010552 0.011544
6 0.5910950557103064 0.2694986072423398 0.043088440111420497 0.1295264623955432
3 0.2910428272980501 0.3746518105849582 0.03995473537604461 0.12534818941504175
2 0.28360027855153197 0.383008356545961 0.11438022284122563 0.1532033426183844
4 0.3274721448467966 0.4192200557103064 0.0783426183844011 0.1643454038997214
4 0.37212743732590525 0.4018105849582173 0.053272980501392765 0.16016713091922008
4 0.42500870473537605 0.40250696378830086 0.05875696378830092 0.16155988857938716
4 0.4590877437325905 0.42757660167130923 0.06737465181058497 0.17270194986072426
4 0.6059801532033425 0.4742339832869081 0.0712917827298049 0.18245125348189417
4 0.7125261142061281 0.5772980501392757 0.08539345403899716 0.22701949860724227
4 0.7865598885793871 0.45334261838440115 0.08304317548746525 0.19637883008356538
1 0.7743732590529244 0.43454038997214484 0.4512534818941496 0.1643454038997215
4 0.2338527158774373 0.7123955431754875 0.12299791086350971 0.27437325905292487
1 0.26989032033426175 0.6942896935933146 0.5397806406685235 0.3050139275766012
