5 0.49526900000000007 0.615758 0.008776 0.013567000000000001
6 0.6500496031746031 0.9488536155202822 0.0481150793650793 0.10229276895943556
4 0.7185019841269841 0.7473544973544973 0.08085317460317455 0.16313932980599646
4 0.7596726190476191 0.5163139329805996 0.04513888888888886 0.14550264550264544
4 0.6592261904761905 0.5035273368606702 0.051587301587301584 0.1128747795414462
4 0.6388888888888888 0.566137566137566 0.06150793650793652 0.12345679012345677
4 0.6197916666666667 0.6450617283950618 0.06795634920634917 0.13668430335097015
4 0.5786210317460317 0.5321869488536156 0.05208333333333322 0.10846560846560856
4 0.4965277777777778 0.5092592592592592 0.05853174603174608 0.09611992945326278
4 0.1433531746031746 0.6829805996472663 0.052579365079365094 0.18783068783068793
1 0.19866071428571386 0.6150793650793647 0.3973214285714277 0.1737213403880072
1 0.04092261904761903 0.9201940035273363 0.08184523809523805 0.15961199294532571
0 0.9642857142857139 0.9060846560846545 0.07142857142857055 0.18783068783068746
