5 0.4636650868878357 0.6706460674157303 0.011058451816745673 0.015449438202247166
3 0.6438492063492065 0.42813051146384473 0.06051587301587282 0.12610229276895962
2 0.6341765873015873 0.4162257495590829 0.097718253968254 0.13580246913580246
4 0.8258928571428572 0.4960317460317461 0.05555555555555557 0.17548500881834223
1 0.9345238095238095 0.449294532627866 0.12996031746031747 0.1437389770723105
6 0.20808531746031747 0.45370370370370366 0.03621031746031747 0.12610229276895943
4 0.19742063492063494 0.5705467372134039 0.07043650793650795 0.14638447971781304
4 0.21875 0.6027336860670194 0.07043650793650795 0.17548500881834223
4 0.25967261904761907 0.626984126984127 0.06795634920634921 0.1534391534391534
4 0.3194444444444445 0.5493827160493827 0.06448412698412703 0.13051146384479723
4 0.3601190476190476 0.6507936507936507 0.05654761904761905 0.20105820105820102
4 0.40947420634920634 0.6141975308641975 0.06200396825396823 0.1649029982363315
4 0.621031746031746 0.7455908289241623 0.07638888888888885 0.19312169312169317
1 0.6636904761904765 0.7138447971781301 0.5803571428571436 0.2936507936507942
