5 0.26876804619826755 0.6650983746792128 0.0062560153994224875 0.012831479897348287
4 0.9186507936507933 0.45943562610229244 0.07837301587301707 0.1693121693121692
4 0.9496527777777777 0.8117283950617283 0.10069444444444443 0.27425044091710743
4 0.9184027777777777 0.9545855379188711 0.06299603174603177 0.0873015873015872
4 0.8062996031746031 0.5864197530864197 0.09871031746031747 0.21164021164021166
4 0.7844742063492063 0.5881834215167548 0.06894841269841265 0.18518518518518526
4 0.8125 0.43342151675485013 0.09722222222222228 0.1455026455026455
3 0.6875 0.5806878306878307 0.0605158730158729 0.1913580246913581
2 0.6686507936507937 0.5582010582010583 0.12500000000000008 0.181657848324515
4 0.5235615079365079 0.603615520282187 0.042162698412698346 0.2195767195767197
4 0.46527777777777773 0.6199294532627866 0.07539682539682538 0.20634920634920634
6 0.32490079365079366 0.7134038800705467 0.06547619047619051 0.22751322751322753
1 0.640624999999999 0.8805114638447971 0.7187499999999994 0.23897707231040563
1 0.9880952380952381 0.61331569664903 0.023809523809523777 0.09259259259259248
