5 0.45624499999999996 0.603471 0.007284 0.008202
3 0.17708333333333331 0.6022927689594356 0.05555555555555555 0.1393298059964728
2 0.08110119047619048 0.6155202821869489 0.1076388888888889 0.15520282186948856
6 0.14434523809523808 0.8597883597883599 0.061507936507936484 0.2768959435626101
4 0.36929563492063494 0.6750440917107585 0.1175595238095238 0.14726631393298065
4 0.5009920634920635 0.5396825396825397 0.06547619047619051 0.1128747795414462
4 0.513640873015873 0.5965608465608466 0.04513888888888893 0.10670194003527342
4 0.595734126984127 0.5502645502645502 0.06448412698412696 0.1375661375661376
4 0.662202380952381 0.5850970017636684 0.041666666666666574 0.14550264550264544
4 0.68625992063492 0.6349206349206348 0.04811507936507947 0.16402116402116398
4 0.8137400793650794 0.587742504409171 0.05307539682539698 0.14021164021164018
4 0.5565476190476201 0.7332451499118122 0.09325396825396651 0.18606701940034362
6 0.8876488095238095 0.9492945326278659 0.061011904761904816 0.1014109347442681
1 0.23263888888888878 0.880070546737213 0.46527777777777757 0.2398589065255729
1 0.5386904761904764 0.6018518518518521 0.4434523809523812 0.15784832451499137
