5 0.545455 0.696248 0.012987 0.012987
6 0.42361111111111105 0.26102292768959434 0.03472222222222222 0.1463844797178131
3 0.09375 0.3946208112874779 0.0763888888888889 0.1701940035273368
2 0.07490079365079365 0.39373897707231037 0.1349206349206349 0.16666666666666669
4 0.17038690476190477 0.46075837742504405 0.04910714285714286 0.1701940035273369
4 0.20957341269841268 0.4052028218694885 0.055059523809523794 0.173721340388007
4 0.26066468253968256 0.45634920634920634 0.07390873015873016 0.17548500881834223
4 0.12549603174603174 0.6693121693121694 0.09325396825396826 0.26455026455026454
4 0.29166666666666663 0.6640211640211641 0.09722222222222225 0.19047619047619035
4 0.45783730158730157 0.48721340388007045 0.08134920634920646 0.21781305114638466
4 0.6949404761904762 0.38492063492063494 0.061507936507936595 0.1790123456790123
1 0.6054067460317456 0.432980599647266 0.4965277777777776 0.1587301587301586
1 0.17633928571428562 0.7235449735449735 0.35267857142857123 0.32363315696649025
