5 0.266234 0.8311690000000002 0.011364 0.01443
6 0.5850694444444444 0.2702821869488536 0.04712301587301582 0.12786596119929455
4 0.7614087301587301 0.44885361552028213 0.05853174603174608 0.18518518518518526
4 0.7172619047619048 0.5674603174603174 0.0744047619047619 0.23897707231040563
4 0.6004464285714285 0.4735449735449735 0.068948412698413 0.18165784832451506
4 0.45585317460317454 0.4285714285714286 0.05853174603174601 0.1693121693121693
4 0.4260912698412698 0.41358024691358025 0.060515873015873044 0.16049382716049387
4 0.3608630952380952 0.4118165784832452 0.061011904761904746 0.14109347442680778
4 0.3050595238095238 0.4149029982363316 0.033730158730158735 0.13492063492063494
3 0.2911706349206349 0.3831569664902998 0.05357142857142854 0.13492063492063494
2 0.27777777777777773 0.38227513227513227 0.11111111111111108 0.15608465608465608
4 0.22693452380952384 0.7191358024691358 0.12648809523809526 0.2830687830687831
1 0.2661210317460313 0.6843033509700172 0.5322420634920627 0.30511463844797165
1 0.7678571428571428 0.42945326278659607 0.4642857142857143 0.1552028218694885
