5 0.5655110000000001 0.538073 0.010198 0.01295
6 0.03869047619047619 0.4281305114638448 0.04067460317460317 0.154320987654321
4 0.1560019841269841 0.621252204585538 0.05803571428571429 0.19841269841269857
4 0.22594246031746032 0.5802469135802469 0.051091269841269805 0.162257495590829
4 0.41691468253968256 0.4395943562610229 0.03323412698412703 0.13315696649029982
4 0.4283234126984127 0.44929453262786595 0.06894841269841273 0.11552028218694886
4 0.7562003968253967 0.6124338624338624 0.05902777777777786 0.17901234567901228
4 0.6532738095238095 0.6979717813051147 0.05059523809523817 0.1843033509700176
4 0.580109126984127 0.9122574955908288 0.07192460317460324 0.16843033509700178
4 0.44791666666666674 0.787037037037037 0.06349206349206347 0.2142857142857143
0 0.3665674603174597 0.8447971781305111 0.6180555555555546 0.28395061728394966
