5 0.694399 0.897547 0.008929 0.011544
4 0.7689327994428968 0.516016713091922 0.12456476323119774 0.1685236768802229
4 0.6424094707520891 0.46100278551532026 0.10341225626740944 0.15598885793871864
4 0.7466051532033429 0.8593314763231191 0.09714484679665719 0.25348189415041755
4 0.4575208913649025 0.6511142061281336 0.12221448467966582 0.2298050139275766
4 0.6463266016713092 0.3022284122562674 0.0830431754874651 0.15320334261838436
4 0.48063196378830075 0.2604456824512535 0.07912604456824511 0.10863509749303621
4 0.34314066852367686 0.2764623955431755 0.07520891364902503 0.1267409470752089
3 0.20682451253481893 0.26601671309192204 0.06110724233983287 0.1337047353760446
4 0.18136316155988855 0.3050139275766017 0.03212047353760447 0.12534818941504178
4 0.15981894150417822 0.30779944289693595 0.04073816155988856 0.11977715877437327
2 0.1754874651810585 0.2743732590529248 0.0971448467966574 0.10863509749303621
1 0.5617165738161559 0.28412256267409475 0.3603760445682447 0.1448467966573818
1 0.20799965181058486 0.5403899721448461 0.4159993036211697 0.2785515320334268
