5 0.48696100000000003 0.634551 0.007527000000000001 0.006475
6 0.6840277777777777 0.9444444444444445 0.038690476190476344 0.10934744268077608
4 0.7671130952380953 0.5445326278659612 0.061011904761904816 0.13844797178130505
4 0.6460813492063493 0.5233686067019401 0.0699404761904762 0.1261022927689595
4 0.6195436507936508 0.5758377425044091 0.07539682539682545 0.12345679012345677
4 0.6391369047619047 0.7292768959435625 0.060019841269841265 0.15343915343915357
4 0.5714285714285714 0.6265432098765433 0.07341269841269835 0.10846560846560842
4 0.5411706349206349 0.5414462081128748 0.043650793650793676 0.09171075837742514
4 0.5235615079365079 0.525132275132275 0.037202380952380876 0.09788359788359792
4 0.171875 0.6644620811287478 0.0520833333333333 0.18606701940035278
1 0.2328869047619047 0.6111111111111108 0.46577380952380937 0.17283950617283936
1 0.0768849206349206 0.9078483245149905 0.1537698412698412 0.1843033509700174
6 0.012152777777777766 0.9126984126984126 0.02430555555555553 0.17460317460317432
