5 0.620819 0.565052 0.006039 0.010735
6 0.9285714285714286 0.45502645502645506 0.05853174603174608 0.1657848324514992
4 0.7775297619047619 0.7433862433862434 0.12351190476190482 0.2310405643738978
4 0.6465773809523809 0.5026455026455027 0.08085317460317462 0.14814814814814817
4 0.3839285714285714 0.5374779541446207 0.037698412698412724 0.14373897707231045
4 0.4283234126984127 0.6371252204585538 0.09176587301587304 0.14021164021164026
4 0.3668154761904762 0.8090828924162259 0.11061507936507936 0.22310405643738973
4 0.22495039682539683 0.49779541446208114 0.04910714285714285 0.13139329805996475
4 0.07093253968253968 0.5590828924162258 0.03968253968253968 0.1252204585537919
4 0.078125 0.505731922398589 0.045138888888888895 0.14550264550264544
1 0.8353174603174601 0.6331569664903 0.3263888888888888 0.18518518518518534
0 0.05902777777777783 0.9047619047619047 0.11805555555555566 0.19047619047618955
