5 0.4802527646129542 0.5905898876404494 0.01263823064770932 0.029494382022471868
6 0.35912698412698413 0.39285714285714285 0.037698412698412655 0.1261022927689595
4 0.38963293650793646 0.3862433862433862 0.030257936507936522 0.07583774250440918
4 0.44072420634920634 0.38536155202821876 0.04513888888888893 0.07054673721340386
4 0.5543154761904762 0.3871252204585538 0.02232142857142854 0.06349206349206354
4 0.5907738095238095 0.47751322751322756 0.08035714285714285 0.13492063492063494
4 0.6111111111111112 0.42416225749559083 0.04960317460317448 0.0881834215167548
4 0.5806051587301587 0.3787477954144621 0.021329365079365132 0.050264550264550255
4 0.73015873015873 0.38536155202821853 0.02876984126984101 0.06172839506172887
6 0.6954365079365078 0.373015873015873 0.021825396825396838 0.05114638447971778
4 0.8606150793650795 0.41402116402116407 0.0634920634920634 0.0679012345679012
0 0.9238591269841269 0.5013227513227506 0.1522817460317457 0.09611992945326273
3 0.5974702380952381 0.3672839506172839 0.016369047619047592 0.05379188712522044
