5 0.450748 0.6281099999999998 0.007906 0.007597
4 0.7688492063492063 0.5661375661375662 0.06944444444444457 0.12169312169312164
4 0.6242559523809524 0.5423280423280423 0.04017857142857146 0.11463844797178133
4 0.6051587301587302 0.5864197530864197 0.04067460317460316 0.1199294532627865
4 0.558531746031746 0.5493827160493827 0.07142857142857145 0.08289241622574962
4 0.5186011904761905 0.560405643738977 0.05803571428571438 0.12433862433862437
4 0.5404265873015873 0.6194885361552028 0.07787698412698418 0.0925925925925926
4 0.5949900793650794 0.7345679012345678 0.06795634920634917 0.1640211640211639
4 0.19394841269841273 0.6507936507936507 0.058531746031746046 0.1693121693121693
6 0.020585317460317453 0.9074074074074073 0.04117063492063491 0.18165784832451493
6 0.7142857142857143 0.951058201058201 0.043650793650793676 0.09435626102292759
1 0.29067460317460275 0.6058201058201053 0.4593253968253961 0.16578483245149792
1 0.1091269841269841 0.8959435626102291 0.2162698412698412 0.19753086419753094
