5 0.6448860000000001 0.714286 0.010552 0.01443
6 0.5099206349206349 0.33333333333333337 0.03174603174603177 0.14638447971781304
1 0.6733630952380952 0.4365079365079368 0.458829365079365 0.14991181657848301
4 0.12425595238095237 0.7530864197530864 0.12648809523809523 0.22045855379188709
4 0.03968253968253968 0.533068783068783 0.0763888888888889 0.1684303350970017
1 0.2182539682539685 0.6926807760141096 0.43452380952381003 0.30070546737213344
4 0.2767857142857143 0.42416225749559083 0.05753968253968253 0.14814814814814808
4 0.2068452380952381 0.4431216931216932 0.04960317460317462 0.15255731922398602
3 0.22594246031746032 0.3871252204585538 0.04910714285714285 0.13932980599647268
2 0.17881944444444442 0.394620811287478 0.09871031746031743 0.1455026455026455
