5 0.068994 0.604618 0.00974 0.01443
6 0.7296626984126985 0.150352733686067 0.04662698412698418 0.10846560846560845
3 0.46378968253968256 0.22354497354497355 0.04761904761904759 0.13139329805996472
2 0.4598214285714286 0.2257495590828924 0.09722222222222221 0.13403880070546736
4 0.5213293650793651 0.24867724867724866 0.042658730158730125 0.14638447971781304
1 0.845734126984127 0.2764550264550264 0.3085317460317461 0.13668430335097
4 0.9739583333333333 0.8474426807760141 0.052083333333333426 0.2998236331569665
4 0.6495535714285715 0.37169312169312163 0.06398809523809533 0.1807760141093474
4 0.49727182539682535 0.3805114638447972 0.07986111111111115 0.13668430335097007
4 0.2492559523809524 0.24338624338624337 0.033234126984127 0.13932980599647266
4 0.13343253968253968 0.44885361552028213 0.06448412698412698 0.1252204585537919
4 0.13467261904761904 0.548941798941799 0.07589285714285715 0.24426807760141095
1 0.39781746031746024 0.48589065255731884 0.5684523809523808 0.2557319223985895
