5 0.676136 0.567821 0.00974 0.010101
4 0.8288649025069637 0.7137883008356546 0.1175139275766017 0.18523676880222845
4 0.6239989554317549 0.48467966573816157 0.043088440111420566 0.16155988857938725
4 0.5910950557103064 0.48885793871866295 0.04622214484679667 0.13091922005571027
4 0.42383356545960993 0.46935933147632314 0.026636490250696383 0.11977715877437334
4 0.3952385097493035 0.4637883008356546 0.043088440111420635 0.15041782729805006
4 0.3098450557103064 0.5243732590529249 0.071291782729805 0.11002785515320333
4 0.44106894150417825 0.5738161559888578 0.06894150417827305 0.16434540389972135
4 0.47593140668523676 0.7409470752089138 0.10106197771587738 0.21727019498607247
1 0.4481197771587743 0.7026462395543176 0.5530988857938718 0.22423398328690816
1 0.09479456824512532 0.9686629526462389 0.18958913649025064 0.06267409470752071
