5 0.4885466034755136 0.3918539325842697 0.01026856240126378 0.011235955056179778
3 0.8152281746031745 0.5806878306878308 0.051091269841269875 0.1596119929453264
4 0.7688492063492063 0.4572310405643739 0.05059523809523796 0.09788359788359792
4 0.6545138888888888 0.40211640211640215 0.07886904761904752 0.09700176366843032
4 0.640625 0.609347442680776 0.09176587301587297 0.14991181657848315
4 0.5947420634920635 0.7548500881834215 0.0505952380952381 0.21869488536155202
4 0.5535714285714284 0.8465608465608464 0.06448412698412696 0.15343915343915374
4 0.2185019841269841 0.6569664902998237 0.10069444444444439 0.19576719576719576
4 0.523561507936508 0.3875661375661376 0.056051587301587345 0.09964726631393298
6 0.42683531746031744 0.36111111111111116 0.03819444444444443 0.11375661375661374
2 0.859871031746032 0.599647266313933 0.12549603174603177 0.162257495590829
1 0.39608134920634924 0.5780423280423282 0.4627976190476192 0.22486772486772538
1 0.7862103174603179 0.9021164021164023 0.4275793650793642 0.19576719576719553
