5 0.7849029999999999 0.41919199999999995 0.00974 0.010101
3 0.5542740250696379 0.5445682451253482 0.05092270194986071 0.17270194986072426
2 0.506876740947075 0.5348189415041776 0.15041782729805028 0.1866295264623954
4 0.9130832172701949 0.532033426183844 0.09949512534818936 0.19498607242339838
4 0.8143715181058495 0.6002785515320334 0.14963440111420623 0.19498607242339844
4 0.6917653203342619 0.5132311977715878 0.053272980501392765 0.2047353760445683
4 0.6635619777158774 0.5654596100278552 0.061107242339832765 0.23955431754874645
4 0.5840442200557102 0.596100278551532 0.06659122562674093 0.24233983286908084
4 0.5017844707520891 0.9094707520891361 0.07442548746518099 0.1810584958217266
4 0.42265842618384397 0.8676880222841226 0.05719011142061277 0.25626740947075205
4 0.46182973537604455 0.8182451253481894 0.05405640668523674 0.27715877437325903
4 0.48102367688022274 0.6518105849582173 0.0564066852367688 0.17827298050139276
1 0.46809714484679643 0.8788300835654584 0.8061455431754871 0.24233983286907904
1 0.9118645543175486 0.6009749303621167 0.17627089136490273 0.22423398328690752
