5 0.364393 0.43526400000000004 0.006359 0.009949
3 0.6825396825396826 0.556437389770723 0.05753968253968253 0.19753086419753083
2 0.7599206349206349 0.5745149911816578 0.16765873015873012 0.23015873015873012
4 0.9337797619047622 0.7156084656084657 0.1324404761904758 0.279541446208113
4 0.6215277777777778 0.5767195767195767 0.07738095238095227 0.16754850088183432
4 0.5486111111111112 0.5824514991181657 0.05952380952380956 0.15432098765432087
4 0.5297619047619048 0.7283950617283951 0.16170634920634924 0.31746031746031744
4 0.45585317460317454 0.6009700176366843 0.15476190476190474 0.28130511463844804
4 0.3395337301587302 0.48941798941798936 0.09077380952380952 0.18518518518518512
4 0.28670634920634924 0.4457671957671958 0.0763888888888889 0.19841269841269843
4 0.2780257936507936 0.6252204585537919 0.1780753968253968 0.2962962962962964
4 0.10689484126984126 0.5753968253968254 0.12053571428571429 0.2178130511463844
1 0.1884920634920635 0.6300705467372134 0.3759920634920635 0.2530864197530864
1 0.6708829365079358 0.9043209876543199 0.6582341269841259 0.1843033509700167
