5 0.6968340000000001 0.41342 0.007305000000000001 0.010101
4 0.9238591269841271 0.5582010582010581 0.06398809523809533 0.20811287477954138
4 0.7738095238095238 0.6265432098765431 0.06845238095238088 0.20899470899470907
4 0.6909722222222223 0.5546737213403881 0.05853174603174594 0.22927689594356265
4 0.6887400793650794 0.5149911816578484 0.07093253968253975 0.20282186948853614
4 0.6205357142857134 0.6124338624338622 0.0734126984126983 0.24779541446208078
3 0.5850694444444444 0.548941798941799 0.07093253968253968 0.15432098765432095
2 0.5386904761904762 0.5282186948853617 0.13392857142857145 0.17283950617283972
4 0.4565972222222221 0.6701940035273366 0.08184523809523808 0.22045855379188764
4 0.3903769841269842 0.7619047619047621 0.06845238095238095 0.19400352733686063
4 0.4022817460317461 0.8893298059964727 0.12301587301587297 0.21604938271604937
4 0.3045634920634919 0.8465608465608467 0.07043650793650798 0.3015873015873014
1 0.5079365079365081 0.8716931216931206 0.7986111111111114 0.2548500881834215
1 0.9246031746031746 0.5846560846560847 0.15079365079365076 0.20811287477954152
