5 0.38154399999999994 0.523504 0.005075 0.009497
6 0.7609126984126985 0.40476190476190466 0.03670634920634924 0.13580246913580246
4 0.9067460317460316 0.5612874779541446 0.06944444444444443 0.11904761904761899
4 0.9841269841269841 0.482363315696649 0.03174603174603177 0.11463844797178133
4 0.41245039682539686 0.46252204585537915 0.04216269841269849 0.10493827160493822
4 0.42311507936507936 0.6141975308641975 0.05357142857142861 0.13668430335097
4 0.3159722222222222 0.6172839506172839 0.06845238095238092 0.16402116402116398
4 0.3638392857142857 0.8531746031746031 0.06299603174603177 0.19312169312169317
4 0.19221230158730157 0.5211640211640212 0.04414682539682538 0.11640211640211647
1 0.5662202380952376 0.5987654320987654 0.45386904761904723 0.1534391534391538
1 0.8249007936507937 0.8880070546737217 0.3501984126984127 0.2204585537918879
