5 0.23498399999999997 0.683261 0.005682 0.015873
4 0.8860550139275765 0.6037604456824512 0.09557799442896922 0.1880222841225628
4 0.6612116991643453 0.7639275766016712 0.18488857938718659 0.17966573816155987
4 0.7297614902506964 0.5675487465181059 0.09792827298050157 0.1852367688022285
4 0.7657990947075208 0.4944289693593315 0.066591225626741 0.1782729805013927
4 0.6478934540389971 0.5299442896935933 0.053272980501392696 0.1991643454038997
3 0.5182364206128134 0.5738161559888578 0.09009401114206128 0.12256267409470745
2 0.5104021587743732 0.5459610027855153 0.12926532033426186 0.17270194986072426
4 0.3646848885793872 0.5480501392757661 0.12143105849582174 0.14902506963788306
4 0.2616643454038997 0.5724233983286908 0.09871169916434538 0.18105849582172703
4 0.43832694986072424 0.8259052924791086 0.1527681058495822 0.22005571030640667
1 0.4755396935933144 0.8739554317548748 0.7614902506963781 0.25208913649025066
1 0.9044655292479108 0.6051532033426185 0.18723885793871858 0.21030640668523687
