5 0.688718 0.791486 0.007305000000000001 0.012987
3 0.2574404761904762 0.2896825396825397 0.0406746031746032 0.12433862433862433
2 0.2256944444444444 0.288800705467372 0.0873015873015873 0.11728395061728397
4 0.1450892857142857 0.3699294532627866 0.05902777777777775 0.13844797178130505
4 0.10367063492063493 0.35361552028218696 0.03670634920634921 0.13932980599647268
4 0.3876488095238095 0.31569664902998235 0.050099206349206324 0.14285714285714288
4 0.6391369047619048 0.3377425044091711 0.11954365079365069 0.13403880070546734
4 0.6612103174603174 0.27072310405643735 0.04960317460317469 0.12169312169312171
1 0.5873015873015873 0.3055555555555555 0.3432539682539682 0.14021164021164018
1 0.22470238095238085 0.5498236331569664 0.4494047619047617 0.2636684303350974
4 0.46106150793650796 0.6556437389770724 0.13343253968253968 0.2142857142857143
4 0.5823412698412699 0.5008818342151675 0.11111111111111108 0.14638447971781304
4 0.6651785714285714 0.6190476190476191 0.08333333333333336 0.18871252204585554
4 0.78125 0.7835097001763668 0.13194444444444442 0.21957671957671962
