5 0.61039 0.659452 0.012987 0.008658
4 0.7904265873015873 0.5828924162257495 0.05009920634920647 0.1393298059964726
4 0.6460813492063491 0.554673721340388 0.04712301587301582 0.15696649029982374
4 0.5208333333333334 0.7636684303350969 0.05555555555555557 0.20458553791887127
4 0.46081349206349204 0.5141093474426808 0.04067460317460323 0.16225749559082892
4 0.4017857142857143 0.5652557319223986 0.03968253968253968 0.12698412698412703
4 0.3943452380952381 0.513668430335097 0.05853174603174601 0.14550264550264558
4 0.22098214285714274 0.46604938271604945 0.04414682539682575 0.15432098765432098
4 0.06498015873015872 0.5171957671957672 0.05952380952380951 0.154320987654321
1 0.2648809523809522 0.7014991181657845 0.5297619047619044 0.2142857142857152
