5 0.710248 0.57811 0.008458 0.012662
4 0.761656746031746 0.5947971781305115 0.09375 0.20546737213403887
4 0.6917162698412699 0.6221340388007054 0.0669642857142857 0.18606701940035272
4 0.6413690476190476 0.5339506172839507 0.0644841269841271 0.1649029982363316
4 0.5930059523809524 0.47266313932980597 0.07192460317460309 0.16225749559082892
4 0.3834325396825397 0.4519400352733686 0.04861111111111114 0.17724867724867735
4 0.4032738095238095 0.5533509700176367 0.07638888888888885 0.1807760141093474
3 0.5022321428571429 0.5648148148148148 0.10267857142857145 0.1613756613756613
2 0.5342261904761902 0.5502645502645502 0.12996031746031791 0.19753086419753077
1 0.11780753968253967 0.5776014109347444 0.23561507936507936 0.22222222222222246
1 0.4330357142857142 0.8769841269841271 0.7748015873015872 0.24603174603174494
