5 0.402192 0.7792210000000002 0.018669 0.01443
6 0.5592757936507937 0.263668430335097 0.030257936507936522 0.13580246913580246
4 0.4444444444444443 0.6327160493827162 0.07837301587301568 0.17901234567901253
4 0.5639880952380952 0.4898589065255732 0.07142857142857138 0.17548500881834214
4 0.8311011904761904 0.40917107583774254 0.07390873015873027 0.1851851851851852
4 0.39335317460317454 0.47663139329806 0.07043650793650791 0.17901234567901234
4 0.33903769841269843 0.43209876543209874 0.060019841269841265 0.14285714285714285
4 0.2934027777777778 0.48104056437389775 0.055059523809523794 0.16843033509700178
3 0.2224702380952381 0.4228395061728395 0.07291666666666669 0.13315696649029987
2 0.20684523809523805 0.4012345679012346 0.13095238095238093 0.15873015873015872
4 0.23735119047619052 0.6816578483245149 0.09970238095238076 0.25573192239858933
1 0.24305555555555552 0.7420634920634922 0.48611111111111105 0.34479717813051136
1 0.7462797619047616 0.45061728395061734 0.49950396825396814 0.16754850088183396
