5 0.3321484992101106 0.5056179775280899 0.011848341232227427 0.019662921348314554
4 0.7676091269841271 0.34391534391534395 0.03819444444444443 0.126984126984127
4 0.7197420634920636 0.3664021164021164 0.03670634920634924 0.10493827160493834
4 0.703125 0.5092592592592592 0.04017857142857139 0.1278659611992945
4 0.5131448412698413 0.451058201058201 0.09375 0.13315696649029982
4 0.4605654761904762 0.3884479717813051 0.04811507936507937 0.11552028218694879
4 0.3931051587301587 0.5119047619047619 0.07688492063492064 0.15255731922398597
4 0.3196924603174603 0.8051146384479718 0.09871031746031747 0.20987654320987645
4 0.10143849206349205 0.6291887125220458 0.08085317460317461 0.1507936507936508
6 0.06522817460317461 0.4069664902998237 0.03720238095238095 0.14197530864197525
1 0.8015873015873015 0.5961199294532628 0.39682539682539686 0.25749559082892426
