5 0.5519229999999999 0.5283950000000001 0.005983 0.007977
6 0.19692460317460317 0.41005291005291006 0.0406746031746032 0.15167548500881836
4 0.47519841269841273 0.45370370370370366 0.03670634920634924 0.12081128747795418
4 0.5032242063492063 0.46031746031746024 0.05704365079365083 0.10934744268077601
4 0.669890873015873 0.6834215167548501 0.05307539682539669 0.14991181657848315
4 0.7899305555555555 0.626984126984127 0.05902777777777786 0.18518518518518504
4 0.42410714285714285 0.7980599647266314 0.05555555555555557 0.22045855379188709
0 0.5188492063492056 0.8311287477954147 0.6140873015873013 0.27954144620811366
4 0.6520337301587301 0.9290123456790124 0.059027777777777714 0.14197530864197533
4 0.21676587301587305 0.5749559082892417 0.04563492063492067 0.14638447971781296
4 0.17063492063492064 0.638888888888889 0.04960317460317461 0.18606701940035278
