5 0.6919640000000001 0.690476 0.010552 0.018759
4 0.9181547619047619 0.6115520282186949 0.06646825396825391 0.19841269841269835
6 0.33779761904761896 0.3218694885361552 0.024801587301587276 0.13227513227513227
1 0.5106646825396827 0.4246031746031745 0.42311507936507975 0.14197530864197536
4 0.15228174603174602 0.419753086419753 0.044642857142857116 0.15520282186948856
4 0.09523809523809514 0.4272486772486772 0.05158730158730157 0.16843033509700198
3 0.09052579365079366 0.39197530864197533 0.05208333333333332 0.14373897707231037
2 0.054811507936507936 0.39197530864197533 0.1076388888888889 0.15784832451499117
4 0.11011904761904763 0.7239858906525573 0.08730158730158731 0.21693121693121684
1 0.1470734126984127 0.6917989417989417 0.2941468253968254 0.29012345679012347
