5 0.283279 0.872294 0.016234 0.012987
6 0.49503968253968256 0.26587301587301587 0.047619047619047665 0.12962962962962965
4 0.24280753968253957 0.38668430335097 0.06001984126984155 0.12257495590828922
4 0.20634920634920637 0.4329805996472663 0.05654761904761905 0.13580246913580246
2 0.19543650793650794 0.3752204585537919 0.11507936507936506 0.15079365079365079
4 0.3556547619047619 0.4038800705467372 0.05952380952380956 0.16225749559082892
4 0.3792162698412699 0.41666666666666663 0.052083333333333356 0.1666666666666667
4 0.5260416666666667 0.4523809523809524 0.0629960317460317 0.17813051146384487
4 0.6006944444444444 0.46472663139329806 0.04960317460317469 0.21693121693121697
4 0.7008928571428572 0.537037037037037 0.08531746031746039 0.1604938271604938
4 0.9789186507936509 0.6168430335097002 0.042162698412698346 0.25308641975308643
4 0.10193452380952384 0.7667548500881836 0.1066468253968254 0.2619047619047619
1 0.2323908730158729 0.6926807760141094 0.4647817460317458 0.3218694885361554
1 0.7085813492063491 0.421957671957672 0.4866071428571428 0.1525573192239861
