5 0.8667199999999999 0.664292 0.01015 0.015195
6 0.3936011904761905 0.28835978835978837 0.04811507936507937 0.1728395061728395
6 0.4851190476190476 0.6093474426807759 0.04960317460317455 0.2416225749559083
3 0.5262896825396826 0.38977072310405647 0.06051587301587297 0.16225749559082892
2 0.5463789682539683 0.3844797178130511 0.10466269841269842 0.17107583774250437
4 0.46750992063492086 0.43606701940035264 0.06299603174603179 0.15255731922398574
4 0.7217261904761902 0.5749559082892415 0.11210317460317507 0.16578483245149905
4 0.7358630952380948 0.6243386243386243 0.05902777777777768 0.19047619047619052
4 0.43874007936507936 0.5961199294532628 0.07093253968253961 0.18871252204585537
4 0.37549603174603186 0.6168430335097003 0.06944444444444463 0.2301587301587302
4 0.267609126984127 0.6181657848324515 0.09375 0.2098765432098765
4 0.20783730158730157 0.5480599647266314 0.051587301587301584 0.20899470899470893
4 0.05753968253968253 0.44973544973544977 0.07341269841269842 0.17989417989417994
1 0.14062499999999992 0.403439153439153 0.28124999999999983 0.18606701940035275
1 0.4548611111111107 0.7182539682539685 0.6626984126984119 0.30423280423280413
