5 0.22432859399684044 0.5554775280898876 0.01263823064770932 0.02106741573033709
4 0.15370639534883723 0.5 0.12281976744186048 0.1782945736434109
4 0.2914244186046512 0.7428940568475452 0.12209302325581398 0.2583979328165374
4 0.39462209302325585 0.5607235142118863 0.10610465116279073 0.19121447028423774
4 0.4716569767441861 0.5523255813953489 0.0886627906976745 0.14599483204134373
4 0.7154796511627908 0.684108527131783 0.1286337209302326 0.2312661498708011
4 0.768531976744186 0.5426356589147286 0.03125 0.16279069767441862
4 0.798328488372093 0.5290697674418605 0.06468023255813947 0.16666666666666657
4 0.6842296511627908 0.5549095607235143 0.04433139534883722 0.18992248062015504
4 0.5981104651162791 0.5290697674418605 0.04651162790697683 0.15633074935400523
6 0.579578488372093 0.4844961240310077 0.04869186046511629 0.1602067183462532
1 0.6050145348837207 0.6117571059431525 0.49781976744185996 0.1976744186046509
1 0.8837209302325576 0.9069767441860457 0.23255813953488386 0.18604651162790678
