5 0.391234 0.42785000000000006 0.014610000000000001 0.018759
6 0.4367559523809524 0.28350970017636684 0.041170634920634865 0.14197530864197533
3 0.19841269841269843 0.4038800705467372 0.04861111111111114 0.13051146384479714
2 0.15128968253968253 0.4012345679012346 0.1279761904761905 0.17107583774250443
4 0.03819444444444444 0.5529100529100529 0.07341269841269842 0.25925925925925924
4 0.22420634920634921 0.4281305114638448 0.046626984126984114 0.1878306878306878
4 0.26512896825396826 0.4122574955908289 0.06795634920634917 0.18959435626102294
4 0.29414682539682535 0.5282186948853616 0.07142857142857136 0.22045855379188709
4 0.44221230158730157 0.4126984126984127 0.07490079365079368 0.1569664902998236
4 0.5473710317460317 0.355379188712522 0.0649801587301588 0.14814814814814817
4 0.5838293650793651 0.45326278659611996 0.09226190476190482 0.19047619047619052
4 0.6659226190476191 0.5202821869488536 0.10763888888888892 0.19400352733686063
1 0.7172619047619045 0.4519400352733687 0.530753968253968 0.1772486772486775
1 0.22346230158730157 0.7473544973544977 0.44692460317460314 0.34479717813051103
