5 0.09335899903753608 0.5290846877673225 0.00481231953801732 0.007698887938408916
6 0.5416666666666667 0.10229276895943563 0.04067460317460309 0.10405643738977073
6 0.21428571428571444 0.1353615520282186 0.03968253968253986 0.11552028218694875
4 0.8000992063492063 0.38844797178130513 0.07142857142857154 0.1631393298059965
4 0.6894841269841271 0.43827160493827155 0.08333333333333329 0.1428571428571429
4 0.5793650793650794 0.4797178130511464 0.10912698412698404 0.1534391534391534
4 0.659722222222222 0.5895061728395058 0.11507936507936531 0.2160493827160493
4 0.4335317460317461 0.4991181657848324 0.125 0.14991181657848324
4 0.4585813492063492 0.7826278659611993 0.11061507936507971 0.23721340388007048
4 0.3501984126984127 0.6917989417989417 0.12301587301587301 0.07142857142857154
4 0.2750496031746032 0.8042328042328043 0.1245039682539683 0.2134038800705467
4 0.03125000000000001 0.346560846560846 0.06250000000000001 0.12169312169312158
0 0.1024305555555555 0.5586419753086413 0.204861111111111 0.31128747795414413
1 0.7775297619047614 0.23148148148148137 0.38640873015873056 0.17372134038800705
1 0.9397321428571429 0.5454144620811286 0.12053571428571404 0.25837742504409167
