5 0.6424510000000001 0.7157290000000001 0.010552 0.01443
6 0.5235615079365079 0.32848324514991184 0.02926587301587304 0.14373897707231043
1 0.6830357142857136 0.4325396825396826 0.4553571428571423 0.15079365079365115
3 0.24280753968253968 0.38403880070546736 0.04811507936507937 0.14197530864197527
2 0.19568452380952395 0.39373897707231037 0.1125992063492064 0.14373897707231031
4 0.21155753968253968 0.43253968253968256 0.055059523809523794 0.16843033509700178
4 0.28521825396825395 0.4268077601410934 0.0625 0.16225749559082892
4 0.045882936507936505 0.5357142857142857 0.08978174603174603 0.17901234567901242
4 0.13516865079365079 0.7530864197530863 0.12152777777777779 0.22398589065255733
1 0.2222222222222224 0.69620811287478 0.4444444444444448 0.31305114638447984
