5 0.221591 0.476912 0.008117 0.012987
3 0.07285863509749303 0.5647632311977716 0.02977019498607242 0.14902506963788306
4 0.044655292479108634 0.6093314763231199 0.040738161559888575 0.17130919220055724
2 0.027419916434540396 0.5752089136490252 0.05483983286908078 0.1364902506963787
4 0.17196204735376042 0.5125348189415042 0.04935584958217268 0.13091922005571027
4 0.1778377437325905 0.5097493036211699 0.07364206128133706 0.10863509749303624
4 0.1151636490250696 0.58008356545961 0.056406685236768776 0.1490250696378829
4 0.9350191504178272 0.5306406685236769 0.044655292479108655 0.1476323119777159
4 0.7791173398328689 0.8767409470752088 0.11829735376044581 0.21866295264623958
4 0.5440894846796657 0.786908077994429 0.15433495821727022 0.2256267409470752
4 0.3678185933147632 0.66016713091922 0.05719011142061277 0.15598885793871858
4 0.3360898328690808 0.6552924791086352 0.0532729805013928 0.14066852367688015
1 0.47201427576601673 0.5933147632311978 0.4238335654596101 0.1532033426183843
1 0.15041782729805012 0.8718662952646241 0.30083565459610023 0.2562674094707517
