5 0.300731 0.8672439999999999 0.015422 0.020202
6 0.4876827994428969 0.266016713091922 0.05092270194986071 0.13370473537604458
4 0.9749738857938715 0.6169916434540387 0.049355849582172026 0.25626740947075194
4 0.6984244428969358 0.5647632311977716 0.08069289693593305 0.19916434540389966
4 0.5969707520891364 0.46727019498607236 0.05170612813370475 0.2186629526462395
4 0.5409557799442897 0.45752089136490254 0.1026288300835654 0.18245125348189417
4 0.37330257660167127 0.4247910863509749 0.05092270194986071 0.17270194986072412
4 0.33569811977715874 0.4018105849582173 0.06345752089136493 0.1573816155988858
4 0.13474930362116994 0.7715877437325905 0.1880222841225627 0.267409470752089
4 0.1966399721448468 0.447075208913649 0.06110724233983287 0.1643454038997214
3 0.23737813370473534 0.3850974930362117 0.07990947075208915 0.14066852367688024
2 0.18645543175487464 0.38579387186629555 0.1190807799442897 0.14763231197771595
1 0.7050835654596099 0.4233983286908078 0.47945682451253474 0.15877437325905283
1 0.2264101671309193 0.694986072423398 0.4528203342618385 0.3091922005571024
