5 0.6042617960426179 0.4912043301759133 0.009132420091324249 0.010825439783491219
4 0.5763081395348837 0.4903100775193798 0.05377906976744185 0.14599483204134373
4 0.5425145348837209 0.4664082687338501 0.03415697674418609 0.14470284237726092
4 0.34665697674418594 0.8624031007751931 0.16424418604651142 0.2596899224806199
4 0.17332848837209305 0.9011627906976745 0.07340116279069772 0.1925064599483204
4 0.16024709302325582 0.5012919896640827 0.058866279069767435 0.1834625322997416
4 0.24745639534883723 0.4728682170542636 0.048691860465116255 0.16795865633074925
3 0.31468023255813954 0.4521963824289405 0.06976744186046513 0.12144702842377264
2 0.3292151162790698 0.4263565891472868 0.11627906976744193 0.1602067183462532
6 0.1177325581395349 0.26421188630490955 0.042151162790697666 0.1718346253229974
4 0.025072674418604654 0.41020671834625316 0.05014534883720931 0.18475452196382428
1 0.3132267441860465 0.8062015503875969 0.623546511627907 0.3850129198966408
1 0.030886627906976747 0.4509043927648579 0.05886627906976745 0.15503875968992248
