5 0.596591 0.775613 0.014610000000000001 0.010101
4 0.8033234126984128 0.6313932980599648 0.12748015873015872 0.2380952380952381
4 0.5205853174603174 0.5793650793650794 0.061011904761904816 0.20458553791887135
4 0.34474206349206354 0.5127865961199295 0.047619047619047665 0.2178130511463845
4 0.38293650793650796 0.472663139329806 0.08531746031746032 0.1604938271604938
4 0.2286706349206349 0.43827160493827155 0.043650793650793676 0.17989417989417988
4 0.20287698412698416 0.41754850088183426 0.04662698412698409 0.1825396825396827
3 0.11681547619047619 0.4201940035273368 0.08283730158730158 0.15608465608465608
4 0.018353174603174604 0.47398589065255736 0.03670634920634921 0.1931216931216931
2 0.05828373015873013 0.38888888888888884 0.1016865079365079 0.13756613756613756
6 0.3348214285714286 0.2852733686067019 0.05456349206349206 0.1349206349206349
1 0.5823412698412699 0.4312169312169312 0.4444444444444446 0.15696649029982368
1 0.16170634920634921 0.7186948853615519 0.3234126984126984 0.32098765432098697
