5 0.5517503805175038 0.5290933694181327 0.012176560121765547 0.013531799729363954
6 0.7678571428571428 0.41313932980599644 0.029761904761904674 0.13139329805996475
4 0.8000992063492063 0.5158730158730159 0.056547619047619124 0.1375661375661376
3 0.6636904761904762 0.4576719576719577 0.05456349206349202 0.13403880070546734
2 0.7182539682539683 0.45811287477954155 0.10218253968253975 0.13139329805996475
4 0.4851190476190476 0.4193121693121693 0.0505952380952381 0.1313932980599647
4 0.42286706349206354 0.39065255731922394 0.041170634920634865 0.11111111111111108
4 0.49007936507936506 0.9131393298059964 0.08333333333333336 0.16843033509700178
4 0.07738095238095238 0.5454144620811288 0.08829365079365079 0.1490299823633157
4 0.047619047619047616 0.3712522045855379 0.043650793650793655 0.11111111111111115
4 0.011904761904761904 0.3985890652557319 0.023809523809523805 0.12169312169312171
1 0.26612103174603124 0.5013227513227515 0.43799603174603097 0.14021164021164015
1 0.7415674603174596 0.7394179894179895 0.5168650793650788 0.28130511463844743
