5 0.6586757990867579 0.489851150202977 0.009893455098934538 0.013531799729364025
3 0.8641190807799441 0.5626740947075208 0.05954038997214482 0.15041782729805014
2 0.9264014623955419 0.5800835654596098 0.12769846796657375 0.13509749303621135
4 0.7587482590529246 0.4798050139275766 0.0712917827298051 0.1128133704735376
4 0.6972493036211698 0.4616991643454039 0.05170612813370468 0.10167130919220056
4 0.5319463788300836 0.4777158774373259 0.04857242339832865 0.13927576601671304
4 0.5205866991643454 0.6364902506963788 0.07129178272980496 0.13927576601671304
4 0.4481197771587743 0.5362116991643454 0.03603760445682447 0.14206128133704737
4 0.3141538997214484 0.5069637883008355 0.06894150417827301 0.1281337047353761
4 0.1844968662952646 0.5201949860724234 0.08696030640668521 0.12674094707520886
4 0.19468140668523679 0.5557103064066853 0.07912604456824512 0.13927576601671313
4 0.24207869080779937 0.7597493036211699 0.09087743732590525 0.22144846796657386
1 0.4696639972144843 0.598885793871866 0.41129874651810555 0.136490250696379
1 0.8393976323119773 0.8614206128133689 0.3212047353760444 0.2771587743732598
