5 0.6960230000000002 0.9054829999999999 0.010552 0.012987
4 0.7519841269841271 0.5216049382716049 0.12301587301587304 0.20017636684303355
4 0.7470238095238096 0.8655202821869489 0.1150793650793652 0.26190476190476175
4 0.4429563492063492 0.6455026455026455 0.12301587301587304 0.2257495590828924
4 0.6299603174603174 0.4642857142857143 0.10119047619047614 0.16313932980599652
4 0.6421130952380952 0.3117283950617284 0.08878968253968253 0.1507936507936508
4 0.49503968253968256 0.2619047619047619 0.07837301587301582 0.1252204585537919
4 0.3412698412698413 0.2804232804232804 0.08234126984126981 0.13756613756613753
4 0.15327380952380953 0.30379188712522043 0.03373015873015875 0.13668430335097
4 0.17261904761904762 0.31613756613756616 0.03571428571428571 0.13492063492063494
3 0.21180555555555558 0.2733686067019401 0.060515873015873 0.12522045855379194
2 0.17460317460317462 0.27116402116402116 0.1031746031746032 0.1243386243386243
1 0.5625000000000001 0.28218694885361556 0.36408730158730157 0.14285714285714285
1 0.20783730158730163 0.550705467372134 0.41567460317460325 0.27777777777777773
