5 0.553977 0.514547 0.008013 0.010792
6 0.33333333333333326 0.3990299823633157 0.0317460317460317 0.14197530864197525
4 0.5181051587301587 0.44973544973544977 0.060019841269841334 0.1252204585537919
4 0.6232638888888888 0.47707231040564374 0.06398809523809518 0.1499118165784833
4 0.6964285714285714 0.6992945326278659 0.0644841269841271 0.1499118165784833
4 0.803075396825397 0.6238977072310405 0.12797619047619052 0.1596119929453262
4 0.4285714285714286 0.7857142857142857 0.09821428571428577 0.21340388007054656
4 0.2497519841269841 0.5656966490299823 0.06101190476190478 0.15608465608465608
4 0.19890873015873012 0.63668430335097 0.04662698412698415 0.17460317460317462
4 0.7249503968253967 0.9598765432098765 0.0669642857142857 0.07495590828924165
0 0.6478174603174602 0.8174603174603173 0.5992063492063492 0.275132275132275
