5 0.691964 0.563492 0.013799 0.012987
6 0.9663561977715877 0.8412256267409471 0.066591225626741 0.31197771587743744
4 0.8421831476323117 0.6239554317548748 0.1034122562674095 0.23676880222841226
6 0.6784470752089136 0.9310584958217271 0.07834261838440121 0.13231197771587744
4 0.5158861420612812 0.4916434540389972 0.08852715877437327 0.1643454038997215
4 0.37095229805013924 0.32938718662952643 0.09009401114206128 0.13509749303621174
4 0.3360898328690808 0.4422005571030641 0.11281337047353762 0.1713091922005571
4 0.26636490250696376 0.5480501392757661 0.15198467966573814 0.1991643454038997
4 0.1641277855153203 0.39275766016713093 0.08225974930362115 0.1476323119777159
4 0.07599233983286907 0.42061281337047346 0.09244428969359329 0.1476323119777158
4 0.032903899721448464 0.6086350974930362 0.06267409470752087 0.2701949860724234
3 0.011751392757660163 0.37325905292479106 0.023502785515320326 0.15320334261838436
6 0.27302402506963785 0.26949860724233987 0.036821030640668544 0.16573816155988855
1 0.47906511142061275 0.4129526462395543 0.4896413649025069 0.16016713091922
1 0.11751392757660155 0.6984679665738162 0.23502785515320304 0.28551532033426175
