5 0.4395734597156398 0.8602528089887642 0.01658767772511851 0.03230337078651686
6 0.5237204038997214 0.05640668523676881 0.032120473537604395 0.1072423398328691
3 0.4630048746518105 0.11559888579387184 0.03917130919220049 0.11420612813370472
2 0.45164519498607236 0.10167130919220056 0.09949512534818947 0.11699164345403902
4 0.31493732590529244 0.14345403899721446 0.05483983286908078 0.11142061281337048
4 0.4445943593314763 0.22841225626740946 0.10106197771587745 0.13649025069637888
4 0.6271326601671309 0.6149025069637883 0.0853934540389973 0.2047353760445683
4 0.5174529944289694 0.9143454038997214 0.0775591922005571 0.16573816155988866
4 0.3760445682451252 0.790389972144847 0.14885097493036198 0.12674094707520908
4 0.07560062674094707 0.3795264623955432 0.12926532033426183 0.137883008356546
4 0.08030118384401114 0.3147632311977716 0.05092270194986071 0.14484679665738162
1 0.8249042479108631 0.15807799442896928 0.3501915041782726 0.19637883008356535
1 0.4116904596100279 0.41643454038997185 0.4771065459610028 0.32590529247910843
