5 0.542259083728278 0.5990168539325843 0.013428120063191216 0.018258426966292093
6 0.45163690476190477 0.40343915343915343 0.04613095238095241 0.11552028218694886
3 0.7053571428571429 0.558641975308642 0.05158730158730151 0.13315696649029987
2 0.7318948412698413 0.5634920634920634 0.10763888888888885 0.13580246913580246
4 0.7926587301587301 0.652116402116402 0.03968253968253961 0.10670194003527328
4 0.6470734126984127 0.5154320987654321 0.04513888888888886 0.08553791887125228
4 0.5833333333333335 0.5321869488536155 0.05456349206349209 0.11375661375661367
4 0.2336309523809524 0.5022045855379189 0.06746031746031743 0.10493827160493836
1 0.27876984126984167 0.5881834215167551 0.43452380952381015 0.16578483245149972
4 0.27529761904761907 0.9228395061728395 0.09226190476190478 0.154320987654321
1 0.7237103174603173 0.8602292768959434 0.5496031746031744 0.27248677248677217
