5 0.561752 0.5071229999999999 0.008974 0.013295
6 0.40004960317460314 0.4038800705467372 0.03819444444444443 0.14285714285714285
4 0.5270337301587301 0.4514991181657848 0.03918650793650791 0.12698412698412695
4 0.6879960317460316 0.4753086419753086 0.047619047619047734 0.14285714285714285
4 0.8705357142857143 0.6150793650793651 0.05853174603174608 0.16313932980599638
4 0.7180059523809524 0.701058201058201 0.06597222222222228 0.13403880070546734
4 0.4171626984126985 0.7764550264550265 0.09226190476190474 0.19312169312169317
4 0.22147817460317437 0.6278659611992944 0.05307539682539679 0.1534391534391538
4 0.25942460317460314 0.5595238095238095 0.03670634920634921 0.12786596119929455
4 0.7564484126984122 0.9611992945326274 0.07242063492063494 0.07760141093474333
0 0.7088293650793651 0.8121693121693119 0.5823412698412695 0.2786596119929468
