5 0.844685 0.6509179999999999 0.009348 0.014245
6 0.43625992063492064 0.25573192239858905 0.05307539682539684 0.18165784832451504
4 0.7336309523809524 0.5639329805996472 0.043650793650793676 0.1878306878306878
4 0.6949404761904762 0.6199294532627866 0.0982142857142857 0.19047619047619044
6 0.5163690476190476 0.5753968253968255 0.04067460317460309 0.24074074074074084
4 0.47445436507936506 0.42151675485008816 0.060019841269841265 0.15167548500881836
3 0.550843253968254 0.36860670194003525 0.07490079365079375 0.16931216931216933
2 0.5806051587301587 0.3544973544973545 0.11557539682539676 0.17460317460317454
4 0.17881944444444442 0.41358024691358025 0.08581349206349208 0.1728395061728395
4 0.24454365079365076 0.5542328042328042 0.04761904761904763 0.21075837742504397
4 0.3474702380952381 0.5762786596119929 0.09375000000000004 0.17901234567901234
4 0.42683531746031733 0.5934744268077602 0.060019841269841175 0.2045855379188714
4 0.4717261904761905 0.5727513227513228 0.07638888888888878 0.19135802469135804
4 0.03422619047619047 0.899470899470899 0.06845238095238096 0.20105820105820196
1 0.15376984126984128 0.37830687830687837 0.30753968253968256 0.20458553791887127
1 0.4915674603174597 0.6979717813051147 0.6795634920634912 0.32363315696649025
