5 0.5943683409436834 0.4641407307171854 0.010654490106544828 0.010825439783491219
6 0.11202994428969358 0.4505571030640669 0.0282033426183844 0.12395543175487461
3 0.08421831476323119 0.5153203342618384 0.04465529247910862 0.14206128133704737
2 0.04543871866295263 0.5403899721448469 0.09087743732590527 0.13370473537604455
4 0.1476758356545961 0.4756267409470752 0.05875696378830085 0.11002785515320333
4 0.25422179665738154 0.5034818941504179 0.06032381615598883 0.11281337047353751
4 0.32473015320334264 0.5577994428969358 0.06032381615598883 0.16016713091922008
4 0.42696727019498604 0.4422005571030641 0.07364206128133702 0.0933147632311978
4 0.5139275766016713 0.4066852367688022 0.020369080779944256 0.10863509749303617
4 0.5476149025069638 0.39484679665738154 0.05797353760445674 0.09610027855153198
4 0.6286995125348193 0.4428969359331474 0.04308844011141991 0.11699164345403937
4 0.7023415738161559 0.435933147632312 0.06345752089136482 0.10584958217270199
4 0.8684279247910862 0.4784122562674094 0.030553621169916313 0.13788300835654596
4 0.8555013927576601 0.633008356545961 0.12064763231197773 0.17409470752089135
1 0.4735811281337047 0.5543175487465178 0.4097318941504178 0.128133704735376
1 0.13396587743732588 0.823816155988858 0.26793175487465176 0.2855153203342628
