5 0.336806 0.695394 0.008547 0.010446
6 0.7861681754874651 0.4122562674094708 0.04935584958217277 0.16155988857938716
4 0.8974146935933146 0.4435933147632312 0.04622214484679674 0.16016713091922
4 0.8065372562674094 0.6399721448467965 0.05562325905292468 0.16573816155988844
4 0.7740250696378829 0.7346796657381616 0.06424094707520894 0.17688022284122554
4 0.7685410863509747 0.9052924791086352 0.10497910863509745 0.18384401114206128
4 0.6847144846796657 0.9108635097493035 0.06737465181058497 0.16991643454038993
4 0.5256789693593314 0.6566852367688023 0.06580779944289696 0.16852367688022277
3 0.43754352367688015 0.6072423398328691 0.06972493036211695 0.19498607242339838
2 0.4148241643454038 0.6246518105849582 0.11986420612813369 0.1852367688022285
1 0.8484070334261837 0.6420612813370472 0.30318593314763176 0.20891364902506956
1 0.5068767409470754 0.9025069637883005 0.7223189415041784 0.18662952646239497
