5 0.3428462709284627 0.510148849797023 0.012937595129375978 0.02165087956698237
6 0.9367559523809524 0.4475308641975309 0.028273809523809347 0.14902998236331563
3 0.9623015873015873 0.5767195767195767 0.051587301587301654 0.16931216931216939
4 0.8794642857142857 0.6124338624338624 0.0605158730158729 0.1843033509700176
4 0.7485119047619048 0.5295414462081129 0.0505952380952381 0.14726631393298056
4 0.7120535714285714 0.732363315696649 0.06200396825396823 0.1772486772486772
4 0.4308035714285714 0.484126984126984 0.05902777777777778 0.07583774250440918
4 0.4345238095238095 0.43253968253968256 0.037698412698412724 0.08906525573192241
4 0.2681051587301587 0.6455026455026456 0.07093253968253965 0.1604938271604938
1 0.564484126984125 0.5978835978835979 0.4325396825396812 0.19223985890652562
1 0.8489583333333327 0.9007936507936499 0.30208333333333254 0.19664902998236283
