5 0.5452815829528159 0.41069012178619757 0.00837138508371396 0.014884979702300427
3 0.7571924603174603 0.5088183421516754 0.04513888888888886 0.23456790123456792
2 0.8390376984126988 0.5471781305114635 0.1364087301587297 0.19488536155202812
4 0.5944940476190476 0.3752204585537919 0.05406746031746032 0.18253968253968256
6 0.5143849206349206 0.39241622574955914 0.04067460317460316 0.20458553791887119
4 0.49032738095238093 0.4488536155202823 0.06696428571428575 0.2204585537918874
4 0.43526785714285715 0.5110229276895943 0.06398809523809518 0.2372134038800705
4 0.663938492063492 0.6212522045855379 0.050099206349206324 0.25661375661375657
4 0.5939980158730159 0.5895061728395062 0.06696428571428573 0.25661375661375674
4 0.6321924603174602 0.5119047619047619 0.04613095238095241 0.22839506172839508
4 0.6582341269841269 0.5335097001763669 0.04166666666666692 0.19929453262786606
1 0.251984126984127 0.5806878306878303 0.503968253968254 0.21075837742504425
1 0.7140376984126978 0.8761022927689592 0.5679563492063486 0.24779541446208056
