5 0.6156773211567733 0.7733423545331529 0.015220700152206987 0.023004059539918843
4 0.9283234126984127 0.5440917107583775 0.11656746031746039 0.2292768959435626
4 0.8754960317460317 0.3095238095238095 0.08531746031746025 0.13051146384479717
4 0.7003968253968254 0.31613756613756616 0.05853174603174608 0.15255731922398597
4 0.6845238095238095 0.5299823633156966 0.14384920634920625 0.181657848324515
4 0.7291666666666665 0.6865079365079364 0.08432539682539683 0.2619047619047619
4 0.5791170634920635 0.4898589065255732 0.1274801587301589 0.2001763668430336
4 0.4806547619047619 0.39373897707231037 0.0625 0.17901234567901234
4 0.3546626984126984 0.45987654320987653 0.08035714285714285 0.13844797178130505
4 0.3179563492063492 0.38580246913580246 0.06150793650793652 0.17019400352733682
3 0.28125 0.38844797178130513 0.07341269841269839 0.12786596119929455
2 0.26240079365079355 0.3606701940035272 0.1498015873015873 0.1516754850088182
4 0.1840277777777778 0.4104938271604938 0.06448412698412699 0.19488536155202818
1 0.25372023809523797 0.6675485008818347 0.503472222222222 0.3033509700176361
1 0.7462797619047618 0.3990299823633159 0.48164682539682546 0.150793650793651
4 0.9898313492063491 0.9149029982363317 0.018353174603174552 0.16843033509700192
