5 0.5304107424960506 0.5161516853932584 0.007109004739336555 0.015449438202247236
3 0.2334610027855153 0.6323119777158774 0.04387186629526461 0.17270194986072426
2 0.17940459610027853 0.6552924791086352 0.15981894150417827 0.18523676880222836
4 0.7795090529247909 0.5174094707520891 0.09871169916434538 0.1768802228412256
4 0.6545525766016712 0.6100278551532035 0.08852715877437327 0.19777158774373255
4 0.5429143454038997 0.6072423398328691 0.05483983286908078 0.1532033426183844
4 0.5182364206128134 0.7151810584958217 0.11202994428969362 0.213091922005571
4 0.4841573816155988 0.49860724233983283 0.14728412256267404 0.1114206128133705
4 0.5025678969359332 0.45334261838440115 0.08539345403899723 0.13231197771587744
4 0.6330083565459607 0.9220055710306407 0.153551532033426 0.1559888579387187
1 0.72662778551532 0.6699164345403896 0.5397806406685236 0.20612813370473582
1 0.276549442896936 0.9240947075208911 0.553098885793872 0.1518105849582178
4 0.31376218662952643 0.6135097493036211 0.044655292479108655 0.1852367688022285
4 0.26793175487465176 0.623955431754875 0.047005571030640556 0.1949860724233987
