5 0.440013 0.5919590000000001 0.006331 0.011607
4 0.8826884920634922 0.6018518518518519 0.04017857142857153 0.16490299823633145
4 0.7388392857142857 0.6547619047619048 0.03819444444444429 0.18959435626102292
4 0.710813492063492 0.6402116402116402 0.03968253968253976 0.17813051146384482
4 0.6850198412698413 0.5612874779541446 0.05952380952380963 0.14021164021164018
4 0.5758928571428571 0.6688712522045855 0.05059523809523803 0.17019400352733677
4 0.550843253968254 0.5277777777777778 0.041170634920634865 0.12433862433862444
4 0.5344742063492063 0.5423280423280423 0.04910714285714292 0.11992945326278658
4 0.47371031746031744 0.6763668430335098 0.04861111111111114 0.16578483245149905
3 0.38566468253968256 0.5930335097001764 0.04613095238095241 0.12610229276895935
2 0.3090277777777778 0.6022927689594355 0.09920634920634921 0.16049382716049387
6 0.26612103174603174 0.8302469135802468 0.07291666666666664 0.27777777777777785
1 0.3908730158730158 0.8822751322751325 0.6101190476190476 0.23544973544973508
1 0.776537698412696 0.6150793650793654 0.4439484126984122 0.17019400352733632
