5 0.3041074249605055 0.639747191011236 0.015797788309636615 0.023876404494382088
3 0.7519841269841269 0.5485008818342151 0.06646825396825443 0.1481481481481481
4 0.794890873015873 0.5537918871252204 0.05307539682539669 0.20282186948853606
2 0.7413194444444445 0.5282186948853616 0.12549603174603177 0.19576719576719576
4 0.4404761904761905 0.6164021164021164 0.08134920634920632 0.17813051146384468
4 0.554563492063492 0.8778659611992944 0.10416666666666664 0.2389770723104057
6 0.21875000000000003 0.894620811287478 0.09126984126984125 0.20899470899470884
4 0.3529265873015873 0.5335097001763668 0.03621031746031754 0.2186948853615521
4 0.32638888888888884 0.5485008818342152 0.04761904761904759 0.19929453262786587
1 0.6897321428571428 0.8699294532627865 0.6205357142857139 0.26014109347442593
