5 0.599838 0.691919 0.012987 0.010101
6 0.35441468253968256 0.2663139329805997 0.04513888888888886 0.14109347442680778
3 0.041914682539682536 0.3910934744268078 0.05406746031746033 0.1772486772486773
2 0.03819444444444445 0.39373897707231037 0.0744047619047619 0.13315696649029982
4 0.09945436507936507 0.4572310405643739 0.06398809523809525 0.18430335097001765
4 0.13368055555555555 0.3985890652557319 0.030257936507936522 0.14991181657848324
4 0.14856150793650794 0.4197530864197531 0.060019841269841286 0.16754850088183418
4 0.18998015873015872 0.4603174603174603 0.09126984126984128 0.19223985890652556
4 0.07142857142857141 0.6662257495590831 0.08630952380952377 0.28306878306878286
4 0.24280753968253968 0.6851851851851852 0.09970238095238095 0.23104056437389772
4 0.42063492063492064 0.49779541446208114 0.1011904761904762 0.17901234567901242
4 0.6336805555555556 0.3835978835978836 0.09375 0.1657848324514991
4 0.9533730158730159 0.6437389770723104 0.09325396825396823 0.23456790123456778
1 0.52703373015873 0.4343033509700176 0.4707341269841268 0.15608465608465613
1 0.14533730158730154 0.7239858906525575 0.2906746031746031 0.31922398589065226
