5 0.779221 0.419192 0.00974 0.012987
4 0.9099702380952379 0.5357142857142857 0.10267857142857154 0.18783068783068785
4 0.810267857142857 0.5996472663139326 0.16319444444444473 0.1851851851851847
4 0.5042162698412699 0.9109347442680774 0.0917658730158731 0.17460317460317454
4 0.4203869047619048 0.8752204585537919 0.04414682539682538 0.2495590828924162
4 0.4615575396825397 0.8289241622574955 0.059027777777777714 0.2786596119929453
4 0.4761904761904762 0.6649029982363317 0.066468253968254 0.1640211640211639
4 0.5873015873015873 0.6031746031746033 0.07142857142857138 0.23456790123456797
4 0.663938492063492 0.5612874779541446 0.06498015873015874 0.23721340388007056
4 0.6956845238095238 0.5211640211640212 0.05803571428571431 0.20458553791887119
3 0.5590277777777778 0.5343915343915344 0.056547619047619124 0.16049382716049387
2 0.5071924603174603 0.5335097001763668 0.14632936507936514 0.19047619047619058
1 0.46180555555555564 0.8831569664902997 0.8005952380952382 0.2336860670194004
1 0.9126984126984127 0.6009700176366843 0.17460317460317454 0.22839506172839508
