5 0.48985400000000007 0.6746029999999998 0.013799 0.007215
4 0.8219246031746033 0.5789241622574955 0.04464285714285708 0.13139329805996475
4 0.6773313492063491 0.5493827160493826 0.04414682539682545 0.13932980599647274
4 0.5287698412698413 0.753968253968254 0.06746031746031747 0.16931216931216922
4 0.44692460317460314 0.5083774250440918 0.04067460317460316 0.14197530864197538
4 0.3988095238095238 0.5701058201058201 0.034722222222222286 0.12433862433862444
4 0.363343253968254 0.5211640211640212 0.04414682539682545 0.1499118165784833
4 0.20238095238095238 0.47310405643738973 0.03472222222222222 0.13844797178130513
4 0.06200396825396826 0.52336860670194 0.04563492063492064 0.15961199294532627
1 0.25744047619047594 0.7006172839506172 0.5148809523809519 0.22134038800705455
