5 0.32223999999999997 0.40909100000000004 0.00487 0.007215
3 0.42814240947075205 0.46448467966573814 0.10106197771587745 0.16016713091922
4 0.49316678272980496 0.38231197771587744 0.06345752089136489 0.1991643454038997
4 0.4195247214484679 0.5480501392757661 0.09479456824512532 0.14902506963788306
1 0.35998433147632314 0.45891364902506965 0.1747040389972144 0.1880222841225626
4 0.25774721448467963 0.532033426183844 0.10027855153203344 0.20612813370473532
4 0.5852193593314763 0.5139275766016713 0.12221448467966582 0.21727019498607247
4 0.7810759052924791 0.5703342618384402 0.15668523676880228 0.22423398328690808
4 0.9001566852367686 0.4986072423398329 0.08617688022284113 0.25069637883008355
1 0.8581998607242332 0.5201949860724234 0.2836002785515307 0.27437325905292465
1 0.3689937325905292 0.8523676880222836 0.7379874651810583 0.29526462395543124
