5 0.13862559241706163 0.6678370786516854 0.010268562401263814 0.02106741573033702
4 0.3881876740947075 0.5041782729805014 0.02898676880222844 0.12256267409470759
3 0.3129787604456824 0.6337047353760445 0.03525417827298046 0.1476323119777158
2 0.26675661559888575 0.6545961002785515 0.1214310584958217 0.13091922005571027
4 0.30044394150417825 0.5536211699164346 0.08539345403899723 0.13788300835654602
4 0.5969707520891364 0.5376044568245125 0.05013927576601674 0.11699164345403901
4 0.6224321030640667 0.5786908077994428 0.060323816155988794 0.11002785515320333
4 0.5010010445682451 0.6685236768802229 0.066591225626741 0.14206128133704737
4 0.8143715181058495 0.92966573816156 0.066591225626741 0.13509749303621177
4 0.9816330083565458 0.6357938718662953 0.03603760445682454 0.12395543175487468
1 0.72858635097493 0.672701949860724 0.4371518105849581 0.16713091922005624
1 0.2745908774373256 0.9025069637882994 0.5491817548746512 0.19498607242339822
