5 0.249585 0.614646 0.006529 0.010024
6 0.757936507936508 0.4201940035273368 0.03968253968253976 0.1737213403880071
4 0.9568452380952381 0.46649029982363316 0.037698412698412655 0.1657848324514991
4 0.9099702380952382 0.6587301587301587 0.09573412698412696 0.19576719576719576
4 0.6999007936507937 0.6644620811287478 0.11111111111111115 0.2054673721340388
3 0.36458333333333337 0.6040564373897707 0.043650793650793676 0.19929453262786595
2 0.3315972222222222 0.6419753086419753 0.1155753968253968 0.16402116402116407
1 0.42187499999999994 0.9069664902998236 0.712797619047619 0.1843033509700176
4 0.7651289682539683 0.9523809523809524 0.04117063492063494 0.09523809523809518
1 0.800347222222222 0.6424162257495588 0.39632936507936506 0.20194003527336815
