5 0.23417199999999996 0.6442999999999999 0.007305000000000001 0.007215
3 0.4120821727019498 0.6323119777158774 0.08147632311977716 0.1559888579387188
4 0.37095229805013924 0.6204735376044569 0.12926532033426186 0.19359331476323127
4 0.4199164345403899 0.5222841225626741 0.08461002785515319 0.14206128133704737
4 0.3180710306406685 0.5536211699164345 0.05483983286908078 0.16295264623955424
4 0.5499651810584958 0.6100278551532035 0.08304317548746518 0.2061281337047354
4 0.6435846100278552 0.6747910863509751 0.08696030640668517 0.21866295264623958
4 0.6764885097493035 0.5327298050139275 0.06189066852367688 0.1768802228412256
4 0.7983112813370472 0.6051532033426184 0.09087743732590525 0.20752089136490257
4 0.8034035515320334 0.7799442896935933 0.08069289693593305 0.2256267409470752
4 0.5695508356545962 0.9394150417827299 0.0814763231197771 0.12116991643454042
1 0.8523241643454037 0.682451253481894 0.29535167130919165 0.25069637883008367
1 0.3689937325905289 0.9213091922005566 0.7379874651810578 0.15738161559888605
