5 0.431679 0.620559 0.00571 0.008187
3 0.012926532033426183 0.6100278551532033 0.025853064066852366 0.15598885793871872
6 0.0426967270194986 0.8635097493036211 0.05719011142061281 0.25626740947075205
1 0.14454213091922002 0.8976323119777158 0.2890842618384401 0.2047353760445681
4 0.24756267409470759 0.6601671309192199 0.09087743732590531 0.15320334261838459
4 0.5546657381615598 0.7423398328690809 0.053272980501392696 0.16713091922005574
4 0.7693245125348188 0.5654596100278552 0.045438718662952626 0.11977715877437319
4 0.6149895543175486 0.5974930362116992 0.050139275766016664 0.13649025069637888
4 0.633791782729805 0.5605849582172702 0.0564066852367688 0.1350974930362117
4 0.5554491643454038 0.5626740947075208 0.06580779944289696 0.11699164345403894
4 0.49159993036211697 0.6204735376044569 0.11359679665738157 0.11559888579387184
4 0.4692722841225626 0.5605849582172702 0.0830431754874651 0.14345403899721446
6 0.7528725626740946 0.9505571030640669 0.05797353760445674 0.09888579387186637
1 0.3454909470752089 0.6107242339832868 0.4089484679665737 0.149025069637883
