5 0.29129 0.5323720000000001 0.010055000000000001 0.011731
4 0.7874273255813953 0.4560723514211887 0.061773255813953515 0.124031007751938
4 0.6642441860465115 0.514857881136951 0.05087209302325576 0.1175710594315246
4 0.4236918604651163 0.8423772609819121 0.12790697674418602 0.16279069767441867
4 0.19622093023255816 0.6892764857881136 0.10319767441860464 0.2131782945736434
4 0.11954941860465115 0.6143410852713178 0.07340116279069768 0.2080103359173126
4 0.16279069767441862 0.4677002583979328 0.07558139534883722 0.1524547803617572
6 0.6656976744186047 0.4082687338501292 0.04069767441860463 0.16279069767441862
3 0.9476744186046511 0.6052971576227391 0.05959302325581391 0.17958656330749348
2 0.9742005813953489 0.6143410852713178 0.050145348837209267 0.14857881136950893
1 0.4781976744186046 0.6156330749354004 0.4970930232558138 0.17700258397932805
1 0.7830668604651163 0.8979328165374674 0.43241279069767474 0.19896640826873335
