5 0.583267 0.537749 0.008681 0.011475000000000003
4 0.3256448412698413 0.4431216931216932 0.03819444444444443 0.13844797178130513
4 0.28075396825396826 0.44620811287477946 0.04464285714285708 0.14462081128747792
4 0.24131944444444442 0.5392416225749559 0.05208333333333332 0.14726631393298065
4 0.11532738095238095 0.5758377425044092 0.05704365079365079 0.1834215167548502
4 0.41865079365079366 0.689594356261023 0.06448412698412696 0.18518518518518504
4 0.48115079365079355 0.875661375661376 0.07242063492063534 0.2345679012345679
4 0.6478174603174603 0.6838624338624338 0.048611111111111216 0.16313932980599638
4 0.6569940476190476 0.5533509700176367 0.07886904761904752 0.13139329805996475
0 0.2291666666666664 0.858465608465608 0.4583333333333328 0.28306878306878286
