5 0.321023 0.8051950000000001 0.010552 0.011544
6 0.6252480158730158 0.2857142857142857 0.03323412698412703 0.12874779541446213
4 0.8563988095238096 0.45679012345679015 0.11755952380952366 0.17636684303350975
4 0.6783234126984127 0.5753968253968255 0.1413690476190476 0.22486772486772488
4 0.5962301587301587 0.4858906525573192 0.1458333333333332 0.20458553791887127
4 0.48164682539682535 0.4475308641975309 0.04960317460317455 0.17195767195767203
4 0.4496527777777778 0.43871252204585537 0.05803571428571431 0.1490299823633157
4 0.3988095238095238 0.41754850088183415 0.06547619047619051 0.1578483245149912
4 0.355406746031746 0.4395943562610229 0.04613095238095241 0.16843033509700184
3 0.32118055555555564 0.4135802469135803 0.0451388888888887 0.14462081128747784
2 0.30605158730158727 0.40035273368606705 0.1111111111111111 0.15696649029982368
4 0.2700892857142856 0.7041446208112874 0.1264880952380954 0.26895943562610247
1 0.28348214285714257 0.7076719576719573 0.5669642857142851 0.3112874779541446
1 0.7876984126984126 0.4519400352733684 0.4246031746031749 0.15079365079365104
