5 0.622886 0.564063 0.008681 0.015828
6 0.9126984126984127 0.4572310405643739 0.06646825396825391 0.15608465608465616
1 0.8286210317460317 0.6247795414462081 0.34275793650793646 0.1719576719576719
4 0.6669146825396826 0.4955908289241623 0.04117063492063494 0.13756613756613753
4 0.8224206349206349 0.7561728395061728 0.05753968253968253 0.2019400352733686
4 0.3911210317460318 0.5401234567901235 0.04017857142857139 0.12962962962962962
4 0.40749007936507936 0.6468253968253969 0.055059523809523794 0.15255731922398588
4 0.3395337301587301 0.8170194003527337 0.06597222222222221 0.24426807760141103
4 0.21999007936507933 0.5008818342151676 0.04513888888888893 0.13932980599647274
4 0.07415674603174603 0.562610229276896 0.056051587301587304 0.13403880070546742
4 0.05853174603174604 0.5030864197530864 0.043650793650793655 0.15608465608465608
0 0.05183531746031745 0.9126984126984128 0.1036706349206349 0.17460317460317448
