5 0.6453396524486572 0.42345505617977525 0.007898894154818379 0.018258426966292162
4 0.8162202380952381 0.4814814814814815 0.06498015873015874 0.1534391534391535
4 0.8591269841269841 0.7372134038800705 0.09226190476190467 0.16402116402116407
4 0.6669146825396826 0.47883597883597884 0.09771825396825391 0.11816578483245159
4 0.4665178571428571 0.5652557319223986 0.1125992063492064 0.1552028218694886
4 0.4223710317460318 0.3787477954144621 0.03819444444444436 0.08906525573192241
4 0.45213293650793646 0.3655202821869489 0.03918650793650791 0.08906525573192241
4 0.3479662698412698 0.38227513227513227 0.033234126984126956 0.1261022927689595
4 0.14707341269841273 0.41358024691358025 0.032242063492063495 0.11816578483245145
4 0.03670634920634921 0.496031746031746 0.07043650793650794 0.13668430335097
4 0.07564484126984128 0.6349206349206349 0.06696428571428571 0.14814814814814817
1 0.1277281746031745 0.4801587301587304 0.25446428571428553 0.21428571428571466
0 0.8226686507936505 0.8602292768959433 0.3536706349206347 0.27601410934744225
