5 0.36532385466034756 0.7886235955056179 0.008688783570300132 0.018258426966292093
6 0.1572420634920635 0.4298941798941799 0.042658730158730174 0.12257495590828923
4 0.18030753968253968 0.5136684303350969 0.030257936507936522 0.10141093474426803
4 0.17013888888888887 0.5868606701940036 0.03670634920634921 0.12081128747795411
4 0.20039682539682538 0.5119047619047619 0.05158730158730162 0.1014109347442681
4 0.31051587301587297 0.6851851851851852 0.0853174603174605 0.1428571428571429
4 0.38516865079365076 0.6701940035273369 0.05704365079365076 0.12874779541446216
4 0.5478670634920633 0.6684303350970011 0.05704365079365032 0.1693121693121704
1 0.7651289682539689 0.5388007054673725 0.4082341269841271 0.1587301587301587
1 0.9546130952380952 0.8403880070546736 0.08779761904761912 0.24162257495590836
0 0.08234126984126983 0.8624338624338626 0.16468253968253965 0.27513227513227473
4 0.019097222222222224 0.584215167548501 0.03819444444444445 0.11375661375661388
