5 0.408279 0.541126 0.014610000000000001 0.011544
4 0.7564484126984127 0.45679012345679015 0.04067460317460316 0.11463844797178126
4 0.8524305555555556 0.45458553791887124 0.03720238095238102 0.10670194003527335
4 0.9422123015873015 0.49823633156966496 0.04712301587301582 0.12698412698412703
0 0.8769841269841259 0.7037037037037039 0.2460317460317459 0.2857142857142853
4 0.48883928571428575 0.6626984126984128 0.055059523809523794 0.15255731922398588
4 0.30629960317460314 0.527336860670194 0.03918650793650798 0.08465608465608469
4 0.27901785714285715 0.49691358024691357 0.03918650793650791 0.11199294532627867
1 0.3335813492063487 0.4100529100529101 0.2772817460317456 0.10934744268077626
3 0.048611111111111105 0.40520282186948847 0.030753968253968252 0.1049382716049383
2 0.034970238095238096 0.4193121693121693 0.06994047619047619 0.09435626102292759
4 0.017857142857142853 0.6203703703703703 0.035714285714285705 0.14373897707231068
1 0.10466269841269847 0.6380070546737212 0.20932539682539694 0.2319223985890656
