5 0.978896 0.6154399999999999 0.011364 0.012987
4 0.14608134920634921 0.47751322751322756 0.029265873015873023 0.1137566137566138
4 0.220734126984127 0.4814814814814815 0.038690476190476206 0.09876543209876551
1 0.11929563492063494 0.43871252204585554 0.23859126984126988 0.11552028218694863
4 0.2398313492063492 0.8575837742504411 0.08680555555555554 0.16843033509700164
4 0.609375 0.3977072310405644 0.04017857142857139 0.06525573192239861
4 0.6726190476190476 0.4761904761904762 0.042658730158730125 0.10934744268077608
4 0.7748015873015873 0.4634038800705467 0.03472222222222214 0.1014109347442681
4 0.796875 0.8315696649029982 0.07390873015873012 0.1534391534391534
0 0.7251984126984118 0.6578483245149911 0.42162698412698413 0.24514991181657877
4 0.9717261904761904 0.5286596119929453 0.05654761904761856 0.07319223985890666
