5 0.1552511415525114 0.6529093369418132 0.010654490106544916 0.014884979702300427
4 0.9373694289693592 0.7555710306406687 0.12456476323119788 0.19080779944289689
4 0.8590268105849581 0.5522284122562674 0.07285863509749305 0.1406685236768803
6 0.6134227019498607 0.4143454038997214 0.04857242339832865 0.1295264623955432
4 0.6913736072423399 0.8565459610027856 0.09479456824512525 0.16991643454038993
4 0.5037430362116991 0.7096100278551531 0.08774373259052921 0.18523676880222836
4 0.5444811977715878 0.6100278551532032 0.05170612813370468 0.18384401114206128
4 0.5104021587743732 0.6267409470752089 0.06345752089136482 0.15877437325905291
4 0.4829822423398328 0.5410863509749304 0.039954735376044465 0.14345403899721446
3 0.4395020891364902 0.5285515320334262 0.06267409470752085 0.10724233983286907
4 0.37173572423398327 0.5431754874651811 0.09792827298050134 0.16155988857938725
2 0.41364902506963785 0.5062674094707521 0.09401114206128135 0.14066852367688015
1 0.48415738161559874 0.7896935933147635 0.5546657381615598 0.2729805013927585
1 0.8139798050139269 0.516016713091922 0.3682103064066849 0.1545961002785517
