5 0.534627092846271 0.44181326116373476 0.00989345509893461 0.009472259810554818
4 0.9523809523809524 0.5502645502645502 0.05059523809523796 0.21693121693121697
4 0.8675595238095238 0.8192239858906528 0.08234126984126973 0.31569664902998246
4 0.570436507936508 0.39373897707231037 0.038690476190476206 0.1137566137566138
4 0.5625 0.39065255731922394 0.056547619047619124 0.14285714285714285
4 0.4223710317460318 0.4700176366843033 0.0629960317460317 0.1534391534391535
4 0.3705357142857143 0.5705467372134039 0.05456349206349209 0.20811287477954152
4 0.3095238095238095 0.6406525573192239 0.0744047619047619 0.2231040564373898
4 0.19717261904761904 0.4876543209876543 0.0798611111111111 0.13932980599647266
4 0.19642857142857142 0.458994708994709 0.06349206349206347 0.154320987654321
6 0.18452380952380953 0.41005291005291 0.04563492063492063 0.1534391534391535
3 0.03745039682539682 0.5326278659611993 0.05109126984126984 0.1798941798941799
2 0.025297619047619048 0.5418871252204583 0.050595238095238096 0.15432098765432095
1 0.5347222222222213 0.5789241622574959 0.5039682539682538 0.17372134038800746
1 0.14012896825396828 0.8637566137566133 0.28025793650793657 0.27248677248677305
