5 0.873808 0.6753599999999998 0.011917 0.017532
6 0.3415738161559888 0.31267409470752083 0.04387186629526465 0.1796657381615598
6 0.46339658774373255 0.6344011142061281 0.05875696378830085 0.2270194986072424
4 0.46496344011142055 0.4596100278551532 0.07755919220055717 0.15041782729805014
3 0.5006093314763231 0.39763231197771587 0.03760445682451255 0.16573816155988863
2 0.5119690111420612 0.4032033426183844 0.11202994428969362 0.17688022284122565
4 0.7301532033426185 0.5828690807799443 0.0830431754874651 0.1434540389972144
4 0.7505222841225625 0.612116991643454 0.07990947075208908 0.1406685236768802
4 0.40385619777158765 0.6183844011142061 0.08696030640668524 0.2144846796657381
4 0.35802576601671304 0.6601671309192202 0.1128133704735376 0.19777158774373263
4 0.16451949860724235 0.5571030640668524 0.08147632311977712 0.1977715877437325
4 0.18488857938718659 0.6629526462395543 0.0783426183844011 0.21448467966573814
1 0.12573990250696376 0.4247910863509749 0.2514798050139275 0.16991643454039
1 0.41834958217270213 0.7388579387186625 0.6518105849582176 0.3077994428969358
