5 0.25135 0.6180339999999999 0.006748 0.012995
6 0.757688492063492 0.42945326278659607 0.050099206349206324 0.16049382716049387
3 0.36532738095238093 0.6018518518518519 0.04613095238095241 0.19841269841269835
2 0.3320932539682539 0.6340388007054674 0.12053571428571427 0.1763668430335096
4 0.6812996031746031 0.6657848324514991 0.11855158730158727 0.19753086419753088
4 0.9580853174603174 0.4682539682539682 0.03621031746031747 0.1763668430335097
4 0.9099702380952381 0.6657848324514991 0.08184523809523796 0.19929453262786587
1 0.8025793650793638 0.6415343915343908 0.3948412698412692 0.1895943562610224
4 0.7624007936507937 0.9475308641975306 0.05158730158730151 0.09611992945326264
1 0.4124503968253967 0.9091710758377427 0.6810515873015871 0.1816578483245147
4 0.9908234126984127 0.732363315696649 0.018353174603174694 0.1737213403880071
