5 0.1062401263823066 0.6437154449794901 0.01184834123222751 0.015939896557874346
4 0.9672619047619047 0.49867724867724866 0.033730158730158735 0.1596119929453262
4 0.8931051587301587 0.5035273368606701 0.04712301587301582 0.16402116402116398
4 0.8407738095238095 0.539241622574956 0.05357142857142861 0.16666666666666663
4 0.7886904761904762 0.5608465608465608 0.045634920634920494 0.17460317460317454
6 0.7028769841269841 0.7455908289241623 0.05952380952380949 0.16313932980599646
6 0.6701388888888888 0.4753086419753086 0.05257936507936506 0.13227513227513235
6 0.9866071428571428 0.421957671957672 0.026785714285714305 0.1490299823633157
4 0.5907738095238095 0.39241622574955914 0.0456349206349207 0.14109347442680778
4 0.529265873015873 0.49647266313932986 0.12003968253968253 0.1657848324514992
4 0.05109126984126984 0.5895061728395061 0.03968253968253968 0.19488536155202824
1 0.609375 0.5493827160493826 0.4518849206349207 0.18871252204585537
1 0.8685515873015873 0.8703703703703703 0.25992063492063494 0.255731922398589
