5 0.7598934550989346 0.7253044654939107 0.00989345509893468 0.01623815967523683
3 0.13938492063492064 0.49647266313932975 0.07142857142857141 0.14991181657848324
2 0.04985119047619047 0.5167548500881836 0.09970238095238095 0.1499118165784833
4 0.24454365079365076 0.4832451499118166 0.0763888888888889 0.14814814814814817
4 0.36557539682539686 0.5462962962962963 0.06746031746031747 0.16490299823633164
4 0.6624503968253969 0.46604938271604934 0.04117063492063494 0.13315696649029973
4 0.728422619047619 0.4426807760141094 0.059027777777777714 0.13932980599647266
4 0.7690972222222223 0.4955908289241623 0.03918650793650798 0.11463844797178133
4 0.8338293650793651 0.46075837742504405 0.08234126984126988 0.14373897707231031
4 0.8888888888888888 0.5339506172839507 0.046626984126984045 0.1261022927689595
1 0.5081845238095233 0.5268959435626099 0.4161706349206348 0.15079365079365037
1 0.17584325396825387 0.822310405643739 0.35168650793650774 0.31834215167548496
4 0.9858630952380952 0.9259259259259259 0.02827380952380949 0.14814814814814808
