5 0.35397 0.531814 0.010121 0.009497
6 0.6490685933147633 0.4101671309192201 0.03995473537604461 0.14345403899721446
4 0.7489554317548746 0.46100278551532037 0.06737465181058483 0.13091922005571036
3 0.9557799442896936 0.6149025069637882 0.05954038997214482 0.15181058495821723
2 0.9580866991643426 0.6114206128133706 0.08382660167130908 0.16713091922005557
4 0.5993210306406686 0.5118384401114205 0.05954038997214482 0.1406685236768802
4 0.42422527855153197 0.8245125348189416 0.14336699164345404 0.1727019498607244
4 0.15981894150417825 0.6949860724233983 0.12221448467966571 0.20334261838440107
4 0.07285863509749303 0.6309192200557103 0.07050835654596099 0.2061281337047354
4 0.10850452646239553 0.4811977715877437 0.07912604456824511 0.1573816155988858
1 0.4716225626740944 0.620473537604457 0.5029596100278548 0.17688022284122568
1 0.7814240947075197 0.903203342618383 0.437151810584957 0.19359331476323136
