5 0.529627 0.55772 0.008929 0.010101
6 0.29723837209302323 0.398578811369509 0.03924418604651162 0.17958656330749345
4 0.5708575581395349 0.4366925064599483 0.0675872093023255 0.20671834625323002
3 0.6050145348837209 0.6007751937984496 0.06031976744186054 0.26098191214470284
3 1.0381540697674418 0.6970284237726099 0.02543604651162795 0.03488372093023244
4 0.48946220930232553 0.5497416020671835 0.08793604651162781 0.20284237726098198
4 0.42986918604651164 0.7196382428940568 0.07921511627906973 0.2687338501291989
4 0.21257267441860464 0.834625322997416 0.12863372093023254 0.29974160206718353
4 0.025072674418604654 0.5981912144702842 0.04578488372093023 0.26614987080103364
2 0.696947674418605 0.6363049095607235 0.18604651162790697 0.22351421188630505
2 1.0850290697674418 0.6472868217054264 0.05668604651162795 0.1602067183462532
1 0.1475290697674419 0.6918604651162791 0.2921511627906977 0.3165374677002583
1 0.6660610465116278 0.949612403100775 0.6678779069767441 0.10077519379844926
