5 0.70211 0.6854260000000001 0.008117 0.01443
6 0.8563988095238095 0.6111111111111112 0.12748015873015872 0.20105820105820107
6 0.30654761904761907 0.31746031746031744 0.035714285714285726 0.15873015873015878
4 0.13095238095238096 0.4232804232804233 0.058531746031746046 0.1657848324514991
4 0.1396329365079365 0.7103174603174602 0.1463293650793651 0.22663139329805987
4 0.07390873015873016 0.4272486772486772 0.03968253968253968 0.15961199294532627
3 0.05729166666666667 0.40740740740740733 0.03819444444444445 0.14814814814814817
2 0.03993055555555556 0.3875661375661376 0.07787698412698413 0.1507936507936508
1 0.48487103174603163 0.4237213403880071 0.4260912698412697 0.14021164021164018
1 0.13318452380952378 0.6887125220458548 0.26636904761904756 0.2804232804232803
