5 0.9724029999999999 0.617605 0.012987 0.011544
4 0.22569444444444442 0.48148148148148145 0.03174603174603174 0.10229276895943556
4 0.15128968253968253 0.4748677248677248 0.03174603174603176 0.11552028218694879
1 0.12723214285714277 0.43077601410934746 0.2544642857142856 0.11022927689594363
4 0.24875992063492064 0.8531746031746031 0.08581349206349209 0.16843033509700178
4 0.6165674603174603 0.3994708994708995 0.04067460317460316 0.06349206349206347
4 0.681299603174603 0.4757495590828924 0.0431547619047619 0.11552028218694893
4 0.7839781746031745 0.4669312169312169 0.03720238095238102 0.10317460317460317
4 0.8072916666666665 0.8381834215167548 0.07589285714285708 0.154320987654321
0 0.7375992063492067 0.6591710758377427 0.41567460317460336 0.2566137566137569
4 0.9781746031746031 0.5268959435626103 0.043650793650793676 0.06613756613756613
6 0.9831349206349206 0.3831569664902999 0.014880952380952408 0.0802469135802469
