5 0.07914 0.595238 0.007305000000000001 0.012987
6 0.7375957520891364 0.15111420612813373 0.05092270194986085 0.11002785515320335
4 0.9149982590529249 0.8467966573816156 0.17000348189415035 0.3064066852367688
4 0.6471100278551531 0.39763231197771587 0.07364206128133709 0.2186629526462396
4 0.48415738161559885 0.3704735376044568 0.12064763231197766 0.14484679665738157
4 0.5389972144846795 0.2513927576601671 0.056406685236768866 0.14902506963788306
3 0.4716225626740947 0.22701949860724235 0.04387186629526454 0.1392757660167131
2 0.47671483286908073 0.22075208913649025 0.10262883008356546 0.12395543175487468
4 0.27028203342618384 0.25 0.06267409470752089 0.1573816155988858
4 0.13670786908077992 0.4582172701949861 0.06032381615598886 0.15877437325905297
4 0.14532555710306405 0.5410863509749304 0.071291782729805 0.22144846796657383
1 0.41599930362116977 0.4923398328690805 0.5546657381615597 0.26323119777158754
1 0.8499738857938718 0.27924791086350964 0.30005222841225554 0.1518105849582172
