5 0.6316590563165906 0.47023004059539913 0.0076103500761036 0.009472259810554747
4 0.9848710317460317 0.4858906525573192 0.03025793650793645 0.17283950617283955
4 0.7589285714285714 0.6803350970017639 0.07043650793650784 0.19488536155202824
4 0.6267361111111112 0.4228395061728395 0.03819444444444457 0.11199294532627874
4 0.6029265873015873 0.45679012345679015 0.02529761904761905 0.06878306878306872
4 0.5897817460317459 0.42592592592592593 0.032738095238095254 0.09523809523809526
4 0.5773809523809524 0.404320987654321 0.03670634920634917 0.0908289241622574
4 0.5560515873015872 0.4153439153439153 0.03472222222222222 0.08994708994708994
4 0.3831845238095238 0.49382716049382713 0.04017857142857146 0.14638447971781304
4 0.2973710317460317 0.4581128747795414 0.05208333333333344 0.11552028218694924
1 0.4630456349206354 0.5551146384479717 0.41418650793650824 0.134920634920635
4 0.19742063492063494 0.6137566137566137 0.04960317460317459 0.19047619047619052
6 0.08010912698412698 0.44356261022927684 0.03422619047619047 0.12345679012345677
3 0.06299603174603174 0.517636684303351 0.04067460317460316 0.16225749559082892
2 0.027777777777777773 0.5392416225749561 0.05555555555555554 0.12786596119929447
1 0.12475198412698413 0.8306878306878303 0.24751984126984128 0.2804232804232813
