5 0.5905631659056317 0.5886332882273342 0.013698630136986268 0.024357239512855174
6 0.9608722144846795 0.3795264623955432 0.06345752089136482 0.2938718662952646
4 0.5049181754874652 0.504874651810585 0.14180013927576599 0.360724233983287
2 0.6811890668523677 0.5146239554317549 0.1684366295264625 0.3272980501392758
4 0.10380396935933145 0.5076601671309193 0.17470403899721443 0.48050139275766024
4 0.31297876044568246 0.45961002785515304 0.1104630919220055 0.3259052924791085
4 0.36977715877437317 0.4422005571030641 0.10654596100278546 0.23259052924791085
3 0.4559540389972143 0.5257660167130919 0.17862116991643442 0.2353760445682452
1 0.05562325905292475 0.8774373259052921 0.1112465181058495 0.24512534818941556
1 0.28869254874651806 0.49930362116991617 0.577385097493036 0.09331476323119732
