5 0.7402600000000001 0.616883 0.008117 0.018759
3 0.13467261904761904 0.43077601410934735 0.05704365079365079 0.14373897707231045
2 0.02926587301587302 0.4215167548500882 0.05654761904761905 0.12169312169312171
6 0.07415674603174603 0.7720458553791886 0.10863095238095237 0.2619047619047619
4 0.836061507936508 0.5736331569664903 0.055059523809523794 0.18959435626102292
4 0.6847718253968254 0.4228395061728395 0.03918650793650798 0.14197530864197533
4 0.4590773809523809 0.5321869488536155 0.06398809523809526 0.12786596119929455
4 0.40947420634920634 0.8073192239858906 0.08680555555555557 0.23897707231040555
1 0.48239087301587236 0.4514991181657848 0.4320436507936504 0.17636684303350939
1 0.14087301587301576 0.7865961199294534 0.2817460317460315 0.3544973544973537
