5 0.213474 0.647186 0.008117 0.015873
4 0.703516713091922 0.5250696378830084 0.061107242339832765 0.16155988857938716
4 0.8100626740947076 0.5988857938718664 0.0752089136490251 0.18662952646239553
4 0.7665825208913648 0.7688022284122562 0.148067548746518 0.20334261838440099
4 0.6780553621169915 0.6532033426183844 0.08382660167130908 0.18384401114206128
4 0.567983983286908 0.6030640668523677 0.08774373259052921 0.2144846796657383
3 0.429317548746518 0.6204735376044569 0.072075208913649 0.15181058495821736
2 0.3999390668523677 0.612116991643454 0.14023328690807801 0.19080779944289689
4 0.4148241643454038 0.5285515320334262 0.08069289693593312 0.13231197771587744
4 0.3153290389972145 0.5689415041782729 0.07599233983286907 0.1573816155988858
4 0.5401723537604456 0.9261838440111422 0.08696030640668524 0.1448467966573817
1 0.3846622562674094 0.9094707520891356 0.7693245125348188 0.18105849582172678
1 0.860550139275766 0.6678272980501397 0.27889972144846786 0.2493036211699165
