5 0.23578199052132703 0.5849719101123596 0.010268562401263814 0.02106741573033716
6 0.4199164345403899 0.35584958217270196 0.037604456824512626 0.14623955431754873
4 0.2632311977715877 0.5041782729805014 0.0642409470752089 0.13091922005571027
4 0.4363683844011142 0.6323119777158774 0.09714484679665744 0.16155988857938725
4 0.5049181754874652 0.5626740947075208 0.05092270194986071 0.18941504178272986
4 0.45791260445682447 0.42757660167130923 0.07755919220055701 0.13091922005571027
4 0.703908426183844 0.4178272980501393 0.032120473537604395 0.1364902506963788
3 0.6796222144846795 0.41016713091922 0.0383878830083566 0.11559888579387184
2 0.6768802228412255 0.3934540389972145 0.1034122562674095 0.13509749303621163
4 0.7152681058495821 0.30571030640668523 0.045438718662952626 0.11559888579387191
4 0.777942200557103 0.4470752089136491 0.09557799442896936 0.15041782729805014
4 0.9064240947075208 0.33565459610027853 0.07677576601671304 0.1337047353760445
4 0.7990947075208914 0.5974930362116991 0.10184540389972142 0.1754874651810585
1 0.6408426183844012 0.7583565459610025 0.5672005571030639 0.39136490250696376
1 0.9588701253481894 0.4554317548746514 0.08225974930362118 0.1754874651810583
