5 0.7469558599695586 0.5270635994587279 0.011415525114155257 0.012178619756427622
4 0.808139534883721 0.46253229974160154 0.10901162790697716 0.17571059431524533
4 0.5912063953488372 0.2784237726098191 0.03997093023255815 0.1020671834625323
4 0.5886627906976745 0.8785529715762275 0.08284883720930225 0.22997416020671835
4 0.33575581395348836 0.7564599483204134 0.15552325581395343 0.22868217054263568
4 0.18168604651162792 0.6698966408268734 0.07122093023255814 0.19509043927648584
4 0.17114825581395351 0.520671834625323 0.06758720930232559 0.1602067183462532
4 0.11518895348837209 0.4844961240310077 0.06031976744186048 0.18087855297157618
4 0.1791424418604651 0.3268733850129199 0.03997093023255811 0.10852713178294575
4 0.3989825581395347 0.34043927648578787 0.10029069767441888 0.12532299741602063
4 0.3117732558139535 0.24547803617571062 0.026162790697674475 0.11886304909560724
6 0.7234738372093024 0.26162790697674415 0.03125 0.11240310077519379
0 0.4240552325581395 0.6027131782945736 0.5152616279069767 0.25968992248062
