5 0.6351460000000001 0.594517 0.013799 0.011544
3 0.009672619047619048 0.42504409171075835 0.019345238095238092 0.10582010582010583
4 0.28075396825396826 0.4885361552028219 0.027777777777777787 0.11992945326278664
4 0.30977182539682535 0.5105820105820106 0.050099206349206324 0.09171075837742507
4 0.41145833333333326 0.718694885361552 0.09672619047619044 0.1552028218694886
4 0.7465277777777777 0.4338624338624338 0.026785714285714305 0.1164021164021164
4 0.8167162698412699 0.4717813051146385 0.08382936507936492 0.11640211640211647
4 0.9526289682539684 0.5004409171075838 0.06398809523809533 0.12962962962962968
0 0.8596230158730158 0.7050264550264549 0.2787698412698413 0.2901234567901234
1 0.2958829365079365 0.41490299823633153 0.2772817460317461 0.10670194003527335
1 0.08779761904761903 0.6468253968253967 0.17559523809523805 0.22310405643738979
