5 0.4348341232227488 0.6509831460674159 0.01026856240126378 0.015449438202247166
6 0.8677325581395349 0.06136950904392765 0.03633720930232556 0.0917312661498708
4 0.7623546511627908 0.4457364341085271 0.047965116279069804 0.15503875968992253
4 0.7943313953488372 0.5717054263565892 0.04796511627906966 0.13824289405684753
4 0.7169331395348837 0.6963824289405685 0.13880813953488372 0.18604651162790695
4 0.4302325581395349 0.4631782945736434 0.08720930232558131 0.11757105943152453
4 0.3913517441860465 0.5949612403100776 0.09811046511627908 0.16925064599483214
4 0.08066860465116278 0.5897932816537468 0.0755813953488372 0.22609819121447017
4 0.5410610465116279 0.06718346253229973 0.05595930232558132 0.10335917312661497
4 0.40152616279069775 0.041343669250646004 0.03270348837209305 0.08268733850129201
0 0.6820494186046511 0.3559431524547804 0.35537790697674426 0.28036175710594335
1 0.11446220930232556 0.06847545219638244 0.22892441860465115 0.13695090439276486
6 0.2554505813953488 0.8475452196382429 0.05014534883720931 0.13178294573643412
