5 0.38311699999999993 0.634199 0.019481 0.018759
4 0.9523809523809524 0.548941798941799 0.06944444444444457 0.1490299823633157
4 0.6527777777777777 0.4814814814814815 0.04067460317460323 0.14814814814814817
4 0.5595238095238095 0.48456790123456783 0.0456349206349207 0.12962962962962968
4 0.5109126984126984 0.5767195767195767 0.0555555555555555 0.13051146384479723
4 0.5290178571428571 0.6666666666666667 0.08878968253968246 0.13932980599647266
4 0.2728174603174603 0.5970017636684304 0.053571428571428575 0.1587301587301588
4 0.24776785714285715 0.4916225749559083 0.04613095238095237 0.13844797178130505
4 0.3355654761904762 0.43077601410934746 0.03720238095238102 0.12257495590828917
1 0.39558531746031655 0.6168430335097002 0.4806547619047608 0.18959435626102208
1 0.10515873015873012 0.9034391534391534 0.21031746031746024 0.1931216931216928
