5 0.6481042654028437 0.4747191011235955 0.013428120063191074 0.02528089887640448
3 0.3834871169916434 0.22771587743732588 0.05092270194986078 0.15738161559888578
2 0.39171309192200554 0.22771587743732588 0.1034122562674095 0.15459610027855153
4 0.2416869777158774 0.11977715877437327 0.06972493036211695 0.09749303621169916
4 0.22836873259052923 0.2318941504178273 0.06032381615598886 0.1406685236768802
4 0.17157033426183843 0.29874651810584957 0.06267409470752089 0.12952646239554322
4 0.02663649025069638 0.3196378830083562 0.05170612813370473 0.13788300835654593
4 0.6717879526462395 0.38997214484679665 0.06502437325905298 0.18941504178272983
6 0.8457085654596099 0.5682451253481894 0.06032381615598894 0.17548746518105837
4 0.4481197771587743 0.8997214484679665 0.12691504178272972 0.19498607242339844
1 0.4077733286908077 0.6121169916434535 0.5648502785515318 0.410863509749303
1 0.0771674791086351 0.24860724233983283 0.15433495821727017 0.21587743732590525
