5 0.37880899999999995 0.575994 0.007897 0.0128
6 0.2633928571428571 0.8240740740740735 0.07638888888888898 0.28835978835978815
2 0.3712797619047619 0.6075837742504409 0.10466269841269839 0.1657848324514992
3 0.44766865079365076 0.5939153439153438 0.04811507936507937 0.12962962962962962
4 0.4761904761904762 0.5361552028218695 0.03273809523809532 0.12345679012345684
4 0.511656746031746 0.5304232804232804 0.04117063492063494 0.1578483245149912
4 0.4928075396825393 0.6582892416225751 0.046130952380953064 0.20194003527336885
4 0.5885416666666667 0.6243386243386243 0.05704365079365083 0.18342151675485013
4 0.6686507936507937 0.560405643738977 0.04861111111111114 0.16666666666666663
4 0.6857638888888887 0.6388888888888894 0.041170634920635225 0.21252204585537932
4 0.7160218253968255 0.6684303350970018 0.03819444444444457 0.21340388007054664
4 0.8707837301587301 0.6106701940035273 0.04216269841269849 0.18077601410934732
1 0.8120039682539684 0.6186067019400351 0.3759920634920631 0.17372134038800657
1 0.4541170634920626 0.8866843033509696 0.6413690476190466 0.22663139329806067
