5 0.473373 0.53291 0.006575 0.008401
4 0.9149305555555556 0.5229276895943563 0.04315476190476176 0.10229276895943556
1 0.8561507936507937 0.5952380952380952 0.2876984126984127 0.1463844797178131
4 0.7197420634920636 0.6785714285714286 0.04662698412698418 0.12433862433862437
4 0.5300099206349206 0.4828042328042328 0.0500992063492064 0.10670194003527335
4 0.435515873015873 0.4828042328042328 0.03472222222222222 0.11199294532627867
4 0.2341269841269841 0.529541446208113 0.03273809523809522 0.11552028218694893
6 0.2941468253968254 0.468694885361552 0.025793650793650827 0.11552028218694893
4 0.32663690476190477 0.7839506172839507 0.058035714285714274 0.16225749559082886
0 0.14186507936507925 0.8611111111111097 0.2837301587301585 0.247795414462082
