5 0.377029 0.849928 0.017045 0.011544
6 0.453125 0.26807760141093473 0.04513888888888886 0.13756613756613753
4 0.5109126984126984 0.4581128747795414 0.11408730158730158 0.1825396825396826
4 0.5359623015873016 0.47310405643738973 0.047123015873015955 0.24250440917107588
4 0.6636904761904762 0.5714285714285714 0.07738095238095227 0.2169312169312169
4 0.945436507936508 0.6225749559082893 0.09623015873015874 0.26278659611992944
1 0.676339285714286 0.425485008818342 0.48958333333333326 0.15608465608465585
4 0.3402777777777778 0.41843033509700134 0.04960317460317458 0.17195767195767178
4 0.316468253968254 0.41358024691358025 0.06448412698412699 0.1693121693121693
3 0.22172619047619047 0.38403880070546736 0.06349206349206347 0.13315696649029984
4 0.18055555555555558 0.4122574955908289 0.03174603174603174 0.14021164021164026
4 0.1545138888888889 0.43827160493827166 0.06498015873015874 0.1552028218694886
2 0.14781746031746032 0.37918871252204583 0.11210317460317462 0.17107583774250437
4 0.09920634920634919 0.7879188712522045 0.19841269841269837 0.2724867724867724
1 0.21155753968253965 0.6992945326278662 0.42311507936507925 0.3209876543209876
