5 0.447436 0.626781 0.005983 0.007977
6 0.02662435456110155 0.8777969018932871 0.0532487091222031 0.2444061962134244
4 0.1989565404475043 0.6471600688468158 0.04743975903614455 0.16523235800344238
4 0.5828313253012049 0.7401032702237521 0.08713425129087789 0.1583476764199655
6 0.7159530981067124 0.9449225473321866 0.04743975903614461 0.11015490533562661
4 0.7711381239242685 0.5636833046471601 0.07842082616178998 0.11531841652323585
4 0.6288188468158347 0.5378657487091222 0.03969449225473319 0.10154905335628235
4 0.6046148881239243 0.5834767641996558 0.04163080895008612 0.1135972461273667
4 0.5571751290877797 0.5507745266781412 0.0687392426850257 0.09638554216867462
4 0.5039264199655765 0.5430292598967297 0.04550344234079176 0.10154905335628221
4 0.5252259036144578 0.6161790017211703 0.03969449225473319 0.12048192771084346
1 0.30303356282271926 0.6075731497418245 0.45309810671256423 0.1686746987951805
1 0.11133820998278829 0.8967297762478491 0.22267641996557658 0.20309810671256465
