5 0.2468404423380727 0.27949438202247195 0.021327014218009453 0.03651685393258422
4 0.7859623015873015 0.6084656084656084 0.08085317460317455 0.20811287477954138
0 0.8955853174603172 0.5229276895943564 0.20882936507936387 0.37566137566137614
4 0.6036706349206349 0.043650793650793655 0.060515873015873044 0.0873015873015873
4 0.5912698412698413 0.7632275132275131 0.07242063492063487 0.17901234567901242
4 0.40798611111111105 0.5462962962962963 0.05803571428571431 0.2142857142857143
4 0.3623511904761905 0.5731922398589064 0.061011904761904746 0.18694885361552024
4 0.26884920634920634 0.4294532627865961 0.10515873015873012 0.17813051146384482
4 0.2805059523809522 0.05335097001763669 0.07589285714285711 0.10670194003527338
1 0.29439484126984117 0.07275132275132268 0.34176587301587297 0.14550264550264536
1 0.08110119047619042 0.36640211640211645 0.16220238095238085 0.31128747795414446
