5 0.6477270000000002 0.612554 0.008117 0.018759
3 0.6036706349206347 0.525132275132275 0.07837301587301596 0.1437389770723103
2 0.591765873015873 0.49074074074074076 0.13095238095238101 0.17724867724867735
4 0.7373511904761905 0.49514991181657836 0.06498015873015854 0.15608465608465602
4 0.7673611111111112 0.49779541446208114 0.00595238095238102 0.00440917107583779
4 0.8216765873015873 0.5097001763668431 0.06597222222222214 0.19223985890652556
4 0.917906746031746 0.7001763668430335 0.07886904761904773 0.21164021164021166
4 0.7671130952380952 0.5859788359788359 0.07490079365079381 0.21075837742504405
1 0.9486607142857143 0.5493827160493826 0.10168650793650784 0.17107583774250437
4 0.4506448412698411 0.6340388007054668 0.07291666666666692 0.19047619047619035
4 0.2819940476190476 0.7486772486772487 0.07291666666666669 0.18342151675485013
4 0.2261904761904762 0.6477072310405643 0.08134920634920634 0.23544973544973516
4 0.044890873015873 0.6891534391534393 0.089781746031746 0.2125220458553791
1 0.570188492063492 0.8470017636684303 0.7633928571428571 0.30599647266313906
