5 0.448052 0.6818179999999999 0.011364 0.012987
3 0.5719011142061281 0.38231197771587744 0.06737465181058504 0.10445682451253475
2 0.5722928272980501 0.36768802228412256 0.09792827298050134 0.13370473537604455
4 0.6279160863509748 0.4199164345403899 0.10262883008356546 0.14623955431754873
4 0.5237204038997214 0.4491643454038997 0.11359679665738164 0.18245125348189412
4 0.3392235376044568 0.5807799442896936 0.0783426183844011 0.1364902506963788
4 0.15472667130919218 0.5362116991643454 0.06815807799442897 0.18384401114206128
4 0.2953516713091922 0.7827298050139276 0.1880222841225627 0.2674094707520892
4 0.15981894150417827 0.7186629526462395 0.12534818941504178 0.2423398328690807
4 0.06228238161559888 0.7054317548746518 0.07599233983286909 0.18523676880222856
4 0.09244428969359329 0.6434540389972144 0.08304317548746518 0.2116991643454039
1 0.9126479805013927 0.4366295264623956 0.17470403899721446 0.16016713091922008
1 0.49551706128133705 0.6664345403899716 0.6400591922005572 0.28830083565459574
