5 0.47666 0.6002999999999998 0.005342 0.008766
3 0.25322420634920634 0.6027336860670194 0.05109126984126984 0.12786596119929441
2 0.16865079365079366 0.6044973544973544 0.10515873015873016 0.1649029982363316
6 0.1994047619047619 0.849647266313933 0.060515873015873 0.27601410934744264
1 0.2718253968253968 0.8809523809523809 0.5386904761904762 0.23809523809523875
4 0.4022817460317461 0.6781305114638448 0.05952380952380956 0.1534391534391534
4 0.5458829365079365 0.7257495590828924 0.05406746031746024 0.16931216931216939
4 0.847718253968254 0.5908289241622575 0.03670634920634924 0.14462081128747797
6 0.9583333333333335 0.9501763668430335 0.05853174603174594 0.09082892416225746
4 0.716765873015873 0.6459435626102293 0.043650793650793676 0.1666666666666667
4 0.6941964285714286 0.6080246913580247 0.04017857142857139 0.15432098765432095
4 0.6448412698412699 0.548941798941799 0.042658730158730195 0.12962962962962962
4 0.5376984126984127 0.5824514991181658 0.0625 0.11904761904761899
4 0.5339781746031745 0.5242504409171076 0.03918650793650805 0.11022927689594368
1 0.6269841269841249 0.6075837742504411 0.43253968253968117 0.15696649029982318
