5 0.874199 0.683286 0.0069440000000000005 0.015195
6 0.32688492063492064 0.31437389770723106 0.03670634920634921 0.1701940035273369
4 0.4583333333333334 0.6437389770723104 0.06349206349206324 0.22574955908289263
3 0.4766865079365081 0.4047619047619048 0.06250000000000003 0.16225749559082905
2 0.4992559523809524 0.41225749559082886 0.11359126984126988 0.1578483245149912
4 0.4759424603174601 0.46560846560846547 0.08085317460317455 0.1746031746031748
4 0.7437996031746033 0.5776014109347443 0.05902777777777786 0.13051146384479723
4 0.765625 0.6009700176366842 0.07291666666666685 0.14550264550264544
4 0.3861607142857143 0.6216931216931217 0.07589285714285715 0.1887125220458553
4 0.3318452380952381 0.6701940035273368 0.08234126984126984 0.199294532627866
4 0.15922619047619047 0.5255731922398589 0.0634920634920635 0.12345679012345684
4 0.15178571428571427 0.6746031746031746 0.0734126984126984 0.22927689594356265
1 0.11830357142857136 0.43298059964726604 0.23660714285714268 0.17460317460317432
1 0.40252976190476175 0.746031746031746 0.6522817460317456 0.3086419753086429
