5 0.433505 0.612123 0.0072 0.008258
3 0.09596970752089135 0.6051532033426184 0.046222144846796646 0.1462395543175488
2 0.019977367688022284 0.6135097493036211 0.03995473537604456 0.13231197771587744
4 0.7971361420612812 0.5759052924791086 0.05719011142061277 0.13231197771587752
4 0.6569028551532032 0.6204735376044568 0.04778899721448454 0.16016713091922008
4 0.6533774373259053 0.5738161559888579 0.07520891364902496 0.1420612813370475
4 0.5793436629526462 0.548050139275766 0.04935584958217262 0.14623955431754873
4 0.48807451253481887 0.5466573816155988 0.05797353760445681 0.10167130919220056
4 0.5025678969359331 0.5988857938718662 0.0462221448467966 0.11977715877437327
4 0.5374303621169915 0.7402506963788305 0.06894150417827298 0.17966573816156012
4 0.3106284818941504 0.6657381615598885 0.10889623955431751 0.14484679665738148
6 0.08970229805013927 0.8662952646239555 0.06815807799442897 0.2646239554317549
6 0.8202472144846795 0.9428969359331476 0.057973537604457025 0.1114206128133705
1 0.4500783426183844 0.6107242339832869 0.4363683844011143 0.14902506963788298
1 0.18919742339832857 0.8857938718662938 0.37839484679665714 0.22841225626740852
