5 0.630682 0.7207789999999998 0.00974 0.012987
6 0.5883530640668524 0.3370473537604457 0.03760445682451248 0.14206128133704737
3 0.2765494428969359 0.38927576601671304 0.048572423398328686 0.14345403899721446
2 0.2557886490250696 0.399025069637883 0.1386664345403899 0.13788300835654588
4 0.34196552924791085 0.4268802228412257 0.06345752089136486 0.14345403899721446
4 0.26401462395543174 0.44568245125348194 0.07207520891364907 0.1643454038997214
4 0.07599233983286907 0.5341225626740947 0.09714484679665737 0.1740947075208913
4 0.1625609331476323 0.7590529247910862 0.09792827298050137 0.21727019498607247
4 0.020760793871866294 0.7374651810584958 0.04152158774373259 0.24651810584958223
1 0.7395543175487466 0.4408077994428972 0.47162256267409464 0.14623955431754848
1 0.24756267409470747 0.6949860724233983 0.49512534818941506 0.298050139275766
