5 0.595026 0.542893 0.007716 0.01319
4 0.6314415041782729 0.5389972144846796 0.0564066852367688 0.12813370473537603
4 0.6459348885793871 0.6824512534818942 0.10106197771587745 0.15877437325905305
4 0.4680971448467966 0.8614206128133705 0.10889623955431744 0.2381615598885793
4 0.3541086350974931 0.6545961002785515 0.06424094707520886 0.1476323119777159
4 0.2984853760445682 0.5299442896935933 0.08304317548746518 0.1350974930362117
4 0.27968314763231195 0.46030640668523676 0.05954038997214482 0.13231197771587752
4 0.20878307799442894 0.4700557103064067 0.03838788300835652 0.14066852367688015
4 0.09518628133704735 0.5487465181058496 0.09792827298050139 0.16155988857938725
0 0.17157033426183854 0.8669916434540375 0.3431406685236771 0.2660167130919207
1 0.9314502089136485 0.5940111420612803 0.1370995821727017 0.14902506963788292
