5 0.231737 0.861472 0.012175 0.017316
6 0.5528273809523809 0.2605820105820106 0.046130952380952335 0.13315696649029984
4 0.6954365079365078 0.4519400352733686 0.026785714285714305 0.21075837742504405
4 0.7182539682539679 0.5268959435626104 0.07142857142857177 0.1825396825396826
4 0.5751488095238093 0.45899470899470857 0.07093253968254007 0.1701940035273368
4 0.4285714285714286 0.4184303350970018 0.06845238095238095 0.18077601410934746
4 0.394593253968254 0.40079365079365076 0.051091269841269875 0.15608465608465616
4 0.32589285714285715 0.40828924162257496 0.05357142857142861 0.14638447971781304
3 0.2646329365079365 0.37742504409171074 0.05803571428571431 0.12874779541446205
2 0.2524801587301587 0.37433862433862436 0.11706349206349209 0.15784832451499117
4 0.267361111111111 0.42063492063492064 0.048611111111111105 0.160493827160494
4 0.16641865079365076 0.7275132275132276 0.08184523809523805 0.2645502645502644
1 0.25644841269841284 0.6847442680776014 0.5128968253968256 0.3077601410934744
1 0.7547123015872992 0.4228395061728395 0.47767857142857023 0.15608465608465608
