5 0.327516 0.404762 0.008929 0.012987
3 0.4312996031746031 0.49074074074074103 0.14831349206349198 0.17019400352733663
4 0.425843253968254 0.539241622574956 0.07688492063492064 0.1948853615520283
4 0.4449404761904762 0.3540564373897708 0.05257936507936506 0.12962962962962968
4 0.6031746031746034 0.47751322751322745 0.0773809523809524 0.2671957671957672
4 0.7234623015873015 0.5648148148148148 0.08283730158730165 0.2530864197530864
4 0.8479662698412699 0.48456790123456783 0.07886904761904759 0.2654320987654321
1 0.880952380952381 0.5317460317460317 0.2380952380952381 0.2698412698412697
1 0.38814484126984133 0.8549382716049384 0.7762896825396827 0.2901234567901231
4 0.22941468253968253 0.5132275132275133 0.07787698412698411 0.24514991181657855
2 0.3675595238095238 0.45811287477954143 0.16170634920634924 0.22839506172839508
