5 0.585865 0.537182 0.005342 0.011148
4 0.3235550139275766 0.4435933147632312 0.067374651810585 0.13788300835654596
4 0.25461350974930363 0.4463788300835654 0.04543871866295266 0.11002785515320333
4 0.2773328690807799 0.527158774373259 0.0940111420612813 0.15738161559888575
4 0.12338962395543174 0.5786908077994429 0.10262883008356546 0.17966573816155987
0 0.2048659470752088 0.8572423398328675 0.4097318941504176 0.28551532033426175
4 0.38231197771587744 0.6713091922005572 0.072075208913649 0.1810584958217271
4 0.49708391364902504 0.8809192200557103 0.137099582172702 0.2270194986072424
4 0.6224321030640668 0.6692200557103064 0.10262883008356546 0.1573816155988859
4 0.6529857242339833 0.5417827298050139 0.09792827298050141 0.12256267409470745
1 0.9647458217270182 0.5877437325905293 0.07050835654596098 0.10306406685236791
