5 0.41761399999999993 0.8369410000000002 0.017045 0.01443
6 0.4260912698412699 0.2685185185185185 0.04960317460317462 0.13844797178130513
4 0.9293154761904764 0.6194885361552028 0.07390873015872987 0.2619047619047619
4 0.6421130952380952 0.5515873015873016 0.07490079365079381 0.15608465608465608
4 0.501984126984127 0.4845679012345679 0.04861111111111107 0.21957671957671962
4 0.46726190476190477 0.466931216931217 0.060515873015873044 0.1878306878306878
4 0.31522817460317465 0.42195767195767186 0.05208333333333332 0.1701940035273369
4 0.29712301587301587 0.4109347442680776 0.06944444444444443 0.17107583774250443
3 0.19990079365079366 0.38668430335097 0.07837301587301586 0.13492063492063494
4 0.14360119047619047 0.3871252204585538 0.04017857142857144 0.10582010582010583
4 0.11507936507936507 0.45061728395061734 0.06547619047619048 0.1657848324514992
1 0.64657738095238 0.4237213403880073 0.48462301587301515 0.15784832451499128
1 0.20312499999999986 0.7050264550264543 0.4062499999999997 0.3165784832451507
4 0.0359623015873016 0.801587301587302 0.07192460317460318 0.28218694885361534
