5 0.22849 0.642857 0.007305000000000001 0.007215
3 0.4139384920634919 0.6252204585537917 0.08283730158730192 0.16402116402116385
2 0.3816964285714286 0.6234567901234569 0.14236111111111108 0.1940035273368607
4 0.31894841269841273 0.554673721340388 0.04960317460317459 0.14285714285714285
4 0.41121031746031744 0.5277777777777778 0.06150793650793652 0.1384479717813052
4 0.5369543650793651 0.6022927689594356 0.052083333333333426 0.19576719576719584
4 0.654265873015873 0.6662257495590829 0.07638888888888885 0.2213403880070547
4 0.6875 0.5304232804232804 0.0605158730158729 0.15961199294532627
4 0.8194444444444444 0.6027336860670194 0.0625 0.1931216931216931
4 0.8040674603174603 0.7795414462081127 0.06646825396825391 0.2257495590828924
4 0.5620039682539683 0.9320987654320987 0.07936507936507929 0.12874779541446202
1 0.8521825396825398 0.677689594356261 0.29365079365079355 0.2442680776014109
1 0.3742559523809524 0.9184303350970019 0.7485119047619047 0.1631393298059965
