5 0.664367 0.7041850000000001 0.008929 0.01443
6 0.43323467966573814 0.33147632311977715 0.034470752089136525 0.13649025069637882
3 0.17157033426183843 0.3969359331476323 0.04857242339832867 0.12813370473537597
2 0.12338962395543174 0.39763231197771587 0.143366991643454 0.1350974930362117
4 0.21505048746518107 0.4261838440111421 0.0571901114206128 0.15877437325905297
4 0.15237639275766013 0.43523676880222845 0.04152158774373261 0.1518105849582173
4 0.018802228412256265 0.516016713091922 0.03760445682451253 0.16852367688022285
4 0.11594707520891365 0.7325905292479109 0.16451949860724235 0.22284122562674105
1 0.5965790389972144 0.42757660167130934 0.44263579387186625 0.14484679665738184
1 0.1848885793871865 0.6963788300835657 0.369777158774373 0.2896935933147633
