5 0.860795 0.62482 0.015422 0.008658
4 0.31894841269841273 0.7918871252204586 0.0763888888888889 0.14285714285714277
4 0.2740575396825397 0.4876543209876543 0.03918650793650798 0.09700176366843039
4 0.22098214285714285 0.4761904761904762 0.03125 0.11816578483245152
4 0.6790674603174602 0.40961199294532624 0.03670634920634924 0.08024691358024683
4 0.7646329365079364 0.4708994708994709 0.03025793650793659 0.11111111111111122
4 0.8591269841269841 0.48059964726631393 0.03670634920634924 0.10229276895943563
4 0.9233630952380952 0.8902116402116402 0.07787698412698418 0.1878306878306877
0 0.8120039682539683 0.6737213403880071 0.3759920634920635 0.253968253968254
1 0.1991567460317459 0.4232804232804229 0.2872023809523807 0.11287477954144669
1 0.03571428571428571 0.6477072310405646 0.07142857142857142 0.16313932980599677
