5 0.594527 0.5408789999999999 0.008013 0.014245
4 0.644593253968254 0.677689594356261 0.10267857142857138 0.1490299823633157
4 0.6334325396825397 0.5352733686067019 0.06448412698412703 0.13051146384479723
4 0.35367063492063494 0.6512345679012346 0.06845238095238095 0.154320987654321
4 0.4662698412698413 0.8637566137566138 0.10714285714285722 0.2495590828924162
4 0.29464285714285715 0.5295414462081129 0.08829365079365079 0.1507936507936508
4 0.2884424603174603 0.45149911816578486 0.07390873015873016 0.15696649029982368
4 0.21130952380952384 0.46516754850088193 0.038690476190476206 0.15255731922398588
4 0.10267857142857142 0.5639329805996472 0.09126984126984126 0.17724867724867713
0 0.17534722222222224 0.865520282186949 0.3506944444444445 0.2654320987654312
1 0.9337797619047614 0.5992063492063493 0.1324404761904762 0.1578483245149914
