5 0.5500481231953802 0.4542343883661249 0.005774783445620741 0.0068434559452524015
4 0.765625 0.46957671957671965 0.04910714285714277 0.12962962962962968
4 0.9397321428571428 0.8245149911816578 0.0669642857142857 0.23809523809523825
4 0.6039186507936507 0.4466490299823633 0.041170634920634865 0.12257495590828923
4 0.6262400793650794 0.427689594356261 0.05406746031746032 0.10582010582010583
4 0.5022321428571428 0.6891534391534393 0.06498015873015874 0.1843033509700176
1 0.4558531746031745 0.6102292768959438 0.47916666666666635 0.21340388007054684
4 0.1470734126984127 0.5529100529100529 0.036210317460317436 0.17283950617283955
4 0.12574404761904762 0.5881834215167548 0.04910714285714285 0.17813051146384482
4 0.10292658730158731 0.6238977072310405 0.0570436507936508 0.17372134038800696
4 0.031001984126984124 0.6534391534391534 0.05704365079365079 0.15520282186948847
3 0.022073412698412696 0.595679012345679 0.03819444444444445 0.19312169312169317
1 0.16021825396825387 0.9126984126984123 0.32043650793650774 0.1746031746031739
