5 0.25673724735322423 0.7446535500427716 0.0062560153994224875 0.009409751924721946
6 0.2659731894150418 0.8516713091922006 0.11046309192200557 0.1518105849582173
6 0.9530379526462395 0.19220055710306408 0.022719359331476313 0.09749303621169916
4 0.8014449860724233 0.16991643454038996 0.01723537604456837 0.10306406685236766
4 0.8210306406685235 0.22493036211699163 0.03917130919220057 0.10724233983286911
4 0.7278029247910862 0.2618384401114206 0.039171309192200424 0.13091922005571027
4 0.8335654596100278 0.3774373259052925 0.03603760445682454 0.09749303621169915
4 0.8652942200557102 0.4540389972144847 0.08382660167130922 0.13091922005571027
4 0.6475017409470751 0.39763231197771587 0.05719011142061284 0.1518105849582173
4 0.5288126740947074 0.3426183844011142 0.05797353760445674 0.10306406685236766
4 0.5538823119777159 0.7151810584958218 0.0830431754874651 0.19637883008356552
4 0.4398938022284122 0.7910863509749306 0.10262883008356549 0.17548746518105876
1 0.20995821727019495 0.2632311977715877 0.3196378830083565 0.14206128133704735
1 0.06737465181058495 0.5362116991643455 0.1347493036211699 0.22005571030640678
0 0.842531337047353 0.5194986072423392 0.31493732590529194 0.25626740947075166
