5 0.548701 0.665945 0.011364 0.012987
4 0.8014449860724233 0.5849582172701949 0.042305013927576594 0.12813370473537603
4 0.6557277158774372 0.548050139275766 0.050139275766016664 0.15459610027855156
4 0.5221535515320334 0.7583565459610029 0.06659122562674093 0.18245125348189417
4 0.4512534818941504 0.5097493036211699 0.03760445682451255 0.15598885793871864
4 0.40150591922005574 0.58008356545961 0.04622214484679667 0.16295264623955433
4 0.3760445682451254 0.516016713091922 0.04387186629526461 0.14345403899721446
4 0.2064327994428969 0.47214484679665736 0.03995473537604454 0.13927576601671318
4 0.06659122562674094 0.5236768802228412 0.05954038997214482 0.15877437325905291
1 0.2604892061281337 0.7012534818941506 0.5209784122562673 0.21309192200557078
