5 0.4071879936808847 0.5105337078651686 0.011848341232227498 0.018258426966292093
4 0.7270194986072422 0.6364902506963789 0.0971448467966573 0.1810584958217271
4 0.5938370473537603 0.6984679665738162 0.09871169916434538 0.17966573816155978
4 0.421483286908078 0.7116991643454039 0.1284818941504178 0.1754874651810585
1 0.5499651810584957 0.648328690807799 0.49042479108635073 0.25208913649025005
4 0.37330257660167127 0.48119777158774385 0.06345752089136497 0.1350974930362117
4 0.33648154596100277 0.42618384401114207 0.03995473537604454 0.11977715877437319
4 0.35920090529247906 0.39484679665738165 0.0383878830083566 0.13788300835654596
4 0.3035776462395543 0.431058495821727 0.050922701949860746 0.12116991643454042
1 0.8985463091922008 0.9700557103064058 0.20290738161559807 0.05988857938718621
