5 0.5928120063191153 0.7176966292134831 0.019747235387045876 0.02528089887640448
6 0.8891369047619048 0.31657848324514987 0.03819444444444443 0.12522045855379185
3 0.9459325396825393 0.4307760141093476 0.05158730158730179 0.16137566137566142
2 0.992311507936508 0.41798941798941797 0.015376984126984041 0.11463844797178133
4 0.7777777777777777 0.4157848324514991 0.039682539682539895 0.14373897707231037
4 0.7311507936507937 0.568342151675485 0.05952380952380949 0.12257495590828923
4 0.6820436507936509 0.5149911816578484 0.06547619047619051 0.1428571428571429
4 0.621031746031746 0.5784832451499118 0.0505952380952381 0.12698412698412703
4 0.5843253968253969 0.46031746031746024 0.05456349206349209 0.1164021164021164
4 0.5300099206349206 0.42107583774250446 0.05902777777777778 0.11022927689594347
4 0.267609126984127 0.3862433862433862 0.03819444444444439 0.1164021164021164
1 0.5825892857142851 0.43606701940035286 0.39831349206349176 0.1507936507936507
4 0.022073412698412696 0.7645502645502645 0.04117063492063492 0.26631393298059974
1 0.8591269841269841 0.7402998236331569 0.2817460317460318 0.3059964726631394
