5 0.4703196347031964 0.6366711772665765 0.013698630136986268 0.025710419485791718
6 0.4069899025069637 0.9261838440111422 0.09479456824512532 0.1476323119777159
6 0.33804839832869077 0.11629526462395542 0.033687325905292484 0.09888579387186627
4 0.8269063370473537 0.7012534818941504 0.16530292479108638 0.2715877437325905
4 0.7293697771587742 0.266016713091922 0.09714484679665744 0.10584958217270195
4 0.6506354456824512 0.3001392757660166 0.1151636490250699 0.11559888579387217
4 0.5542740250696379 0.3955431754874652 0.08225974930362114 0.1532033426183844
4 0.6216486768802227 0.5271587743732591 0.10732938718662956 0.23259052924791093
4 0.3854456824512535 0.5313370473537604 0.13004874651810588 0.24651810584958211
4 0.2683234679665738 0.4352367688022284 0.09949512534818944 0.16573816155988852
4 0.2675400417827298 0.20055710306406685 0.08225974930362118 0.1309192200557103
4 0.02428621169916434 0.3001392757660167 0.04543871866295263 0.16852367688022285
0 0.9475104456824512 0.5236768802228413 0.10497910863509759 0.22005571030640678
1 0.32081302228412256 0.23259052924791085 0.3799616991643453 0.11420612813370475
1 0.07129178272980499 0.46657381615598853 0.14258356545960998 0.2144846796657381
