5 0.31062999999999996 0.682099 0.008013 0.009497
6 0.7723214285714286 0.4126984126984127 0.05059523809523824 0.16402116402116398
4 0.9270833333333335 0.4523809523809524 0.061507936507936595 0.16931216931216939
4 0.8482142857142857 0.6507936507936507 0.043650793650793676 0.17989417989417994
4 0.7998511904761905 0.7336860670194004 0.13839285714285723 0.18165784832451493
4 0.8325892857142857 0.9219576719576719 0.08283730158730152 0.15255731922398583
4 0.709077380952381 0.9188712522045854 0.07192460317460317 0.15873015873015872
4 0.564484126984127 0.6618165784832452 0.07837301587301582 0.16843033509700184
3 0.41617063492063494 0.6009700176366843 0.05753968253968246 0.19664902998236328
2 0.3896329365079365 0.630952380952381 0.12251984126984126 0.17901234567901242
1 0.8353174603174591 0.6455026455026452 0.3293650793650791 0.20987654320987587
1 0.4888392857142858 0.9082892416225741 0.7286706349206348 0.18342151675484966
