5 0.2073820395738204 0.5446549391069012 0.017503805175038033 0.01217861975642748
6 0.8722718253968254 0.3955026455026455 0.03125 0.12786596119929455
6 0.9045138888888888 0.5423280423280423 0.03521825396825406 0.14109347442680772
4 0.9818948412698413 0.6044973544973545 0.03621031746031747 0.1666666666666667
2 0.954861111111111 0.5612874779541444 0.09027777777777792 0.1472663139329799
4 0.8807043650793651 0.5652557319223986 0.04613095238095241 0.16754850088183423
4 0.8125 0.5493827160493826 0.04464285714285723 0.1534391534391535
4 0.7713293650793651 0.6428571428571429 0.0625 0.16402116402116412
4 0.6004464285714286 0.5004409171075838 0.03521825396825392 0.12610229276895943
4 0.5622519841269842 0.3977072310405644 0.03025793650793638 0.13403880070546734
4 0.4486607142857143 0.5533509700176367 0.0749007936507936 0.13844797178130513
4 0.5128968253968254 0.7438271604938271 0.04861111111111114 0.18253968253968253
4 0.04464285714285714 0.5264550264550265 0.05456349206349206 0.13932980599647266
1 0.5074404761904762 0.5515873015873015 0.4107142857142858 0.1860670194003523
1 0.818700396825397 0.8637566137566136 0.36259920634920634 0.27248677248677267
