5 0.5280030000000001 0.560606 0.007305000000000001 0.007215
3 0.6121031746031746 0.6062610229276896 0.06150793650793652 0.2583774250440917
2 0.7120535714285715 0.6318342151675485 0.17113095238095247 0.22839506172839513
4 0.5634920634920636 0.43915343915343913 0.07738095238095234 0.20811287477954146
4 0.49454365079365076 0.541005291005291 0.09623015873015867 0.2213403880070547
4 0.42708333333333337 0.7208994708994709 0.08829365079365076 0.27954144620811294
6 0.29191468253968256 0.40079365079365076 0.04414682539682538 0.17195767195767198
4 0.20907738095238096 0.8359788359788359 0.11061507936507935 0.29629629629629617
4 0.03298611111111111 0.596119929453263 0.06200396825396825 0.24867724867724872
1 0.15302579365079355 0.7103174603174601 0.3060515873015871 0.2830687830687836
1 0.6894841269841265 0.9484126984126989 0.6210317460317458 0.09788359788359909
