5 0.665179 0.6724390000000001 0.013799 0.011544
6 0.2807659208261618 0.2762478485370052 0.032917383820998264 0.12220309810671257
4 0.5542706540447504 0.38123924268502585 0.09003872633390707 0.16006884681583475
4 0.8611768502581755 0.6161790017211705 0.14231927710843364 0.2134251290877797
4 0.37225688468158347 0.5034423407917384 0.10940189328743542 0.16006884681583478
1 0.45309810671256456 0.44148020654044745 0.4472891566265061 0.14285714285714285
4 0.20766996557659204 0.6566265060240964 0.08422977624784853 0.19793459552495704
4 0.1403829604130809 0.45869191049913943 0.0677710843373494 0.17383820998278834
4 0.09972030981067125 0.4156626506024096 0.046471600688468145 0.16351118760757316
4 0.0677710843373494 0.4130808950086059 0.04647160068846816 0.16523235800344233
4 0.035337779690189336 0.45524956970740105 0.0629302925989673 0.1738382099827883
4 0.025172117039586918 0.666092943201377 0.050344234079173836 0.24096385542168675
2 0.10698149741824432 0.7168674698795177 0.21396299483648865 0.2805507745266784
