5 0.39277700000000004 0.5790330000000001 0.008606 0.010552
4 0.8782242063492063 0.6040564373897707 0.032242063492063405 0.1657848324514991
4 0.7232142857142857 0.6640211640211641 0.04067460317460331 0.20282186948853606
4 0.693452380952381 0.652116402116402 0.04067460317460316 0.19841269841269835
4 0.6746031746031746 0.5608465608465609 0.04563492063492063 0.15167548500881842
4 0.5853174603174601 0.6296296296296292 0.050595238095238276 0.1710758377425054
4 0.523313492063492 0.5304232804232804 0.04067460317460316 0.1455026455026455
4 0.4888392857142857 0.5335097001763668 0.04414682539682531 0.12698412698412703
3 0.4419642857142857 0.5934744268077601 0.046626984126984114 0.14462081128747797
4 0.486359126984127 0.6701940035273368 0.053075396825396935 0.18165784832451495
2 0.35763888888888884 0.605379188712522 0.10912698412698414 0.15961199294532633
6 0.27058531746031744 0.8262786596119929 0.06498015873015874 0.27336860670194
1 0.43973214285714235 0.8875661375661373 0.631448412698412 0.22486772486772508
1 0.8025793650793633 0.6203703703703702 0.39484126984126916 0.17372134038800705
