5 0.558946 0.510812 0.008424 0.010227
6 0.3662517409470752 0.3997214484679666 0.04152158774373262 0.13370473537604455
4 0.5284209610027855 0.45264623955431754 0.04778899721448468 0.11420612813370468
4 0.6545525766016712 0.4763231197771588 0.05719011142061277 0.13091922005571036
4 0.8186803621169915 0.6135097493036212 0.12378133704735361 0.1573816155988858
4 0.7074338440111422 0.7005571030640668 0.05954038997214482 0.16155988857938725
4 0.43049268802228413 0.7792479108635098 0.11202994428969354 0.20473537604456823
4 0.2553969359331476 0.552924791086351 0.05954038997214486 0.14484679665738157
4 0.23306928969359325 0.628133704735376 0.09166086350974925 0.14206128133704732
4 0.7046918523676879 0.9651810584958217 0.1527681058495822 0.06128133704735376
0 0.6827559192200554 0.8126740947075208 0.6008878830083563 0.2660167130919222
