5 0.555951 0.513524 0.005935 0.012311
4 0.8081041086350973 0.6149025069637883 0.13396587743732583 0.17130919220055701
4 0.7031249999999999 0.6991643454038997 0.05719011142061277 0.1559888579387188
4 0.632616643454039 0.4763231197771588 0.07129178272980517 0.13091922005571036
4 0.5217618384401114 0.4582172701949861 0.06267409470752085 0.11699164345403894
4 0.43010097493036203 0.7799442896935932 0.09401114206128128 0.20891364902506965
4 0.7325034818941504 0.9589136490250696 0.06580779944289702 0.07938718662952653
4 0.22797701949860724 0.6316155988857939 0.08461002785515323 0.16295264623955433
4 0.2514798050139275 0.5577994428969358 0.06894150417827298 0.1406685236768802
6 0.3443158077994428 0.4032033426183844 0.04465529247910858 0.14623955431754873
0 0.6627785515320332 0.8133704735376048 0.6001044568245124 0.27576601671309237
