5 0.623377 0.6933619999999999 0.00974 0.012987
6 0.3257852839931153 0.2710843373493976 0.030012908777969045 0.1290877796901893
4 0.5852517211703959 0.37521514629948366 0.06293029259896735 0.1583476764199656
4 0.9241071428571428 0.6308089500860585 0.11327452667814114 0.23235800344234064
4 0.3979130808950086 0.5034423407917383 0.11424268502581754 0.17383820998278834
1 0.5029582616179001 0.43975903614457834 0.4521299483648881 0.15662650602409633
4 0.22945352839931155 0.6686746987951807 0.10068846815834767 0.19793459552495699
4 0.046471600688468166 0.6703958691910499 0.08326161790017213 0.2874354561101549
4 0.17668889845094665 0.46471600688468157 0.0822934595524957 0.18588640275387264
4 0.14183519793459554 0.41480206540447506 0.03969449225473321 0.16867469879518068
4 0.11327452667814114 0.4113597246127367 0.04453528399311532 0.16523235800344233
4 0.07309595524956972 0.4535283993115318 0.05712134251290878 0.18416523235800347
3 0.02275172117039587 0.3967297762478485 0.04550344234079174 0.18072289156626511
1 0.13360585197934596 0.7203098106712567 0.26721170395869187 0.2736660929432011
