5 0.5947488584474886 0.6312584573748308 0.009893455098934467 0.01759133964817309
6 0.8335654596100278 0.32242339832869077 0.05170612813370468 0.12395543175487468
6 0.07207520891364902 0.6692200557103065 0.0564066852367688 0.2214484679665738
1 0.2992688022284121 0.3885793871866295 0.3666434540389971 0.1364902506963789
1 0.05523154596100279 0.6371866295264621 0.11046309192200558 0.22423398328690886
4 0.7446465877437325 0.8328690807799444 0.1496344011142061 0.27576601671309176
0 0.9222667130919219 0.7555710306406687 0.15546657381615583 0.3050139275766011
4 0.7419045961002785 0.5466573816155988 0.0564066852367688 0.16295264623955424
4 0.6929404596100278 0.5501392757660166 0.06972493036211702 0.18105849582172695
4 0.6294829387186629 0.5536211699164345 0.06972493036211702 0.16295264623955424
4 0.5429143454038996 0.5236768802228412 0.06894150417827291 0.1949860724233983
4 0.5260706824512535 0.6065459610027852 0.15590181058495847 0.1629526462395544
