5 0.6838470000000001 0.6926409999999998 0.007305000000000001 0.017316
4 0.9181547619047619 0.6071428571428571 0.12003968253968253 0.2178130511463845
6 0.35813492063492064 0.32407407407407407 0.04067460317460316 0.13315696649029984
4 0.17063492063492064 0.4232804232804233 0.05257936507936508 0.15167548500881828
4 0.10540674603174605 0.43033509700176364 0.047123015873015886 0.15873015873015872
4 0.13343253968253968 0.710758377425044 0.15476190476190474 0.21516754850088177
3 0.10714285714285715 0.4087301587301587 0.0753968253968254 0.12081128747795411
2 0.06572420634920634 0.40388007054673714 0.11359126984126984 0.13051146384479723
1 0.5305059523809524 0.4223985890652557 0.4300595238095238 0.13932980599647266
1 0.15575396825396826 0.6895943562610231 0.3115079365079365 0.3104056437389771
