5 0.43709400000000004 0.676046 0.013799 0.015873
3 0.5762099582172702 0.37883008356545955 0.061890668523676806 0.10584958217270192
2 0.5699425487465181 0.3704735376044568 0.10889623955431758 0.14206128133704737
4 0.6298746518105849 0.4233983286908078 0.09871169916434538 0.13927576601671313
4 0.5276375348189414 0.45264623955431754 0.11359679665738157 0.18941504178272978
4 0.34588266016713093 0.5891364902506965 0.071291782729805 0.15320334261838447
4 0.3024025069637883 0.7834261838440111 0.19115598885793872 0.25766016713091927
4 0.1833217270194986 0.551532033426184 0.10811281337047353 0.1866295264623956
4 0.06619951253481894 0.7005571030640668 0.055623259052924784 0.20334261838440112
4 0.15746866295264625 0.722841225626741 0.12848189415041783 0.22005571030640667
4 0.11242165738161558 0.6538997214484681 0.07912604456824511 0.2158774373259054
1 0.49708391364902527 0.6657381615598885 0.6525940111420616 0.298050139275766
1 0.9200905292479094 0.43732590529247894 0.1598189415041772 0.14206128133704748
