5 0.4621680000000001 0.604226 0.007822 0.01221
3 0.1882440476190476 0.5974426807760141 0.045138888888888895 0.1490299823633157
2 0.09771825396825395 0.6159611992945326 0.10416666666666666 0.15961199294532633
6 0.1572420634920635 0.8567019400352734 0.06051587301587302 0.265432098765432
1 0.23611111111111108 0.8853615520282189 0.4722222222222221 0.22927689594356246
4 0.3596230158730158 0.677689594356261 0.06150793650793652 0.15255731922398583
4 0.5310019841269841 0.7358906525573192 0.056051587301587345 0.1737213403880071
4 0.5178571428571428 0.5943562610229277 0.046626984126984045 0.10052910052910051
4 0.5128968253968254 0.527336860670194 0.042658730158730125 0.10405643738977076
4 0.6135912698412699 0.5458553791887125 0.0436507936507936 0.1375661375661376
4 0.6688988095238096 0.5881834215167548 0.03819444444444443 0.13403880070546734
4 0.6937003968253969 0.6353615520282188 0.04613095238095241 0.16313932980599652
4 0.8246527777777777 0.5908289241622575 0.045138888888888715 0.14462081128747797
1 0.5560515873015845 0.605379188712522 0.4255952380952367 0.1578483245149916
6 0.8985615079365084 0.9528218694885338 0.06299603174603152 0.09435626102292756
