5 0.8468790000000002 0.580315 0.005723000000000001 0.010853
3 0.5498511904761905 0.5114638447971781 0.06994047619047628 0.15167548500881842
2 0.5716765873015873 0.5070546737213404 0.09474206349206347 0.16049382716049387
4 0.8199404761904762 0.6287477954144621 0.0744047619047619 0.1922398589065257
4 0.6344246031746031 0.560405643738977 0.052579365079365135 0.1825396825396826
4 0.5954861111111112 0.5846560846560847 0.05109126984126995 0.16931216931216939
4 0.4650297619047619 0.6005291005291005 0.07886904761904759 0.18518518518518526
4 0.40897817460317454 0.49074074074074076 0.0620039682539683 0.1913580246913581
4 0.5081845238095238 0.43783068783068785 0.04414682539682545 0.15255731922398588
1 0.4903273809523809 0.855379188712522 0.7435515873015871 0.289241622574956
1 0.15079365079365067 0.5427689594356266 0.30158730158730135 0.2019400352733677
