5 0.4657534246575342 0.6204330175913397 0.012176560121765618 0.02300405953991877
6 0.220734126984127 0.068342151675485 0.042658730158730125 0.0925925925925926
4 0.17509920634920634 0.15784832451499117 0.033730158730158735 0.13403880070546736
1 0.18253968253968245 0.18606701940035278 0.3650793650793649 0.12345679012345666
4 0.1589781746031746 0.4395943562610229 0.07490079365079366 0.18783068783068793
4 0.36979166666666674 0.5202821869488536 0.1006944444444445 0.21693121693121703
4 0.5555555555555556 0.4365079365079365 0.051587301587301654 0.21869488536155202
4 0.513640873015873 0.3902116402116402 0.07291666666666671 0.18077601410934743
4 0.5731646825396823 0.2623456790123458 0.05406746031746054 0.11375661375661396
4 0.6505456349206349 0.22354497354497355 0.04910714285714285 0.11904761904761905
4 0.9454365079365078 0.41005291005291006 0.06845238095238088 0.20634920634920637
4 0.8467261904761905 0.6397707231040565 0.08531746031746025 0.24955908289241627
0 0.8613591269841271 0.46957671957671954 0.2743055555555556 0.281305114638448
6 0.333829365079365 0.8915343915343916 0.11507936507936498 0.20987654320987686
