5 0.3175813868201308 0.7820259397974751 0.01566849093507873 0.021917048134276952
3 0.9203869047619048 0.34038800705467365 0.05208333333333329 0.13051146384479714
2 0.9618055555555556 0.3637566137566137 0.07539682539682531 0.1525573192239859
4 0.8392857142857143 0.34700176366843033 0.05158730158730151 0.13668430335097
4 0.7708333333333333 0.33068783068783064 0.036706349206349104 0.11111111111111108
4 0.6597222222222223 0.37257495590828926 0.0744047619047619 0.1137566137566138
4 0.6183035714285715 0.4647266313932981 0.07589285714285708 0.13932980599647274
4 0.4868551587301587 0.25132275132275134 0.08581349206349209 0.10582010582010583
4 0.3846726190476191 0.2649911816578483 0.05902777777777778 0.09435626102292768
4 0.22123015873015872 0.718694885361552 0.12202380952380949 0.14109347442680786
4 0.07564484126984126 0.33289241622574955 0.06299603174603174 0.0908289241622575
4 0.015128968253968254 0.2865961199294533 0.029265873015873013 0.11287477954144624
6 0.6817956349206349 0.1591710758377425 0.022321428571428614 0.08553791887125221
1 0.5935019841269839 0.3130511463844797 0.3536706349206348 0.17283950617283947
1 0.8556547619047623 0.6940035273368611 0.2876984126984128 0.3791887125220466
