5 0.436847 0.5916079999999999 0.00554 0.009497
6 0.5376984126984127 0.46649029982363316 0.028769841269841265 0.15520282186948856
4 0.8278769841269841 0.4955908289241623 0.03869047619047606 0.1534391534391535
4 0.9558531746031746 0.4885361552028219 0.03472222222222214 0.13580246913580246
4 0.790922619047619 0.6494708994708995 0.12152777777777772 0.1807760141093474
4 0.9846230158730159 0.6895943562610231 0.030753968253968225 0.18165784832451506
4 0.8814484126984129 0.9497354497354493 0.039682539682540006 0.10052910052910019
3 0.07614087301587302 0.6124338624338624 0.05208333333333333 0.17724867724867713
2 0.017609126984126984 0.6313932980599648 0.03521825396825397 0.14109347442680778
1 0.4680059523809526 0.6172839506172836 0.45585317460317454 0.16578483245149858
1 0.19593253968253954 0.8977072310405647 0.3918650793650791 0.20458553791887021
