5 0.8667199999999999 0.6651630000000001 0.008903 0.018993
6 0.4836309523809524 0.6084656084656085 0.04464285714285708 0.23456790123456792
6 0.38268849206349204 0.2821869488536155 0.04513888888888893 0.18165784832451504
4 0.5270337301587301 0.38095238095238093 0.04811507936507944 0.14991181657848326
2 0.540922619047619 0.3827160493827161 0.10962301587301589 0.16402116402116398
4 0.4930555555555556 0.43738977072310403 0.10019841269841273 0.14991181657848324
4 0.7316468253968255 0.5679012345679012 0.10515873015873012 0.1657848324514991
4 0.7437996031746033 0.626984126984127 0.07589285714285708 0.2028218694885362
4 0.4352678571428571 0.5952380952380952 0.07986111111111108 0.2151675485008819
4 0.38095238095238093 0.61331569664903 0.0625 0.22839506172839522
4 0.26339285714285715 0.623015873015873 0.08333333333333336 0.20546737213403873
4 0.20882936507936506 0.5449735449735449 0.05158730158730162 0.20282186948853614
4 0.05406746031746032 0.44841269841269843 0.06349206349206347 0.18253968253968253
1 0.13293650793650788 0.40299823633156945 0.2658730158730158 0.19576719576719548
1 0.45163690476190466 0.7248677248677248 0.6711309523809522 0.31569664902998235
