5 0.5698390000000001 0.539452 0.006735 0.00991
4 0.4102182539682539 0.44929453262786595 0.05357142857142854 0.13315696649029996
4 0.37673611111111116 0.4444444444444444 0.04613095238095241 0.12345679012345684
4 0.7338789682539684 0.5930335097001764 0.051091269841269736 0.18077601410934746
4 0.6495535714285714 0.708994708994709 0.056051587301587276 0.18871252204585537
4 0.4538690476190476 0.7645502645502645 0.05952380952380956 0.20458553791887127
4 0.5498511904761905 0.900352733686067 0.08581349206349209 0.19400352733686063
4 0.2333829365079365 0.5727513227513228 0.050099206349206366 0.17195767195767198
4 0.14905753968253968 0.6150793650793651 0.05406746031746032 0.1913580246913579
0 0.3139880952380948 0.845238095238095 0.6140873015873007 0.2848324514991193
