5 0.636769 0.6854260000000001 0.008929 0.01443
6 0.30884251290877796 0.2710843373493976 0.0387263339070568 0.13253012048192772
3 0.01645869191049914 0.3889845094664372 0.03291738382099828 0.17555938037865748
4 0.05615318416523236 0.4526678141135973 0.050344234079173836 0.18588640275387264
4 0.039210413080895005 0.6738382099827882 0.059057659208261615 0.2771084337349398
4 0.22170826161790017 0.6600688468158347 0.09681583476764204 0.19793459552495699
4 0.3930722891566265 0.5017211703958693 0.11424268502581761 0.17383820998278834
4 0.5731497418244406 0.378657487091222 0.05228055077452666 0.1583476764199656
1 0.48262693631669534 0.4345955249569707 0.463747848537005 0.16695352839931155
4 0.8950623924268503 0.6247848537005164 0.13070137693631664 0.22719449225473326
4 0.16410283993115318 0.4664371772805508 0.08035714285714285 0.1755593803786575
4 0.11811531841652326 0.41566265060240964 0.0677710843373494 0.16695352839931155
1 0.11714716006884673 0.7177280550774529 0.23429432013769347 0.29259896729776197
