5 0.49175 0.629419 0.00732 0.010552
6 0.6694376740947076 0.9422005571030642 0.03995473537604468 0.1100278551532034
4 0.7618819637883008 0.5355153203342619 0.044655292479108655 0.12395543175487461
4 0.6674791086350974 0.7318941504178272 0.07207520891364907 0.16016713091922
4 0.644759749303621 0.5194986072423396 0.05797353760445709 0.11977715877437362
4 0.6239989554317549 0.5793871866295265 0.08069289693593319 0.11977715877437327
4 0.5617165738161559 0.6413649025069639 0.0877437325905293 0.14345403899721454
4 0.5542740250696379 0.5717270194986072 0.07912604456824511 0.13788300835654596
4 0.5115772980501393 0.5181058495821727 0.05483983286908078 0.11699164345403894
4 0.1625609331476323 0.6740947075208914 0.06659122562674094 0.19498607242339838
1 0.2170090529247911 0.6176880222841221 0.4340181058495821 0.17409470752089123
1 0.06267409470752089 0.9129526462395535 0.12534818941504178 0.17409470752089176
6 0.012534818941504176 0.931058495821727 0.025069637883008353 0.1378830083565453
0 0.9780640668523679 0.9032033426183844 0.04387186629526454 0.1183844011142061
