5 0.42079400000000006 0.596132 0.005828 0.006475
4 0.9853670634920636 0.49118165784832457 0.02529761904761912 0.13403880070546742
4 0.8611111111111112 0.5030864197530864 0.042658730158730125 0.154320987654321
4 0.810515873015873 0.6574074074074073 0.11011904761904759 0.1931216931216931
4 0.8973214285714286 0.9537037037037037 0.03472222222222214 0.08553791887125214
6 0.580109126984127 0.46560846560846564 0.042162698412698346 0.1499118165784833
3 0.12375992063492064 0.6071428571428572 0.042162698412698436 0.17372134038800696
2 0.044890873015873016 0.6309523809523809 0.08680555555555555 0.17724867724867713
1 0.5245535714285714 0.623015873015873 0.4657738095238095 0.1737213403880071
1 0.22420634920634921 0.8928571428571428 0.439484126984127 0.20723104056437378
