5 0.8547080000000001 0.4170269999999999 0.008117 0.011544
3 0.44537778551532026 0.5438718662952646 0.0383878830083566 0.1991643454038997
2 0.37839484679665736 0.5675487465181059 0.15668523676880217 0.1852367688022285
4 0.500217618384401 0.5682451253481895 0.03995473537604454 0.18384401114206134
4 0.6032381615598885 0.5 0.09557799442896936 0.20055710306406688
4 0.5648502785515319 0.5954038997214485 0.07677576601671313 0.21030640668523673
4 0.679230501392756 0.9275766016713092 0.08461002785515316 0.14484679665738118
4 0.5687674094707521 0.862116991643454 0.06894150417827291 0.2757660167130919
4 0.5060933147632312 0.8001392757660167 0.05170612813370475 0.2799442896935932
4 0.4751479805013928 0.7263231197771587 0.08382660167130915 0.18523676880222836
4 0.8429665738161555 0.5661559888579388 0.1911559888579391 0.1713091922005575
4 0.8840964484679665 0.5041782729805014 0.11046309192200568 0.18662952646239553
1 0.846448467966574 0.6232590529247911 0.30710306406685156 0.2465181058495821
1 0.3740860027855151 0.8913649025069629 0.7481720055710303 0.21727019498607159
