5 0.49170616113744076 0.5554775280898876 0.008688783570300132 0.02106741573033709
6 0.28751740947075205 0.3481894150417827 0.03917130919220057 0.11420612813370475
4 0.3031859331476323 0.5696378830083565 0.072075208913649 0.15877437325905291
4 0.44420264623955424 0.5069637883008355 0.04387186629526454 0.13927576601671304
4 0.48807451253481887 0.49164345403899723 0.04700557103064057 0.16155988857938725
4 0.6142061281337047 0.6023676880222841 0.09087743732590532 0.16016713091922008
4 0.6678708217270196 0.3913649025069638 0.043088440111420566 0.1364902506963788
4 0.7783339136490249 0.44637883008356544 0.09479456824512539 0.13231197771587744
4 0.8758704735376044 0.3934540389972145 0.07364206128133702 0.1128133704735376
4 0.917783774373259 0.36629526462395545 0.07129178272980496 0.1476323119777159
4 0.7278029247910864 0.8551532033426185 0.14101671309192199 0.17270194986072412
0 0.15590181058495822 0.8231197771587746 0.31180362116991645 0.35376044568245135
1 0.8758269498607243 0.48050139275766024 0.2483461002785515 0.19220055710306408
