5 0.49908669036334913 0.988061797752809 0.012391390205371238 0.023876404494381945
6 0.7854662698412699 0.3099647266313933 0.02331349206349216 0.12786596119929455
1 0.9583333333333325 0.34656084656084657 0.08333333333333337 0.10758377425044116
4 0.5709325396825398 0.4069664902998236 0.038690476190476136 0.1014109347442681
4 0.6398809523809524 0.7305996472663139 0.06547619047619065 0.16666666666666657
6 0.84375 0.927689594356261 0.05357142857142861 0.13580246913580254
4 0.39335317460317465 0.9162257495590831 0.06349206349206342 0.16225749559082947
4 0.27182539682539686 0.8276014109347443 0.06448412698412692 0.19841269841269835
4 0.3251488095238095 0.5418871252204586 0.05406746031746032 0.1613756613756614
4 0.24082341269841268 0.5511463844797178 0.06795634920634924 0.11111111111111115
4 0.36879960317460314 0.2923280423280423 0.03224206349206348 0.09435626102292773
6 0.2306547619047619 0.29320987654320985 0.030753968253968225 0.08730158730158727
0 0.3449900793650795 0.5520282186948853 0.42807539682539736 0.22751322751322697
