5 0.65220700152207 0.7956698240866035 0.0076103500761036 0.02706359945872805
6 0.7607068245125348 0.9059888579387188 0.09244428969359333 0.18802228412256272
6 0.2581389275766017 0.2332869080779944 0.04778899721448468 0.1323119777158774
3 0.07050835654596099 0.3774373259052925 0.042305013927576594 0.13370473537604458
2 0.044263579387186634 0.36559888579387184 0.08852715877437324 0.14345403899721446
4 0.12573990250696376 0.4018105849582173 0.05405640668523677 0.1350974930362117
4 0.25618036211699163 0.3405292479108635 0.10497910863509748 0.14066852367688024
4 0.10380396935933145 0.3725626740947075 0.03682103064066853 0.16295264623955433
4 0.6185149721448462 0.3182451253481895 0.04778899721448429 0.1573816155988858
4 0.7818593314763228 0.2827298050139276 0.08147632311977711 0.11699164345403884
4 0.5742513927576601 0.49930362116991645 0.08304317548746525 0.17409470752089135
4 0.6095055710306406 0.4415041782729805 0.10967966573816156 0.14206128133704737
4 0.6823642061281336 0.5013927576601671 0.09871169916434525 0.1810584958217271
4 0.7477802924791085 0.7103064066852369 0.21857590529247908 0.2339832869080781
1 0.510402158774373 0.39066852367687976 0.4410689415041784 0.14345403899721423
1 0.1457172701949861 0.6713091922005567 0.2914345403899722 0.2952646239554323
