5 0.535714 0.5043289999999999 0.006494 0.010101
6 0.3973214285714286 0.29982363315696653 0.03472222222222222 0.14638447971781307
3 0.1572420634920635 0.41005291005291 0.058531746031746046 0.1287477954144621
2 0.10193452380952384 0.4038800705467372 0.13244047619047622 0.1763668430335097
4 0.025049603174603176 0.5718694885361552 0.046130952380952384 0.2583774250440917
4 0.18452380952380953 0.44576719576719576 0.05257936507936508 0.18783068783068785
4 0.2214781746031746 0.4228395061728395 0.06795634920634917 0.17019400352733682
4 0.27058531746031744 0.5498236331569665 0.07390873015873019 0.23015873015873026
4 0.38120039682539686 0.41313932980599644 0.07589285714285715 0.13844797178130513
4 0.4930555555555556 0.35758377425044086 0.05952380952380949 0.13668430335097007
4 0.5339781746031745 0.45634920634920634 0.07291666666666664 0.16313932980599652
4 0.6418650793650794 0.5198412698412699 0.07440476190476204 0.2054673721340388
4 0.9858630952380952 0.6820987654320987 0.02827380952380949 0.27425044091710754
4 0.892609126984127 0.9651675485008817 0.04613095238095241 0.06966490299823633
1 0.6547619047619041 0.45017636684303336 0.5089285714285706 0.16666666666666632
1 0.19890873015873 0.7548500881834207 0.39781746031746 0.3509700176366838
