5 0.676179604261796 0.5209742895805143 0.00837138508371396 0.018944519621109636
3 0.5363597246127366 0.4440619621342513 0.02710843373493972 0.11015490533562819
2 0.5537865748709122 0.4612736660929432 0.08132530120481923 0.09982788296041306
4 0.829711703958692 0.5456110154905336 0.0890705679862306 0.117039586919105
6 0.820514199655766 0.7228915662650602 0.0706755593803787 0.20998278829604125
4 0.36112306368330466 0.44750430292598964 0.0387263339070568 0.09294320137693625
4 0.3577345094664372 0.39500860585197933 0.05905765920826163 0.10154905335628228
4 0.13747848537005164 0.49741824440619625 0.06583476764199656 0.11703958691910493
4 0.09439543889845094 0.6101549053356282 0.05518502581755593 0.15318416523235798
1 0.1916953528399311 0.4982788296041307 0.3466006884681583 0.11187607573149724
1 0.6075193631669533 0.6678141135972462 0.4618115318416522 0.206540447504303
