5 0.705357 0.73088 0.014610000000000001 0.015873
4 0.7914186507936507 0.6309523809523809 0.1284722222222223 0.2389770723104057
4 0.4756944444444444 0.5709876543209876 0.05952380952380949 0.19841269841269835
4 0.34995039682539686 0.48059964726631393 0.07986111111111115 0.17989417989417988
4 0.2958829365079365 0.5357142857142857 0.050099206349206366 0.21428571428571438
4 0.2088293650793651 0.435626102292769 0.04464285714285715 0.16402116402116398
4 0.18601190476190474 0.41313932980599644 0.052579365079365094 0.1737213403880071
3 0.10912698412698414 0.3990299823633157 0.08928571428571429 0.16843033509700178
2 0.04836309523809524 0.39682539682539686 0.09077380952380952 0.15167548500881828
6 0.31572420634920634 0.29012345679012347 0.06795634920634921 0.13403880070546742
1 0.5577876984126984 0.4272486772486772 0.4439484126984127 0.15961199294532627
1 0.15302579365079336 0.7169312169312165 0.3060515873015867 0.3139329805996466
