5 0.41193199999999996 0.439394 0.012175 0.012987
6 0.4377480158730158 0.28527336860670194 0.04414682539682538 0.14373897707231043
3 0.19742063492063494 0.40652557319223986 0.0505952380952381 0.12698412698412695
4 0.22371031746031747 0.4338624338624338 0.04563492063492063 0.1763668430335097
4 0.2646329365079365 0.4162257495590829 0.07093253968253968 0.18342151675485005
4 0.2934027777777778 0.531305114638448 0.0669642857142857 0.21957671957671956
2 0.14360119047619047 0.3981481481481481 0.11855158730158727 0.16313932980599638
4 0.03943452380952381 0.5551146384479718 0.07093253968253968 0.261904761904762
4 0.43774801587301587 0.40917107583774254 0.07192460317460317 0.1534391534391534
4 0.5436507936507938 0.3447971781305117 0.06349206349206302 0.14814814814814814
4 0.5773809523809524 0.45634920634920634 0.0942460317460317 0.1825396825396826
4 0.6656746031746031 0.5246913580246914 0.09623015873015867 0.181657848324515
1 0.7135416666666665 0.449294532627866 0.5322420634920634 0.17548500881834211
1 0.21949404761904748 0.7526455026455018 0.43799603174603147 0.35185185185185314
