5 0.45425799999999994 0.593542 0.007914 0.010552
3 0.3646848885793872 0.600974930362117 0.060323816155988794 0.12952646239554327
2 0.28634227019498587 0.6065459610027848 0.0979282729805011 0.15181058495821706
6 0.2600974930362117 0.8321727019498607 0.07050835654596095 0.2743732590529247
4 0.4900330779944289 0.6775766016713092 0.09792827298050141 0.16016713091922
4 0.5758182451253481 0.6782729805013933 0.06737465181058512 0.17270194986072443
4 0.8793958913649024 0.6023676880222841 0.036821030640668655 0.16295264623955433
4 0.7360288997214485 0.6559888579387185 0.03838788300835645 0.17827298050139276
4 0.711742688022284 0.6323119777158774 0.03838788300835645 0.16991643454039007
4 0.6839310584958217 0.5647632311977716 0.05170612813370468 0.14902506963788306
4 0.5339049442896936 0.5515320334261838 0.07129178272980503 0.10863509749303617
4 0.5480066155988857 0.5181058495821727 0.044655292479108655 0.12813370473537603
1 0.7563979805013926 0.6128133704735375 0.4630048746518106 0.1699164345403901
1 0.3693854456824511 0.881615598885793 0.6040215877437323 0.236768802228412
