5 0.541802 0.574315 0.018669 0.01443
3 0.026636490250696376 0.41713091922005574 0.032903899721448464 0.0933147632311978
2 0.023502785515320333 0.42409470752089135 0.04700557103064067 0.09052924791086354
4 0.283991991643454 0.4972144846796657 0.030553621169916455 0.11699164345403901
4 0.3102367688022284 0.5104456824512534 0.03603760445682454 0.0821727019498607
4 0.4383269498607241 0.6838440111420613 0.08539345403899723 0.15877437325905297
4 0.7583565459610027 0.44637883008356544 0.03917130919220057 0.12116991643454042
4 0.8280814763231197 0.46100278551532026 0.08461002785515319 0.11142061281337043
4 0.9616556406685237 0.4944289693593315 0.06659122562674086 0.13927576601671313
4 0.01253481894150418 0.5926183844011143 0.02506963788300836 0.12674094707520892
1 0.31376218662952643 0.4129526462395543 0.2718488857938719 0.11559888579387177
1 0.0979282729805014 0.6469359331476319 0.1958565459610028 0.23537604456824568
0 0.866861072423398 0.7096100278551544 0.2624477715877434 0.28830083565459663
