5 0.38961 0.536797 0.012987 0.008658
4 0.7574404761904762 0.46208112874779544 0.03174603174603177 0.11111111111111108
4 0.8469742063492063 0.4554673721340388 0.048115079365079506 0.1137566137566138
4 0.9387400793650792 0.49691358024691357 0.04910714285714292 0.12610229276895943
0 0.8750000000000001 0.7032627865961213 0.24900793650793707 0.28130511463844865
4 0.4940476190476191 0.6556437389770723 0.052579365079365135 0.1472663139329807
4 0.30778769841269843 0.527336860670194 0.040178571428571425 0.08641975308641975
4 0.27653769841269843 0.49867724867724866 0.04216269841269846 0.11022927689594354
1 0.3360615079365077 0.4082892416225748 0.2733134920634916 0.109347442680776
3 0.04737103174603174 0.40343915343915343 0.03224206349206349 0.09964726631393298
2 0.02926587301587302 0.4201940035273368 0.05853174603174604 0.09611992945326264
4 0.019097222222222224 0.6300705467372134 0.035218253968253975 0.14373897707231037
1 0.10565476190476185 0.6402116402116395 0.2113095238095237 0.2328042328042328
