5 0.45413999999999993 0.467532 0.015422 0.011544
6 0.4290674603174603 0.2879188712522046 0.04166666666666671 0.14197530864197536
4 0.5275297619047619 0.355379188712522 0.05803571428571431 0.14991181657848326
4 0.5667162698412699 0.45458553791887124 0.09573412698412696 0.1737213403880071
4 0.6604662698412699 0.5207231040564373 0.10267857142857154 0.1931216931216931
4 0.43179563492063494 0.40828924162257496 0.07589285714285715 0.15167548500881828
4 0.29067460317460325 0.5445326278659612 0.06448412698412699 0.2372134038800705
4 0.2534722222222222 0.41710758377425045 0.053571428571428575 0.17989417989417988
4 0.2142857142857143 0.4285714285714286 0.03670634920634921 0.1834215167548502
3 0.18700396825396826 0.41446208112874783 0.05952380952380956 0.14285714285714285
2 0.14037698412698396 0.4060846560846562 0.12996031746031736 0.16137566137566173
4 0.033482142857142856 0.5564373897707231 0.06597222222222222 0.2627865961199295
1 0.21626984126984067 0.7495590828924159 0.43253968253968134 0.35097001763668445
1 0.7001488095238095 0.451499118165785 0.5332341269841268 0.1746031746031752
