5 0.5937500000000001 0.495671 0.007305000000000001 0.012987
6 0.9780640668523679 0.8502785515320335 0.04387186629526454 0.29944289693593307
6 0.7152681058495821 0.9331476323119777 0.08147632311977716 0.13370473537604455
6 0.30083565459610023 0.2681058495821727 0.03290389972144848 0.14345403899721446
3 0.04504700557103064 0.38788300835654593 0.0430884401114206 0.1685236768802228
2 0.034079038997214484 0.38788300835654593 0.06815807799442897 0.15738161559888572
4 0.857851671309192 0.6295264623955432 0.10027855153203333 0.2284122562674095
4 0.564850278551532 0.4986072423398329 0.1128133704735376 0.1643454038997215
4 0.3850539693593314 0.4547353760445682 0.10889623955431758 0.17966573816155987
4 0.4015059192200557 0.33008356545961 0.08852715877437319 0.13649025069637882
4 0.21348363509749302 0.39415041782729804 0.09479456824512532 0.14484679665738162
4 0.2977019498607242 0.5431754874651811 0.15981894150417827 0.19777158774373263
4 0.10889623955431756 0.42270194986072424 0.10027855153203342 0.15738161559888575
4 0.09518628133704735 0.35863509749303624 0.05248955431754874 0.12674094707520897
4 0.023894498607242336 0.6121169916434542 0.046222144846796646 0.2688022284122565
1 0.5057016016713092 0.42061281337047346 0.4833739554317548 0.15041782729805014
1 0.13318245125348155 0.7096100278551528 0.2663649025069631 0.30779944289693567
