5 0.8731299999999999 0.681861 0.01015 0.010446
6 0.3270804317548746 0.31963788300835655 0.043088440111420635 0.16852367688022285
6 0.4590877437325905 0.6434540389972144 0.05797353760445681 0.22841225626740935
4 0.47945682451253463 0.4679665738161557 0.08461002785515301 0.16434540389972188
3 0.4833739554317548 0.4101671309192201 0.053272980501392765 0.1406685236768803
2 0.49473363509749296 0.40529247910863503 0.10576253481894156 0.16991643454039
4 0.7415128830083565 0.5793871866295265 0.06032381615598894 0.12534818941504183
4 0.7896935933147631 0.6093314763231198 0.1316155988857939 0.1573816155988858
4 0.3928882311977715 0.616991643454039 0.09792827298050134 0.20334261838440112
4 0.35254178272980496 0.6747910863509745 0.13161559888579383 0.18802228412256144
4 0.1559018105849582 0.6838440111420613 0.08461002785515317 0.21169916434540376
4 0.15159296657381613 0.5473537604456824 0.06502437325905291 0.17270194986072426
1 0.11947249303621169 0.42757660167130934 0.23894498607242337 0.18384401114206125
1 0.40542305013927554 0.7437325905292476 0.6525940111420608 0.3119777158774373
