5 0.6777600000000001 0.539683 0.008117 0.008658
6 0.6579861111111112 0.39021164021164023 0.033234126984126956 0.06613756613756613
4 0.6312003968253969 0.5048500881834215 0.02628968253968253 0.08730158730158735
4 0.6307043650793651 0.5493827160493824 0.032242063492063544 0.10934744268077512
1 0.8055555555555561 0.455467372134039 0.25595238095238154 0.10846560846560804
1 0.9585813492063491 0.6666666666666667 0.08283730158730165 0.17813051146384487
4 0.42832341269841273 0.47045855379188706 0.03918650793650798 0.08906525573192234
6 0.46701388888888884 0.38227513227513227 0.024305555555555643 0.0767195767195767
4 0.29166666666666663 0.39329805996472655 0.01984126984126984 0.07760141093474424
4 0.3134920634920635 0.5167548500881834 0.032738095238095184 0.1164021164021164
4 0.46205357142857145 0.7530864197530864 0.05704365079365076 0.14638447971781318
0 0.2259424603174603 0.6618165784832449 0.39434523809523797 0.23544973544973605
4 0.11706349206349205 0.9713403880070547 0.06051587301587302 0.05379188712522037
