5 0.7981832543443917 0.4747191011235955 0.011848341232227569 0.028089887640449406
4 0.9186507936507937 0.4638447971781305 0.06944444444444457 0.13051146384479714
4 0.5441468253968254 0.4911816578483245 0.05853174603174601 0.1499118165784833
6 0.4885912698412698 0.35714285714285715 0.037698412698412655 0.13227513227513232
4 0.5600198412698413 0.6472663139329806 0.04861111111111114 0.19223985890652556
4 0.6867559523809524 0.9153439153439155 0.052083333333333426 0.1640211640211639
0 0.7869543650793651 0.8461199294532626 0.4260912698412697 0.3042328042328037
4 0.3023313492063492 0.5127865961199295 0.056051587301587276 0.1472663139329807
4 0.2881944444444444 0.427689594356261 0.03373015873015877 0.13932980599647266
4 0.029265873015873013 0.41666666666666674 0.050595238095238096 0.15432098765432095
1 0.049107142857142835 0.5326278659611993 0.0962301587301587 0.16225749559082897
