5 0.7006319115323854 0.5189606741573034 0.01263823064770932 0.026685393258427018
3 0.3978174603174603 0.42548500881834217 0.07936507936507936 0.18959435626102297
2 0.4419642857142857 0.4329805996472663 0.12996031746031747 0.1763668430335097
4 0.5409226190476191 0.3910934744268077 0.04712301587301582 0.15961199294532627
4 0.5833333333333334 0.4272486772486772 0.05853174603174608 0.14726631393298056
4 0.20783730158730157 0.3395061728395062 0.05753968253968253 0.16754850088183423
1 0.06770833333333333 0.4753086419753087 0.13541666666666666 0.2257495590828924
4 0.2068452380952381 0.8390652557319224 0.06845238095238095 0.23192239858906533
4 0.45907738095238093 0.8972663139329805 0.11160714285714278 0.20194003527336846
4 0.8003472222222221 0.9620811287477953 0.07886904761904771 0.07054673721340386
1 0.4032738095238095 0.8258377425044091 0.7628968253968254 0.3483245149911817
