5 0.6058451816745656 0.5519662921348315 0.007898894154818379 0.02247191011235948
6 0.3323412698412699 0.33245149911816574 0.032738095238095254 0.11816578483245149
3 0.31845238095238093 0.4638447971781305 0.04067460317460316 0.10405643738977083
2 0.24355158730158732 0.4642857142857143 0.10416666666666664 0.14902998236331577
4 0.34523809523809523 0.4797178130511464 0.04761904761904759 0.1657848324514991
4 0.4131944444444444 0.3910934744268077 0.04067460317460323 0.1278659611992945
4 0.45882936507936506 0.4387125220458553 0.09722222222222221 0.11904761904761905
4 0.5218253968253969 0.4426807760141094 0.041666666666666644 0.1164021164021164
4 0.5262896825396826 0.4929453262786596 0.04960317460317462 0.15167548500881842
4 0.5525793650793651 0.42901234567901236 0.026785714285714305 0.1119929453262786
4 0.5696924603174603 0.4814814814814815 0.04414682539682538 0.16402116402116398
4 0.6572420634920636 0.42857142857142855 0.039682539682539826 0.14109347442680772
4 0.681547619047619 0.6181657848324515 0.10218253968253968 0.1728395061728395
1 0.6966765873015861 0.5026455026455029 0.4330357142857137 0.21340388007054734
4 0.15104166666666666 0.7874779541446205 0.10267857142857138 0.22045855379188695
1 0.24975198412698416 0.823192239858906 0.4995039682539682 0.35361552028218696
