5 0.09360189573459717 0.5547752808988764 0.01500789889415481 0.022471910112359623
1 0.24305555555555564 0.13051146384479723 0.22916666666666685 0.11463844797178148
3 0.011656746031746035 0.15828924162257482 0.021329365079365083 0.08730158730158727
4 0.24528769841269843 0.26322751322751325 0.03720238095238095 0.0925925925925926
1 0.08085317460317461 0.3765432098765433 0.16170634920634921 0.2328042328042329
6 0.5687003968253969 0.08333333333333331 0.02033730158730158 0.07671957671957673
4 0.5615079365079365 0.16313932980599646 0.019841269841269736 0.06878306878306878
4 0.712797619047619 0.21649029982363313 0.025793650793650754 0.06613756613756613
4 0.6669146825396826 0.5996472663139331 0.0431547619047619 0.14638447971781296
0 0.7301587301587276 0.3985890652557322 0.311507936507936 0.23985890652557323
4 0.47842261904761896 0.7464726631393299 0.04910714285714285 0.18077601410934746
4 0.6391369047619048 0.8835978835978835 0.04712301587301582 0.1604938271604938
4 0.9409722222222223 0.9620811287477955 0.04067460317460316 0.0740740740740742
4 0.4471726190476191 0.8271604938271605 0.061011904761904746 0.11816578483245166
4 0.300843253968254 0.7619047619047618 0.06101190476190478 0.10758377425044088
