5 0.4861769352290679 0.7521067415730337 0.011848341232227498 0.02106741573033702
6 0.21577380952380953 0.3430335097001764 0.04960317460317462 0.13403880070546736
4 0.48586309523809523 0.48633156966490304 0.10069444444444443 0.19488536155202824
4 0.4464285714285714 0.5978835978835979 0.11210317460317462 0.1393298059964728
4 0.527281746031746 0.626984126984127 0.0744047619047619 0.12698412698412703
4 0.6232638888888888 0.6895943562610227 0.10664682539682552 0.19400352733686063
3 0.6245039682539683 0.5533509700176367 0.09920634920634931 0.12257495590828932
2 0.663938492063492 0.5185185185185186 0.12251984126984126 0.16402116402116407
4 0.7393353174603174 0.5471781305114639 0.06299603174603177 0.20546737213403887
4 0.792906746031746 0.5793650793650794 0.05307539682539669 0.1940035273368607
1 0.19146825396825387 0.5599647266313931 0.3829365079365077 0.21164021164021166
1 0.6470734126984128 0.8575837742504404 0.7058531746031733 0.2848324514991182
