5 0.430856 0.6137229999999999 0.007679 0.012464
3 0.07142857142857142 0.6102292768959435 0.05257936507936509 0.14991181657848324
6 0.07762896825396826 0.8637566137566136 0.051091269841269826 0.2671957671957672
2 0.006944444444444441 0.6071428571428564 0.01388888888888888 0.12257495590828943
1 0.41716269841269804 0.6071428571428572 0.4255952380952379 0.15784832451499128
4 0.486359126984127 0.5427689594356261 0.04513888888888886 0.10141093474426817
4 0.540922619047619 0.7367724867724869 0.06795634920634917 0.18959435626102292
4 0.486111111111111 0.6031746031746029 0.08035714285714263 0.13756613756613756
4 0.5602678571428572 0.5511463844797178 0.07291666666666657 0.1428571428571429
4 0.6436011904761905 0.6155202821869489 0.05307539682539677 0.14991181657848324
4 0.6465773809523809 0.5758377425044091 0.08085317460317462 0.13580246913580246
4 0.7884424603174602 0.5776014109347443 0.056051587301587345 0.1287477954144621
4 0.2881944444444444 0.6675485008818342 0.11805555555555557 0.15696649029982374
6 0.800843253968254 0.9484126984126985 0.051091269841269736 0.10141093474426796
1 0.1736111111111111 0.8880070546737211 0.3472222222222222 0.2239858906525578
