5 0.6631121642969984 0.7998595505617979 0.02448657187993689 0.05196629213483135
3 0.3686020194986074 0.4554317548746518 0.19507311977715894 0.4707520891364903
2 0.1633443593314763 0.4867688022284122 0.2546135097493036 0.469359331476323
4 0.20956650417827297 0.3725626740947075 0.1198642061281337 0.4303621169916434
4 0.28595055710306405 0.35236768802228413 0.08147632311977716 0.36768802228412256
4 0.5801270891364902 0.45891364902506965 0.16530292479108633 0.4860724233983287
4 0.5879613509749303 0.38440111420612816 0.14650069637882993 0.4930362116991644
4 0.8457085654596099 0.4108635097493037 0.12926532033426186 0.4679665738161561
4 0.8124129526462397 0.5041782729805011 0.3635097493036214 0.6267409470752089
1 0.6134227019498603 0.4415041782729803 0.43088440111420573 0.14763231197771545
