5 0.4330289193302892 0.45128552097428953 0.009132420091324249 0.01217861975642755
6 0.7689327994428968 0.40041782729805014 0.0383878830083566 0.1573816155988858
3 0.9405031337047354 0.5508356545961003 0.043088440111420566 0.19637883008356546
2 0.9814153899721447 0.5668523676880226 0.037169220055710446 0.16713091922005577
4 0.8182886490250696 0.5438718662952646 0.06189066852367688 0.20194986072423413
4 0.7481720055710306 0.5132311977715878 0.07677576601671304 0.18245125348189412
4 0.6294829387186629 0.45543175487465176 0.04935584958217262 0.16155988857938716
4 0.5554491643454038 0.4157381615598886 0.0814763231197771 0.14902506963788298
4 0.45477889972144836 0.38579387186629527 0.0775591922005571 0.14763231197771584
4 0.5440894846796657 0.6364902506963788 0.06345752089136489 0.23676880222841235
4 0.2389449860724234 0.5027855153203342 0.0783426183844011 0.16155988857938708
4 0.18723885793871864 0.47214484679665736 0.06580779944289691 0.15598885793871872
4 0.12025591922005568 0.6956824512534818 0.14180013927576599 0.2381615598885795
1 0.46966399721448426 0.5891364902506966 0.5209784122562666 0.19220055710306375
1 0.8115860027855146 0.8850974930362117 0.3768279944289689 0.22980501392757685
