5 0.10860979462875196 0.5372191011235955 0.011848341232227479 0.015449438202247236
4 0.03343023255813954 0.5439276485788114 0.056686046511627904 0.13953488372093026
4 0.5723110465116279 0.516795865633075 0.05741279069767444 0.13178294573643407
4 0.6649709302325582 0.6479328165374676 0.09738372093023258 0.20284237726098198
4 0.7009447674418604 0.8811369509043928 0.102470930232558 0.22739018087855287
4 0.701671511627907 0.48385012919896636 0.05014534883720913 0.13824289405684753
4 0.7623546511627908 0.5232558139534883 0.03343023255813961 0.1576227390180879
4 0.8430232558139535 0.5549095607235143 0.043604651162790733 0.17700258397932828
4 0.9516715116279068 0.5885012919896639 0.037063953488372256 0.19250645994832064
5 1.0719476744186047 0.5342377260981912 0.047965116279069804 0.0038759689922481045
3 1.0501453488372092 0.5742894056847545 0.03343023255813946 0.03229974160206716
3 0.8786337209302326 0.5536175710594315 0.042151162790697756 0.15891472868217066
1 0.5185319767441858 0.5813953488372091 0.43095930232558133 0.17054263565891398
1 0.8194040697674418 0.8669250645994829 0.36119186046511603 0.26614987080103314
1 1.0370639534883719 0.7448320413436693 0.024709302325581318 0.10206718346253225
2 0.9578488372093023 0.5729974160206719 0.08430232558139536 0.1640826873385013
