5 0.6986571879936809 0.4634831460674157 0.011848341232227569 0.016853932584269628
6 0.22346230158730157 0.21296296296296297 0.02033730158730158 0.12081128747795415
3 0.32961309523809523 0.2848324514991182 0.04513888888888886 0.12345679012345684
2 0.35590277777777773 0.28395061728395066 0.07787698412698411 0.11287477954144624
4 0.6145833333333333 0.37169312169312163 0.04067460317460309 0.1049382716049383
4 0.48313492063492064 0.4475308641975309 0.05257936507936506 0.08730158730158727
4 0.43948412698412703 0.4052028218694885 0.043650793650793676 0.11022927689594354
4 0.36061507936507936 0.4122574955908289 0.05357142857142861 0.1261022927689595
4 0.22569444444444442 0.5895061728395062 0.060515873015873 0.1313932980599646
4 0.47346230158730146 0.5524691358024688 0.04017857142857148 0.15608465608465605
1 0.07886904761904762 0.30511463844797204 0.15773809523809523 0.17989417989417994
1 0.36408730158730107 0.5956790123456788 0.4632936507936502 0.32186948853615394
