5 0.49552299999999994 0.618188 0.010175 0.013114
4 0.14632936507936506 0.6829805996472663 0.05456349206349207 0.19664902998236328
1 0.2048611111111111 0.6146384479717812 0.4017857142857143 0.17283950617283947
4 0.49503968253968256 0.5167548500881834 0.0625 0.09171075837742507
4 0.5796130952380952 0.533068783068783 0.04513888888888886 0.11022927689594361
4 0.6376488095238095 0.5696649029982364 0.054067460317460174 0.11816578483245159
4 0.6567460317460317 0.5044091710758377 0.05357142857142861 0.10934744268077608
4 0.7614087301587301 0.5216049382716049 0.04464285714285708 0.13139329805996475
4 0.6200396825396826 0.6441798941798942 0.07242063492063487 0.13139329805996483
4 0.7125496031746029 0.7394179894179893 0.08085317460317469 0.16490299823633145
6 0.6545138888888888 0.9466490299823633 0.04414682539682552 0.09259259259259252
0 0.968253968253967 0.9100529100529101 0.0634920634920633 0.17989417989417963
1 0.036954365079365094 0.9171075837742504 0.07390873015873017 0.16402116402116398
6 0.013392857142857149 0.9175485008818343 0.026785714285714298 0.14902998236331552
