5 0.854314956386947 0.5374602183033792 0.011869112178540036 0.01582826125494897
4 0.8618551587301587 0.46516754850088177 0.03720238095238102 0.12610229276895943
4 0.45188492063492064 0.6829805996472663 0.05753968253968253 0.18077601410934763
4 0.3097718253968254 0.7918871252204585 0.061011904761904746 0.2098765432098766
4 0.16195436507936506 0.6203703703703703 0.10168650793650795 0.13668430335097007
4 0.4188988095238095 0.43033509700176364 0.06398809523809526 0.10229276895943563
4 0.30778769841269843 0.4444444444444444 0.0669642857142857 0.12698412698412695
4 0.1892361111111111 0.4395943562610229 0.03621031746031747 0.12610229276895943
6 0.5158730158730159 0.39197530864197533 0.03174603174603177 0.1137566137566138
1 0.792906746031746 0.527336860670194 0.41121031746031744 0.1463844797178131
1 0.9590773809523809 0.8148148148148158 0.08184523809523797 0.1975308641975307
0 0.0863095238095238 0.838624338624339 0.1726190476190476 0.26455026455026437
