5 0.8887989999999999 0.624098 0.016234 0.010101
4 0.8401162790697674 0.4689922480620156 0.0508720930232559 0.11627906976744193
4 0.8728197674418604 0.8662790697674418 0.13517441860465126 0.18992248062015504
4 0.7252906976744186 0.47480620155038755 0.08720930232558131 0.12790697674418594
4 0.6827761627906977 0.40310077519379844 0.07776162790697683 0.08785529715762273
4 0.29433139534883723 0.7978036175710593 0.1104651162790698 0.15891472868217066
4 0.26344476744186046 0.48837209302325574 0.041424418604651195 0.10077519379844951
4 0.2078488372093023 0.47609819121447033 0.04069767441860463 0.13049095607235145
1 0.18132267441860464 0.4263565891472868 0.3001453488372093 0.11627906976744186
1 0.03234011627906977 0.6317829457364341 0.061773255813953494 0.18346253229974166
0 0.7946947674418604 0.6731266149870799 0.4106104651162791 0.263565891472868
