5 0.846154 0.652422 0.00641 0.018044
6 0.4310515873015873 0.26631393298059963 0.051587301587301584 0.17989417989417988
3 0.5543154761904762 0.3708112874779541 0.05803571428571431 0.1525573192239859
2 0.5771329365079364 0.3641975308641975 0.11061507936507929 0.16402116402116398
4 0.7361111111111112 0.5617283950617284 0.046626984126984045 0.17636684303350975
4 0.7103174603174602 0.623015873015873 0.0863095238095238 0.19488536155202837
6 0.5084325396825397 0.5828924162257496 0.04960317460317455 0.24867724867724875
4 0.4717261904761905 0.43562610229276894 0.0505952380952381 0.15873015873015872
4 0.4729662698412698 0.5767195767195767 0.07390873015873012 0.14109347442680778
4 0.41865079365079366 0.5921516754850089 0.05059523809523803 0.2301587301587302
4 0.34697420634920634 0.5833333333333334 0.09275793650793655 0.19664902998236344
4 0.23759920634920634 0.5577601410934744 0.05456349206349206 0.2195767195767197
4 0.16617063492063494 0.41666666666666674 0.08432539682539683 0.17901234567901234
1 0.15277777777777776 0.3915343915343915 0.3055555555555555 0.20811287477954143
1 0.4880952380952377 0.7014991181657848 0.6646825396825384 0.3148148148148141
