5 0.530844 0.55772 0.006494 0.010101
4 0.5567956349206347 0.42504409171075813 0.06498015873015928 0.18871252204585487
3 0.5935019841269841 0.5939153439153438 0.08878968253968257 0.2654320987654318
2 0.705109126984127 0.6313932980599648 0.1780753968253967 0.23456790123456797
4 0.4818948412698413 0.5515873015873015 0.08978174603174609 0.2160493827160493
4 0.42807539682539686 0.7358906525573192 0.08234126984126988 0.27248677248677244
4 0.20882936507936506 0.8461199294532628 0.11805555555555555 0.2918871252204586
6 0.2958829365079365 0.3955026455026455 0.04811507936507937 0.18783068783068785
4 0.022817460317460316 0.5970017636684303 0.04265873015873016 0.2627865961199295
1 0.14980158730158713 0.7063492063492066 0.29960317460317426 0.28571428571428553
1 0.6855158730158726 0.9506172839506172 0.6289682539682535 0.09347442680775993
