5 0.514612954186414 0.40800561797752805 0.013428120063191145 0.023876404494382015
6 0.3350694444444444 0.2852733686067019 0.03323412698412703 0.10317460317460313
3 0.17509920634920634 0.4360670194003527 0.035714285714285726 0.12786596119929455
2 0.10788690476190477 0.44973544973544977 0.09077380952380952 0.12698412698412703
4 0.2306547619047619 0.4942680776014109 0.044642857142857116 0.13139329805996475
4 0.3618551587301587 0.6618165784832452 0.04811507936507937 0.16490299823633145
4 0.5577876984126984 0.4118165784832452 0.026289682539682602 0.12698412698412703
4 0.4595734126984127 0.34523809523809523 0.02628968253968246 0.10670194003527332
4 0.43030753968253976 0.359347442680776 0.030257936507936522 0.11022927689594354
1 0.49082341269841295 0.4656084656084656 0.3377976190476188 0.1816578483245155
1 0.16617063492063486 0.7896825396825402 0.3323412698412697 0.35714285714285604
4 0.5892857142857142 0.5921516754850077 0.03968253968253992 0.1666666666666665
4 0.7413194444444439 0.5551146384479714 0.032242063492063926 0.16666666666666663
4 0.8598710317460316 0.4113756613756614 0.042162698412698346 0.07319223985890652
4 0.9578373015873015 0.468694885361552 0.048611111111111 0.08201058201058203
4 0.984375 0.6009700176366843 0.03125 0.16490299823633164
4 0.8030753968253969 0.9329805996472663 0.07738095238095241 0.13227513227513243
6 0.4459325396825397 0.9462081128747795 0.07638888888888885 0.10758377425044102
