5 0.821023 0.4177489999999999 0.007305000000000001 0.010101
3 0.5358635097493035 0.5459610027855154 0.03917130919220049 0.19777158774373263
2 0.47632311977715847 0.5522284122562673 0.1645194986072422 0.18523676880222822
4 0.9318854456824512 0.5083565459610029 0.11202994428969362 0.20334261838440107
4 0.8308234679665738 0.5912256267409471 0.14023328690807801 0.2158774373259053
4 0.6901984679665736 0.5111420612813371 0.05797353760445688 0.20891364902506965
4 0.6412343314763231 0.5717270194986073 0.05719011142061291 0.23816155988857937
4 0.57033426183844 0.6030640668523677 0.06110724233983291 0.2367688022284122
4 0.49825905292479106 0.6629526462395543 0.07207520891364907 0.1476323119777158
4 0.5844359331476322 0.9213091922005572 0.11751392757660163 0.1462395543175488
4 0.4771065459610027 0.8809192200557103 0.06894150417827291 0.23259052924791093
4 0.48063196378830075 0.7729805013927575 0.08382660167130908 0.20055710306406696
1 0.4414606545961003 0.8816155988857939 0.8092792479108636 0.2367688022284121
1 0.9024634401114204 0.6065459610027856 0.19507311977715872 0.23816155988857943
