5 0.9017859999999999 0.450938 0.006494 0.012987
3 0.15600198412698413 0.34347442680776014 0.03422619047619047 0.12786596119929453
4 0.12450396825396826 0.36419753086419754 0.042658730158730174 0.14462081128747795
2 0.10590277777777779 0.322310405643739 0.07986111111111112 0.12610229276895943
4 0.21825396825396826 0.3765432098765432 0.05357142857142854 0.1128747795414462
4 0.24875992063492064 0.4228395061728395 0.050099206349206366 0.11904761904761912
4 0.6369047619047619 0.3271604938271605 0.046626984126984045 0.10582010582010583
4 0.5989583333333333 0.43738977072310403 0.047123015873015886 0.11111111111111115
4 0.6393849206349206 0.44223985890652556 0.05158730158730151 0.09788359788359792
4 0.470734126984127 0.7151675485008817 0.07440476190476182 0.2098765432098766
4 0.6423611111111112 0.8637566137566138 0.09623015873015874 0.2442680776014109
6 0.9670138888888888 0.9492945326278659 0.04910714285714292 0.09964726631393318
1 0.48115079365079283 0.33377425044091724 0.35218253968253904 0.13492063492063544
1 0.17187499999999997 0.5903880070546731 0.34374999999999983 0.2760141093474433
