5 0.35817299999999996 0.526116 0.008013 0.009972
6 0.7457837301587301 0.4069664902998237 0.03819444444444443 0.13492063492063486
4 0.8804563492063491 0.5537918871252204 0.06746031746031733 0.11816578483245152
4 0.9650297619047618 0.48236331569664903 0.03819444444444443 0.11992945326278658
3 0.9868551587301587 0.5947971781305115 0.02628968253968253 0.14550264550264566
4 0.3831845238095238 0.46208112874779544 0.04117063492063494 0.10405643738977069
4 0.15376984126984128 0.5317460317460317 0.04960317460317459 0.14109347442680778
4 0.3043154761904762 0.6318342151675485 0.06696428571428573 0.15784832451499115
4 0.386656746031746 0.6084656084656085 0.04712301587301582 0.1463844797178131
1 0.5555555555555554 0.6049382716049381 0.4553571428571426 0.16754850088183468
4 0.3740079365079365 0.8584656084656085 0.0625 0.19664902998236328
1 0.8172123015873015 0.8906525573192244 0.36458333333333326 0.2169312169312181
