5 0.37559241706161145 0.56811797752809 0.013428120063191145 0.02106741573033709
6 0.10466269841269842 0.4841269841269842 0.038690476190476206 0.19047619047619052
3 0.19642857142857142 0.6119929453262788 0.04960317460317462 0.16225749559082892
2 0.13442460317460317 0.6150793650793651 0.12301587301587301 0.19488536155202815
4 0.23561507936507942 0.6798941798941799 0.05357142857142861 0.22398589065255742
4 0.28720238095238093 0.4995590828924162 0.05257936507936506 0.14726631393298056
4 0.32242063492063494 0.5895061728395062 0.0674603174603175 0.16666666666666663
4 0.46999007936507936 0.4404761904761905 0.05307539682539684 0.12257495590828932
4 0.484375 0.3796296296296296 0.03918650793650784 0.1490299823633157
4 0.5066964285714286 0.5692239858906525 0.047123015873015976 0.17548500881834214
4 0.6187996031746033 0.5687830687830687 0.07688492063492064 0.18518518518518526
1 0.7051091269841262 0.6208112874779539 0.5451388888888883 0.24691358024691404
1 0.267361111111111 0.9166666666666667 0.534722222222222 0.1666666666666666
