5 0.479148 0.62712 0.006296 0.007801
4 0.7693245125348188 0.5536211699164346 0.05327298050139291 0.12395543175487468
6 0.6874564763231197 0.9456824512534819 0.04778899721448468 0.10306406685236766
4 0.636925487465181 0.5243732590529249 0.06737465181058497 0.12116991643454042
4 0.6130309888579387 0.5772980501392757 0.06815807799442901 0.1128133704735376
4 0.6055884401114207 0.7249303621169916 0.1034122562674095 0.14345403899721446
4 0.567983983286908 0.6239554317548747 0.08931058495821716 0.10584958217270199
4 0.5386055013927575 0.5403899721448469 0.06815807799442894 0.10306406685236773
4 0.1758791782729805 0.66016713091922 0.04935584958217266 0.18662952646239547
1 0.24403725626740944 0.607938718662953 0.4692722841225626 0.1685236768802229
6 0.011751392757660168 0.9094707520891353 0.023502785515320333 0.18105849582172603
1 0.08382660167130916 0.9115598885793871 0.16765320334261832 0.1768802228412256
