5 0.466721 0.671717 0.00974 0.018759
3 0.5868055555555556 0.5207231040564374 0.0744047619047619 0.1261022927689595
2 0.5825892857142858 0.49647266313932986 0.12648809523809532 0.17989417989417994
4 0.7217261904761904 0.482363315696649 0.060515873015873044 0.17460317460317462
4 0.78125 0.548941798941799 0.05158730158730151 0.18077601410934754
4 0.8110119047619048 0.4713403880070547 0.05357142857142861 0.1701940035273369
4 0.9635416666666667 0.6027336860670194 0.07291666666666657 0.20546737213403873
4 0.47346230158730157 0.7156084656084656 0.18700396825396823 0.1772486772486772
4 0.41666666666666674 0.7182539682539684 0.05952380952380956 0.2160493827160495
4 0.3368055555555556 0.5789241622574955 0.07440476190476193 0.2195767195767197
4 0.19072420634920634 0.5767195767195767 0.08581349206349205 0.20105820105820107
1 0.5654761904761905 0.8540564373897707 0.7480158730158729 0.2883597883597882
1 0.9444444444444442 0.5396825396825397 0.1111111111111109 0.15520282186948842
