5 0.3977093206951027 0.8300561797752809 0.01658767772511851 0.028089887640449406
6 0.6079387186629526 0.1267409470752089 0.04700557103064071 0.09749303621169915
4 0.5715094011142061 0.47214484679665747 0.06972493036211695 0.11699164345403894
4 0.6208652506963788 0.605849582172702 0.07285863509749319 0.18662952646239553
4 0.4183495821727019 0.3739554317548746 0.10027855153203348 0.13788300835654593
3 0.3956302228412256 0.2736768802228412 0.045438718662952626 0.1545961002785515
2 0.38622910863509746 0.2848189415041783 0.10967966573816156 0.1434540389972145
4 0.5346883704735376 0.2116991643454039 0.05875696378830078 0.1253481894150418
4 0.17783774373259054 0.46448467966573814 0.061107242339832855 0.15459610027855156
1 0.8078864902506965 0.34052924791086353 0.3842270194986072 0.21587743732590528
1 0.3392235376044567 0.65041782729805 0.573467966573816 0.3927576601671315
