5 0.5880290000000001 0.538562 0.007029 0.009997
4 0.6445932539682541 0.5449735449735449 0.06894841269841273 0.12345679012345677
4 0.6505456349206349 0.6715167548500881 0.050099206349206324 0.1596119929453262
4 0.45808531746031744 0.8650793650793651 0.07291666666666671 0.2433862433862433
4 0.37971230158730157 0.6657848324514991 0.05803571428571431 0.16225749559082886
4 0.2542162698412699 0.533068783068783 0.04414682539682541 0.14021164021164018
4 0.2978670634920635 0.4466490299823633 0.051091269841269875 0.14197530864197533
4 0.24429563492063494 0.4585537918871252 0.040178571428571425 0.14109347442680772
4 0.09598214285714285 0.5705467372134039 0.06299603174603172 0.1763668430335097
0 0.19866071428571427 0.8606701940035273 0.3973214285714285 0.27865961199294487
1 0.9588293650793651 0.5895061728395062 0.08234126984126988 0.12962962962962968
