5 0.871261 0.6723649999999999 0.011752 0.014245
3 0.5107938718662952 0.3969359331476323 0.04700557103064071 0.15877437325905297
2 0.5198032729805013 0.39763231197771587 0.11046309192200553 0.16295264623955433
6 0.35489206128133705 0.3119777158774373 0.04073816155988851 0.1727019498607242
6 0.4700557103064067 0.628133704735376 0.05954038997214489 0.23398328690807793
4 0.48454909470752083 0.4456824512534818 0.11986420612813362 0.15598885793871864
4 0.7375957520891364 0.6204735376044569 0.07129178272980496 0.15181058495821736
4 0.7446465877437325 0.5724233983286908 0.11673050139275759 0.15598885793871864
4 0.41012360724233976 0.6107242339832869 0.08852715877437334 0.20194986072423413
4 0.34392409470752083 0.6469359331476323 0.06894150417827301 0.2186629526462395
4 0.2072162256267409 0.6518105849582173 0.08225974930362114 0.20891364902506965
4 0.18097144846796656 0.5550139275766016 0.053272980501392765 0.2019498607242339
1 0.13004874651810586 0.4233983286908077 0.26009749303621166 0.19498607242339838
1 0.42931754874651806 0.7270194986072408 0.6580779944289694 0.30083565459609984
