5 0.537338 0.7979800000000001 0.014610000000000001 0.01443
4 0.8244912790697674 0.6195090439276485 0.1286337209302326 0.26485788113695086
4 0.5563226744186046 0.5781653746770026 0.06904069767441862 0.21317829457364332
4 0.3877180232558139 0.5077519379844961 0.05450581395348841 0.227390180878553
6 0.35537790697674415 0.27519379844961234 0.05232558139534889 0.14470284237726097
4 0.24890988372093023 0.4270025839793281 0.04723837209302324 0.18475452196382428
4 0.21947674418604649 0.4089147286821705 0.04069767441860467 0.17700258397932814
3 0.12899709302325582 0.41666666666666674 0.07485465116279069 0.15633074935400515
4 0.019258720930232558 0.48385012919896636 0.038517441860465115 0.19767441860465113
4 0.047601744186046506 0.44702842377260976 0.04578488372093023 0.1782945736434109
2 0.07812499999999994 0.38888888888888895 0.10973837209302316 0.13953488372093037
1 0.5839389534883721 0.4315245478036176 0.4992732558139535 0.1472868217054264
1 0.17042151162790678 0.7144702842377252 0.34084302325581356 0.31007751937984457
