5 0.456002 0.584909 0.006799 0.009065
6 0.4890873015873015 0.4673721340388007 0.025793650793650827 0.15167548500881836
4 0.783234126984127 0.4925044091710758 0.03571428571428584 0.12786596119929455
4 0.8995535714285714 0.48500881834215165 0.03918650793650784 0.12345679012345677
4 0.9806547619047619 0.6812169312169312 0.038690476190476206 0.17724867724867735
4 0.7398313492063493 0.654320987654321 0.057043650793650896 0.16049382716049393
4 0.8670634920634922 0.9440035273368607 0.060515873015873044 0.10493827160493822
1 0.39012896825396803 0.6150793650793649 0.45287698412698413 0.16137566137566156
1 0.1569940476190476 0.8959435626102287 0.3139880952380952 0.2081128747795427
3 0.016121031746031748 0.6062610229276897 0.032242063492063495 0.1666666666666667
