5 0.746347 0.628427 0.008929 0.015873
3 0.15128968253968253 0.42857142857142855 0.05952380952380954 0.12345679012345684
2 0.031994047619047616 0.4268077601410934 0.06398809523809523 0.14285714285714285
6 0.07738095238095237 0.7663139329805996 0.11011904761904762 0.26631393298059947
4 0.5007440476190476 0.533068783068783 0.13640873015873012 0.16313932980599652
4 0.6607142857142857 0.4223985890652557 0.08234126984126981 0.13756613756613753
4 0.8050595238095238 0.5731922398589065 0.12301587301587304 0.19929453262786595
4 0.408234126984127 0.7940917107583775 0.10714285714285715 0.2513227513227513
1 0.4883432539682538 0.4462081128747797 0.42906746031746024 0.17636684303350986
1 0.14533730158730154 0.7835097001763666 0.2906746031746031 0.36243386243386255
