5 0.7648401826484019 0.7841677943166441 0.013698630136986339 0.020297699594046037
3 0.12996031746031744 0.4510582010582011 0.053571428571428575 0.15255731922398597
2 0.052827380952380994 0.468694885361552 0.10466269841269848 0.15079365079365087
4 0.22966269841269843 0.44223985890652556 0.0625 0.1313932980599647
4 0.33903769841269843 0.4986772486772486 0.04613095238095241 0.1578483245149912
4 0.6411210317460317 0.4162257495590829 0.03918650793650791 0.1287477954144621
4 0.6755952380952381 0.40123456790123463 0.047619047619047554 0.12345679012345673
4 0.7113095238095238 0.4541446208112875 0.09027777777777772 0.11992945326278658
4 0.8149801587301587 0.42857142857142855 0.09226190476190482 0.14109347442680772
4 0.8110119047619048 0.49823633156966496 0.05357142857142861 0.13403880070546742
4 0.9221230158730158 0.8915343915343908 0.15575396825396814 0.21693121693121653
6 0.009424603174603172 0.6089065255731917 0.01884920634920634 0.17019400352733705
1 0.1793154761904762 0.769841269841269 0.35863095238095233 0.2962962962962965
1 0.5086805555555557 0.4788359788359787 0.409226190476191 0.14638447971781285
