5 0.466901 0.631164 0.005958 0.010592
6 0.7007747214484678 0.953342618384401 0.0383878830083566 0.09331476323119774
6 0.015668523676880222 0.9080779944289694 0.031337047353760444 0.18384401114206128
4 0.18606371866295263 0.6511142061281338 0.04152158774373262 0.1768802228412256
4 0.5883530640668525 0.7284122562674092 0.10654596100278542 0.1643454038997214
4 0.7642322423398328 0.5515320334261838 0.05092270194986071 0.13370473537604455
4 0.6298746518105849 0.5250696378830084 0.050139275766016594 0.1114206128133705
4 0.6075470055710306 0.5835654596100279 0.05405640668523674 0.1114206128133705
4 0.49786733983286907 0.5633704735376044 0.075992339832869 0.1406685236768802
4 0.5515320334261838 0.5348189415041783 0.06267409470752092 0.12256267409470752
4 0.5562325905292478 0.6364902506963789 0.0814763231197771 0.08913649025069638
1 0.2624477715877435 0.6079387186629526 0.4559540389972141 0.168523676880223
1 0.09205257660167128 0.9052924791086344 0.18410515320334253 0.1894150417827296
