5 0.551964 0.516259 0.004973 0.007859
6 0.3115079365079365 0.40343915343915343 0.03670634920634914 0.14373897707231045
4 0.5009920634920636 0.45458553791887124 0.03670634920634924 0.12081128747795412
4 0.5962301587301587 0.47222222222222227 0.05456349206349209 0.11728395061728399
4 0.8325892857142858 0.6261022927689593 0.05406746031746039 0.15873015873015867
4 0.6907242063492063 0.6957671957671957 0.06597222222222228 0.1604938271604938
4 0.4134424603174603 0.8029100529100529 0.07688492063492064 0.20546737213403873
4 0.2309027777777778 0.5665784832451499 0.04216269841269838 0.13315696649029987
4 0.19766865079365079 0.6283068783068784 0.04811507936507937 0.17195767195767198
4 0.7147817460317459 0.954144620811287 0.07242063492063511 0.08641975308641892
0 0.630456349206349 0.8214285714285708 0.6011904761904762 0.279541446208113
