5 0.658279 0.525253 0.008117 0.017316
3 0.28695436507936506 0.44223985890652556 0.08779761904761908 0.13315696649029987
2 0.18526785714285715 0.40828924162257496 0.12648809523809526 0.15873015873015872
6 0.0533234126984127 0.7160493827160493 0.1066468253968254 0.2733686067019399
4 0.7661210317460316 0.5612874779541446 0.14037698412698418 0.22839506172839508
4 0.6743551587301587 0.40652557319223986 0.07787698412698411 0.1657848324514991
4 0.5188492063492063 0.5149911816578484 0.12896825396825398 0.17813051146384482
4 0.36681547619047605 0.6750440917107577 0.10664682539682561 0.23721340388007026
1 0.7318948412698413 0.4528218694885365 0.5223214285714287 0.19841269841269898
1 0.2442956349206349 0.8037918871252203 0.4885912698412697 0.3924162257495585
