5 0.4423380726698262 0.5667134831460674 0.011058451816745673 0.026685393258427014
0 0.8442460317460311 0.4184303350970018 0.31150793650793607 0.31657848324514987
6 0.4288194444444444 0.026014109347442683 0.02232142857142854 0.04673721340388007
1 0.3028273809523807 0.059082892416225746 0.2683531746031744 0.11816578483245149
3 0.021825396825396824 0.0582010582010582 0.04365079365079365 0.08112874779541446
2 0.022073412698412696 0.0462962962962963 0.04414682539682539 0.082010582010582
4 0.4538690476190476 0.18959435626102294 0.03571428571428569 0.10758377425044094
4 0.535218253968254 0.3712522045855379 0.037698412698412655 0.12698412698412695
4 0.5379464285714285 0.6168430335097002 0.06498015873015874 0.1649029982363315
4 0.5669642857142856 0.6380070546737213 0.058531746031745886 0.175485008818342
4 0.2604166666666667 0.5361552028218695 0.066468253968254 0.11111111111111115
4 0.2651289682539682 0.4351851851851852 0.041170634920634906 0.10670194003527335
1 0.09623015873015868 0.31261022927689575 0.19246031746031736 0.2760141093474427
