5 0.300731 0.7121210000000001 0.007305000000000001 0.010101
3 0.5503472222222222 0.5471781305114639 0.08878968253968253 0.12081128747795418
2 0.5349702380952381 0.5211640211640212 0.1304563492063492 0.1763668430335097
4 0.6768353174603174 0.5132275132275133 0.04811507936507922 0.18871252204585537
4 0.7710813492063493 0.554673721340388 0.060019841269841265 0.18871252204585537
4 0.7822420634920636 0.4814814814814815 0.052579365079365205 0.18165784832451506
4 0.9050099206349208 0.5793650793650794 0.08978174603174593 0.1728395061728395
1 0.9193948412698413 0.5793650793650794 0.15922619047619035 0.1992945326278661
4 0.6676587301587302 0.7336860670194002 0.12599206349206318 0.20105820105820135
4 0.4565972222222222 0.7879188712522045 0.10367063492063494 0.2107583774250442
4 0.3824404761904762 0.5533509700176367 0.08134920634920632 0.16313932980599638
4 0.261656746031746 0.5595238095238095 0.06498015873015878 0.1684303350970017
1 0.511656746031746 0.8602292768959439 0.7594246031746031 0.2795414462081124
