5 0.5947867298578199 0.8061797752808989 0.015797788309636615 0.022471910112359557
6 0.3740079365079365 0.2037037037037037 0.037698412698412655 0.14638447971781304
3 0.808531746031746 0.2605820105820106 0.04960317460317469 0.12786596119929455
2 0.8313492063492063 0.23897707231040563 0.0863095238095238 0.126984126984127
4 0.5543154761904762 0.5365961199294533 0.05307539682539684 0.1701940035273369
4 0.6941964285714286 0.7843915343915344 0.08680555555555557 0.18959435626102292
4 0.4494047619047619 0.44885361552028213 0.04464285714285715 0.14462081128747792
4 0.1056547619047619 0.45370370370370366 0.07142857142857141 0.12786596119929455
1 0.44196428571428553 0.2363315696649029 0.36011904761904745 0.16225749559082916
1 0.7787698412698388 0.5348324514991182 0.44246031746031667 0.30070546737213405
