5 0.3167456556082148 0.5182584269662921 0.011058451816745639 0.014044943820224703
4 0.24751984126984083 0.5374779541446209 0.04265873015873052 0.1684303350970019
4 0.2802579365079365 0.45811287477954143 0.03670634920634917 0.12962962962962976
3 0.7948908730158729 0.5837742504409171 0.06001984126984141 0.16049382716049387
2 0.8591269841269841 0.5983245149911817 0.11607142857142846 0.1719576719576719
4 0.7834821428571428 0.4748677248677249 0.04117063492063508 0.14021164021164026
4 0.7026289682539683 0.6044973544973544 0.055059523809523794 0.1931216931216931
4 0.6091269841269841 0.5965608465608466 0.0625 0.16490299823633164
4 0.5525793650793651 0.5449735449735449 0.048611111111111 0.16225749559082892
4 0.4945436507936508 0.6671075837742504 0.060515873015873044 0.1913580246913581
4 0.5662202380952381 0.8390652557319223 0.07291666666666664 0.2389770723104057
1 0.3464781746031743 0.6106701940035273 0.47668650793650735 0.1807760141093472
1 0.751984126984127 0.8844797178130509 0.4960317460317461 0.23104056437389814
