5 0.3684834123222749 0.4339887640449438 0.008688783570300132 0.019662921348314627
3 0.14335317460317462 0.5718694885361552 0.0515873015873016 0.1719576719576719
2 0.0798611111111111 0.5718694885361552 0.14285714285714285 0.2195767195767197
4 0.22172619047619047 0.5930335097001763 0.051587301587301584 0.18783068783068785
4 0.30282738095238093 0.6137566137566136 0.07093253968253972 0.19753086419753083
4 0.3432539682539682 0.45502645502645506 0.06547619047619044 0.16225749559082892
4 0.3640873015873016 0.33641975308641975 0.046626984126984114 0.13315696649029984
4 0.4818948412698413 0.6825396825396826 0.08085317460317469 0.19400352733686063
4 0.7390873015873015 0.5828924162257496 0.060515873015873044 0.20458553791887127
4 0.8375496031746033 0.5383597883597884 0.06299603174603177 0.18959435626102297
4 0.8271329365079364 0.38932980599647266 0.04017857142857139 0.14197530864197527
1 0.6820436507936507 0.6216931216931214 0.5575396825396824 0.2857142857142855
1 0.20560515873015864 0.9126984126984127 0.4112103174603173 0.17460317460317465
4 0.6505456349206349 0.908289241622575 0.07688492063492056 0.17813051146384482
