5 0.3676935229067931 0.5105337078651685 0.008688783570300203 0.012640449438202311
6 0.17151162790697674 0.38824289405684753 0.03488372093023255 0.12015503875968989
6 0.8539244186046511 0.39211886304909555 0.029069767441860534 0.12532299741602068
4 0.9494912790697674 0.37532299741602065 0.041424418604651125 0.10206718346253225
4 0.9320494186046511 0.6569767441860465 0.10392441860465113 0.18733850129198962
4 0.6660610465116278 0.6602067183462532 0.07340116279069761 0.14470284237726097
4 0.41424418604651164 0.5555555555555556 0.052325581395348805 0.13178294573643412
4 0.33393895348837205 0.47480620155038766 0.06177325581395347 0.12273901808785531
4 0.2925145348837209 0.7112403100775194 0.07340116279069761 0.169250645994832
1 0.16787790697674418 0.4412144702842377 0.3313953488372093 0.13824289405684753
1 0.0345203488372093 0.6931524547803618 0.0690406976744186 0.20542635658914726
0 0.8466569767441859 0.6879844961240309 0.30668604651162795 0.2700258397932816
