5 0.459402 0.595813 0.006039 0.008671
3 0.3551587301587301 0.5992063492063493 0.04563492063492063 0.1243386243386243
2 0.2790178571428571 0.6031746031746031 0.09970238095238095 0.1552028218694886
6 0.2566964285714286 0.8306878306878306 0.06498015873015878 0.2716049382716049
1 0.35491071428571386 0.8800705467372133 0.6076388888888881 0.23985890652557265
4 0.8777281746031746 0.5952380952380952 0.04017857142857153 0.162257495590829
4 0.7385912698412699 0.6525573192239859 0.03571428571428569 0.17989417989417988
4 0.712797619047619 0.6300705467372134 0.04067460317460316 0.1719576719576719
4 0.683531746031746 0.562610229276896 0.043650793650793676 0.13580246913580246
4 0.5528273809523809 0.5189594356261023 0.042162698412698346 0.11552028218694886
4 0.5421626984126984 0.5493827160493826 0.06845238095238095 0.10758377425044095
4 0.5637400793650794 0.677689594356261 0.05307539682539684 0.16137566137566126
4 0.4613095238095238 0.6794532627865962 0.05257936507936506 0.15608465608465608
1 0.7460317460317453 0.610229276895944 0.46527777777777757 0.16754850088183373
