5 0.7180094786729859 0.8103932584269663 0.01421800947867311 0.028089887640449406
6 0.2945682451253482 0.25974930362116994 0.034470752089136455 0.1434540389972145
3 0.19624825905292476 0.3461002785515321 0.050922701949860746 0.1406685236768802
2 0.1562935236768802 0.3426183844011142 0.11046309192200555 0.13370473537604455
1 0.5852193593314764 0.35236768802228396 0.40111420612813364 0.1504178272980499
4 0.9025069637883008 0.5417827298050139 0.0767757660167132 0.14206128133704737
4 0.6098972841225625 0.4944289693593315 0.10262883008356533 0.11699164345403894
4 0.33334784122562666 0.44220055710306405 0.09792827298050139 0.15181058495821717
4 0.5781685236768801 0.878133704735376 0.10027855153203333 0.24373259052924795
4 0.44146065459609984 0.6218662952646238 0.055623259052924263 0.182451253481894
4 0.49551706128133705 0.5849582172701949 0.08069289693593312 0.14206128133704723
4 0.3450992339832868 0.5940111420612815 0.03995473537604461 0.17409470752089143
4 0.3658600278551532 0.5786908077994429 0.042305013927576594 0.16016713091922
4 0.1989902506963788 0.5334261838440111 0.05954038997214486 0.17270194986072412
4 0.1570769498607242 0.5229805013927576 0.043088440111420635 0.17130919220055715
1 0.21230849582172678 0.6504178272980503 0.42461699164345346 0.3008356545960998
