5 0.5300157977883097 0.7535112359550561 0.01263823064770932 0.018258426966292093
3 0.8080357142857143 0.4484126984126984 0.0605158730158729 0.14726631393298056
2 0.8725198412698413 0.43253968253968256 0.11011904761904759 0.14726631393298056
4 0.6696428571428568 0.5180776014109347 0.0476190476190469 0.15784832451499142
4 0.644593253968254 0.5793650793650794 0.03720238095238095 0.13932980599647266
4 0.5483630952380952 0.6362433862433862 0.07986111111111115 0.14373897707231037
4 0.48462301587301587 0.5110229276895943 0.07043650793650798 0.13668430335097015
4 0.4573412698412698 0.603615520282187 0.06944444444444443 0.1261022927689593
4 0.4995039682539682 0.7363315696649031 0.08531746031746025 0.16931216931216922
4 0.2177579365079365 0.5925925925925926 0.046626984126984114 0.16225749559082886
4 0.18278769841269843 0.5030864197530864 0.05307539682539684 0.1719576719576719
1 0.3985615079365071 0.4501763668430335 0.43898809523809457 0.16666666666666585
1 0.7740575396825383 0.7597001763668427 0.45089285714285654 0.3201058201058202
