5 0.528436018957346 0.523876404494382 0.015797788309636615 0.019662921348314627
4 0.48338293650793646 0.4298941798941799 0.04910714285714285 0.16313932980599646
4 0.5007440476190476 0.5630511463844797 0.047123015873015886 0.1843033509700176
4 0.5729166666666665 0.5555555555555556 0.07043650793650791 0.19753086419753088
1 0.7222222222222219 0.7103174603174609 0.5555555555555562 0.2566137566137578
4 0.39558531746031744 0.7310405643738977 0.07886904761904759 0.2751322751322751
4 0.1902281746031746 0.8104056437389769 0.07589285714285712 0.27513227513227506
3 0.19667658730158727 0.6208112874779541 0.08978174603174605 0.20458553791887127
4 0.18229166666666663 0.6926807760141094 0.0768849206349206 0.22663139329805987
4 0.11904761904761905 0.5656966490299824 0.1011904761904762 0.2037037037037038
4 0.09250992063492064 0.5524691358024691 0.055059523809523815 0.1931216931216931
6 0.08258928571428571 0.4986772486772481 0.054067460317460375 0.18783068783068754
2 0.07390873015873017 0.6900352733686067 0.14682539682539683 0.23544973544973538
1 0.2041170634920635 0.9713403880070547 0.408234126984127 0.05379188712522037
