5 0.8595089999999999 0.6595439999999999 0.00641 0.015195
6 0.4120821727019498 0.2827298050139276 0.05483983286908078 0.17827298050139276
6 0.4943419220055709 0.5988857938718664 0.045438718662952626 0.2506963788300835
3 0.5346883704735376 0.3774373259052925 0.06502437325905298 0.1615598885793872
2 0.56054143454039 0.3816155988857938 0.11359679665738157 0.14206128133704735
4 0.48337395543175476 0.43105849582172695 0.10967966573816143 0.18523676880222836
4 0.7285863509749302 0.6274373259052924 0.06737465181058483 0.1685236768802229
4 0.7493471448467968 0.5835654596100278 0.1715703342618383 0.2256267409470752
4 0.44772806406685234 0.5842618384401114 0.08696030640668517 0.16295264623955447
4 0.39641364902506965 0.605849582172702 0.06424094707520886 0.22284122562674105
4 0.3102367688022284 0.5919220055710306 0.0861768802228412 0.1922005571030641
4 0.22014275766016708 0.5598885793871866 0.05170612813370472 0.22005571030640667
4 0.1186890668523677 0.4338440111420613 0.09166086350974931 0.1880222841225627
1 0.14728412256267404 0.39415041782729787 0.29456824512534807 0.2061281337047352
1 0.4720142757660162 0.7144846796657381 0.6604282729805007 0.31197771587743756
