5 0.1896053897978826 0.4850299401197604 0.005774783445620777 0.00684345594525233
6 0.6202876984126984 0.43077601410934746 0.03918650793650791 0.14021164021164018
3 0.7366071428571428 0.5498236331569665 0.07142857142857154 0.15784832451499128
2 0.8368055555555556 0.5767195767195767 0.11607142857142862 0.16931216931216939
4 0.974702380952381 0.7231040564373898 0.0505952380952381 0.1657848324514991
4 0.8777281746031736 0.7402998236331573 0.09077380952380948 0.19664902998236286
4 0.7738095238095236 0.6618165784832456 0.12003968253968235 0.19664902998236344
4 0.5615079365079364 0.5405643738977072 0.09325396825396823 0.17813051146384482
4 0.4069940476190478 0.6992945326278659 0.1066468253968254 0.2116402116402119
4 0.41319444444444436 0.5268959435626102 0.09325396825396833 0.16843033509700173
4 0.3618551587301587 0.5520282186948853 0.08878968253968257 0.14462081128747797
4 0.11805555555555554 0.695326278659612 0.12896825396825395 0.19664902998236328
1 0.31820436507936506 0.585537918871252 0.49652777777777773 0.21693121693121642
1 0.7361111111111112 0.8875661375661376 0.5277777777777776 0.22486772486772505
