5 0.6206240487062405 0.5209742895805144 0.008371385083713817 0.010825439783491148
6 0.8645833333333335 0.46252204585537915 0.03968253968253961 0.09964726631393304
4 0.6599702380952381 0.5806878306878306 0.10466269841269848 0.13492063492063486
4 0.5672123015873018 0.47707231040564346 0.08779761904761947 0.10405643738977059
4 0.4541170634920635 0.47310405643738973 0.056051587301587345 0.10493827160493822
4 0.2524801587301587 0.5670194003527337 0.04960317460317462 0.11992945326278658
4 0.03695436507936508 0.5189594356261023 0.07291666666666667 0.13139329805996475
1 0.13194444444444445 0.547178130511463 0.2638888888888889 0.1349206349206347
4 0.4216269841269842 0.6962081128747795 0.11507936507936513 0.15784832451499115
4 0.6009424603174602 0.83994708994709 0.07688492063492056 0.20723104056437391
4 0.8926091269841271 0.7182539682539683 0.05208333333333329 0.21075837742504405
4 0.9402281746031745 0.7336860670194004 0.07787698412698404 0.1728395061728395
0 0.8261408730158729 0.8421516754850089 0.34771825396825407 0.3156966490299823
