5 0.721185 0.593074 0.008929 0.01443
4 0.8333333333333333 0.5771604938271605 0.046626984126984045 0.19135802469135804
4 0.6825396825396826 0.42901234567901236 0.03968253968253961 0.14021164021164012
4 0.45486111111111116 0.5335097001763668 0.05952380952380956 0.13227513227513227
4 0.42038690476190466 0.8126102292768959 0.08283730158730154 0.2442680776014104
3 0.11805555555555555 0.43209876543209874 0.06150793650793652 0.1375661375661376
6 0.07142857142857144 0.7773368606701939 0.10714285714285715 0.25308641975308643
2 0.018849206349206348 0.4285714285714284 0.037698412698412696 0.13051146384479712
1 0.4623015873015867 0.45149911816578503 0.442460317460317 0.16225749559082897
1 0.13095238095238096 0.7782186948853607 0.2619047619047619 0.3395061728395063
