5 0.4445814504574011 0.570055962024214 0.009604963444652817 0.015282495717562546
4 0.9473110465116279 0.6143410852713178 0.041424418604651125 0.19509043927648584
4 0.9015261627906977 0.4554263565891473 0.041424418604651264 0.17183462532299743
4 0.7732558139534885 0.34883720930232553 0.021802325581395367 0.13953488372093026
4 0.720203488372093 0.35271317829457366 0.024709302325581318 0.13953488372093023
4 0.667514534883721 0.35142118863049093 0.03561046511627907 0.1291989664082687
4 0.637718023255814 0.3494832041343669 0.05595930232558132 0.07105943152454781
6 0.40479651162790703 0.3598191214470284 0.034883720930232516 0.10465116279069772
4 0.42841569767441856 0.4670542635658914 0.029796511627907023 0.15374677002583986
4 0.5218023255813954 0.7713178294573644 0.06686046511627915 0.16279069767441853
4 0.20530523255813954 0.6363049095607235 0.13444767441860464 0.22093023255813954
4 0.203125 0.4418604651162791 0.028343023255813976 0.09302325581395345
6 0.17587209302325582 0.4140826873385013 0.05813953488372093 0.16666666666666657
1 0.9004360465116278 0.5193798449612403 0.19912790697674423 0.25839793281653756
0 0.1765988372093023 0.8430232558139525 0.3517441860465116 0.311369509043927
0 1.1428052325581395 0.8475452196382429 0.09520348837209297 0.20930232558139536
