5 0.693588 0.62482 0.008929 0.01443
3 0.6118551587301589 0.527336860670194 0.07490079365079362 0.1340388007054674
2 0.5887896825396826 0.4916225749559084 0.1319444444444445 0.1772486772486773
4 0.7333829365079364 0.5004409171075838 0.04712301587301582 0.14902998236331563
4 0.8003472222222223 0.5348324514991182 0.05307539682539684 0.18253968253968253
4 0.8732638888888888 0.7142857142857143 0.07093253968253961 0.20105820105820107
1 0.949156746031746 0.5559964726631393 0.09672619047619051 0.17901234567901228
4 0.7440476190476191 0.595679012345679 0.05853174603174608 0.2231040564373898
4 0.45486111111111116 0.6283068783068783 0.05555555555555564 0.19664902998236314
4 0.26240079365079366 0.7694003527336861 0.1081349206349206 0.17901234567901242
4 0.2073412698412698 0.6997354497354498 0.0962301587301587 0.2407407407407407
4 0.043154761904761904 0.7473544973544973 0.08531746031746032 0.21957671957671956
1 0.5664682539682537 0.847883597883598 0.7718253968253967 0.30423280423280386
