5 0.4703196347031963 0.46143437077131255 0.010654490106544899 0.013531799729363954
6 0.5381944444444444 0.3262786596119929 0.038690476190476136 0.164021164021164
4 0.8928571428571422 0.4876543209876545 0.07142857142857084 0.19047619047619108
4 0.7251984126984127 0.47045855379188706 0.07638888888888885 0.1578483245149912
3 0.669890873015873 0.5268959435626103 0.04613095238095241 0.20194003527336854
2 0.7395833333333335 0.5573192239858906 0.1180555555555556 0.18165784832451495
4 0.4960317460317461 0.3871252204585538 0.048611111111111216 0.15167548500881836
4 0.13120039682539683 0.5952380952380953 0.11061507936507939 0.17283950617283955
1 0.2194940476190473 0.5727513227513217 0.43799603174603113 0.2319223985890661
4 0.3368055555555556 0.8968253968253967 0.0763888888888889 0.19929453262786595
4 0.11483134920634921 0.9166666666666665 0.08779761904761903 0.1596119929453262
1 0.6721230158730159 0.8853615520282188 0.6557539682539683 0.2275132275132276
