5 0.752029 0.4206349999999999 0.010552 0.010101
3 0.563283426183844 0.5438718662952646 0.05170612813370482 0.16016713091922008
2 0.5198032729805013 0.5424791086350975 0.15276810584958211 0.17409470752089135
4 0.9056406685236769 0.5480501392757661 0.09871169916434538 0.2019498607242339
4 0.7822510445682451 0.6149025069637883 0.12769846796657375 0.2047353760445683
4 0.6678708217270194 0.5619777158774375 0.06345752089136501 0.23259052924791088
4 0.6898067548746518 0.5069637883008355 0.06345752089136482 0.2256267409470752
4 0.5907033426183843 0.5995821727019499 0.06580779944289696 0.24094707520891362
4 0.4657468662952645 0.6671309192200557 0.06972493036211702 0.18941504178272986
4 0.4395020891364906 0.827298050139276 0.050139275766016844 0.28690807799442863
4 0.4622214484679665 0.903899721448468 0.07677576601671313 0.18662952646239556
4 0.38348711699164334 0.8579387186629523 0.06189066852367688 0.2841225626740943
1 0.47945682451253474 0.8732590529247912 0.8116295264623955 0.2534818941504177
1 0.9173485376044542 0.5995821727019499 0.16530292479108616 0.21587743732590553
