5 0.6844391785150079 0.7577247191011236 0.010268562401263922 0.026685393258427014
4 0.11408730158730158 0.2341269841269841 0.030753968253968277 0.09435626102292768
4 0.39533730158730157 0.31172839506172845 0.033730158730158735 0.10141093474426814
4 0.5349702380952381 0.3734567901234568 0.06894841269841265 0.11728395061728392
6 0.5952380952380952 0.21119929453262787 0.022817460317460247 0.1084656084656085
4 0.4491567460317461 0.693562610229277 0.08779761904761905 0.1825396825396826
4 0.7537202380952381 0.5180776014109347 0.061011904761904816 0.15784832451499128
4 0.915922619047619 0.6869488536155203 0.1284722222222223 0.21164021164021166
0 0.8211805555555555 0.5339506172839508 0.357638888888889 0.24250440917107624
1 0.15500992063492067 0.31216931216931243 0.30803571428571436 0.13051146384479698
1 0.024801587301587293 0.5489417989417987 0.04960317460317459 0.13844797178130497
