5 0.198864 0.46464600000000006 0.008117 0.008658
2 0.036429317548746516 0.5745125348189416 0.06972493036211698 0.1406685236768803
3 0.08500174094707522 0.5626740947075208 0.03682103064066853 0.14206128133704732
4 0.05170612813370473 0.6155988857938719 0.040738161559888575 0.16713091922005574
4 0.12378133704735374 0.5842618384401115 0.050139275766016705 0.15181058495821736
4 0.19115598885793872 0.511142061281337 0.07990947075208911 0.13091922005571022
4 0.3392235376044567 0.6469359331476323 0.06424094707520886 0.16295264623955433
4 0.37721970752089135 0.6622562674094706 0.054056406685236806 0.14902506963788298
4 0.5546657381615598 0.7841225626740947 0.15981894150417822 0.21169916434540384
4 0.7791173398328689 0.8753481894150417 0.12299791086350964 0.22144846796657375
4 0.9455954038997214 0.5320334261838441 0.05170612813370468 0.13649025069637888
1 0.48415738161559874 0.5912256267409471 0.4340181058495819 0.1740947075208915
1 0.15590181058495817 0.8718662952646231 0.31180362116991633 0.25626740947075194
