5 0.4680365296803653 0.4925575101488498 0.009132420091324178 0.021650879566982438
3 0.5704365079365079 0.5048500881834215 0.05257936507936506 0.08730158730158735
2 0.6192956349206349 0.4841269841269842 0.06696428571428577 0.10229276895943563
4 0.6604662698412699 0.5119047619047619 0.02728174603174608 0.11375661375661388
4 0.6346726190476191 0.5480599647266314 0.03521825396825399 0.12962962962962962
4 0.5049603174603174 0.5379188712522045 0.03670634920634924 0.12345679012345684
4 0.48214285714285715 0.54673721340388 0.04563492063492063 0.13227513227513227
6 0.40079365079365076 0.41710758377425045 0.020833333333333356 0.10582010582010583
4 0.4340277777777778 0.5374779541446207 0.060515873015873044 0.12962962962962968
4 0.39384920634920634 0.5542328042328042 0.06746031746031747 0.14021164021164018
1 0.2522321428571429 0.5154320987654313 0.32490079365079366 0.11552028218694826
1 0.65625 0.7116402116402116 0.4751984126984127 0.22045855379188709
4 0.2924107142857143 0.7023809523809524 0.12152777777777775 0.17901234567901242
4 0.220486111111111 0.8963844797178132 0.11160714285714296 0.20194003527336948
4 0.0642361111111111 0.6216931216931216 0.060019841269841265 0.18518518518518526
4 0.015128968253968254 0.6225749559082893 0.02827380952380952 0.18165784832451506
