5 0.261769 0.497114 0.004058 0.010101
3 0.11011904761904763 0.3902116402116402 0.026785714285714288 0.09788359788359785
2 0.0974702380952381 0.4069664902998237 0.06597222222222221 0.09082892416225753
6 0.018353174603174607 0.495149911816579 0.036706349206349215 0.1137566137566139
1 0.37450396825396864 0.39726631393298073 0.25694444444444436 0.09788359788359804
4 0.20882936507936506 0.47266313932980597 0.05555555555555554 0.08994708994708994
4 0.1284722222222222 0.6481481481481483 0.057539682539682516 0.14462081128747797
4 0.27976190476190477 0.5908289241622575 0.0625 0.11816578483245152
4 0.6297123015873016 0.5590828924162258 0.03918650793650791 0.11816578483245152
4 0.6252480158730158 0.4761904761904762 0.03025793650793638 0.10758377425044095
4 0.7899305555555556 0.40035273368606705 0.03621031746031747 0.08641975308641975
4 0.8663194444444444 0.5057319223985891 0.04910714285714277 0.10317460317460324
4 0.6517857142857143 0.32760141093474426 0.032738095238095254 0.07319223985890655
0 0.878224206349206 0.6798941798941794 0.24355158730158666 0.25749559082892437
1 0.13120039682539683 0.6119929453262783 0.2624007936507936 0.22398589065255725
6 0.35962301587301576 0.9545855379188707 0.04861111111111131 0.08553791887125212
