5 0.20332799999999998 0.645743 0.008929 0.012987
3 0.43750000000000017 0.6146384479717814 0.07142857142857137 0.15167548500881844
2 0.4092261904761905 0.6031746031746031 0.13492063492063494 0.18871252204585537
4 0.40302579365079366 0.5462962962962956 0.08680555555555555 0.17195767195767211
4 0.31423611111111105 0.5582010582010583 0.09176587301587301 0.13051146384479714
4 0.5550595238095238 0.595679012345679 0.05059523809523817 0.20899470899470907
4 0.7170138888888888 0.5242504409171076 0.05307539682539684 0.15255731922398597
4 0.8142361111111112 0.593915343915344 0.05803571428571431 0.16843033509700178
4 0.8020833333333335 0.7698412698412699 0.08035714285714292 0.19753086419753088
4 0.6889880952380952 0.6432980599647267 0.07341269841269835 0.2054673721340388
4 0.5307539682539683 0.911816578483245 0.07738095238095241 0.1728395061728395
1 0.8625992063492063 0.6671075837742505 0.2748015873015873 0.23544973544973552
1 0.3861607142857141 0.9118165784832449 0.7723214285714284 0.17636684303351
