5 0.39992389649923893 0.49120433017591336 0.009893455098934538 0.018944519621109705
4 0.7197420634920636 0.52336860670194 0.029761904761904816 0.1825396825396826
4 0.7061011904761905 0.5559964726631393 0.07093253968253975 0.1666666666666668
4 0.6711309523809524 0.5149911816578484 0.04960317460317455 0.1693121693121693
4 0.6465773809523809 0.5048500881834215 0.03720238095238095 0.1754850088183421
3 0.4754464285714286 0.5974426807760141 0.0500992063492064 0.14021164021164026
2 0.5208333333333333 0.5965608465608465 0.12202380952380958 0.17724867724867718
4 0.5188492063492063 0.7151675485008817 0.06746031746031754 0.18165784832451506
4 0.40302579365079366 0.7491181657848324 0.1125992063492064 0.20017636684303355
4 0.34895833333333326 0.5767195767195767 0.07787698412698411 0.17460317460317462
4 0.22594246031746032 0.5268959435626103 0.04910714285714285 0.1543209876543211
6 0.20039682539682538 0.38492063492063494 0.04265873015873016 0.1560846560846561
4 0.14732142857142858 0.9029982363315696 0.09424603174603176 0.19047619047619035
1 0.11160714285714288 0.62742504409171 0.22321428571428575 0.231922398589065
1 0.48586309523809523 0.9060846560846548 0.7425595238095235 0.18783068783068696
