5 0.603505 0.544476 0.006359 0.008592
6 0.9820247214484675 0.46935933147632264 0.035254178272980254 0.14763231197771584
4 0.630658077994429 0.5229805013927578 0.045438718662952696 0.11559888579387184
4 0.6651288300835654 0.6838440111420613 0.12221448467966582 0.1476323119777158
4 0.3744777158774373 0.6295264623955432 0.1143802228412256 0.1476323119777159
4 0.4391103760445684 0.8544568245125346 0.09009401114206109 0.23537604456824543
4 0.08186803621169915 0.557799442896936 0.07912604456824512 0.1573816155988858
4 0.1688283426183844 0.4714484679665738 0.03838788300835654 0.12674094707520894
4 0.27263231197771587 0.4623955431754874 0.05797353760445681 0.13927576601671304
4 0.3074947771587743 0.5341225626740947 0.06502437325905287 0.16016713091922014
0 0.14885097493036206 0.8704735376044552 0.2977019498607241 0.2590529247910832
1 0.904639623955432 0.5995821727019497 0.190720752089136 0.16573816155988838
