5 0.46897999999999995 0.576677 0.006631000000000001 0.009497
6 0.41364902506963785 0.47493036211699163 0.03290389972144844 0.15041782729805014
4 0.7019498607242339 0.4923398328690808 0.06894150417827291 0.12674094707520894
4 0.8190720752089136 0.48259052924791085 0.0462221448467966 0.12395543175487461
4 0.9420699860724233 0.5543175487465181 0.08382660167130908 0.14484679665738157
4 0.9522545264623955 0.6685236768802229 0.04935584958217277 0.14763231197771595
4 0.7270194986072422 0.644150417827298 0.11594707520891362 0.1406685236768802
4 0.8461002785515319 0.9310584958217271 0.09087743732590542 0.13509749303621132
1 0.2847754178272983 0.6162952646239552 0.458304317548747 0.16852367688022238
1 0.10419568245125346 0.9059888579387185 0.20839136490250693 0.1880222841225623
