5 0.35322425409047153 0.4319931565440548 0.0038498556304138987 0.005132591958939301
6 0.3950892857142857 0.31216931216931215 0.01934523809523803 0.06701940035273367
6 0.5882936507936507 0.3068783068783069 0.014880952380952337 0.05820105820105823
6 0.7490079365079364 0.3201058201058201 0.021825396825396838 0.06172839506172842
4 0.6783234126984127 0.3350970017636684 0.02430555555555557 0.0776014109347443
4 0.6396329365079364 0.37610229276895935 0.02728174603174601 0.07848324514991184
4 0.6411210317460317 0.48456790123456783 0.04315476190476183 0.1578483245149912
4 0.5431547619047619 0.5758377425044092 0.07837301587301596 0.17813051146384487
4 0.53125 0.5092592592592592 0.04563492063492063 0.17372134038800702
4 0.5052083333333333 0.5242504409171076 0.051091269841269805 0.20017636684303347
4 0.40848214285714285 0.44223985890652556 0.0699404761904762 0.09259259259259252
3 0.4538690476190476 0.6410934744268078 0.12896825396825398 0.20634920634920625
6 0.12227182539682539 0.5895061728395062 0.09771825396825395 0.23897707231040563
1 0.2038690476190476 0.5480599647266304 0.4077380952380952 0.25485008818342103
1 0.804315476190475 0.5436507936507933 0.3893849206349201 0.260141093474427
2 0.5096726190476191 0.7746913580246914 0.25347222222222215 0.3289241622574957
0 0.5091765873015867 0.3262786596119928 0.1374007936507934 0.02821869488536151
3 0.509672619047619 0.27425044091710754 0.007440476190476133 0.019400352733686076
2 0.5096726190476191 0.27248677248677244 0.021329365079365132 0.019400352733686076
1 0.5721726190476183 0.2857142857142857 0.08085317460317455 0.012345679012345652
1 0.4370039682539683 0.2852733686067019 0.043650793650793676 0.006172839506172814
