5 0.6952110000000001 0.8997109999999999 0.010552 0.012987
4 0.753968253968254 0.8686067019400352 0.08829365079365076 0.24514991181657833
4 0.7673611111111112 0.5154320987654322 0.12202380952380963 0.17901234567901234
4 0.6383928571428572 0.4519400352733686 0.10317460317460317 0.16843033509700178
4 0.6463293650793651 0.30864197530864196 0.08432539682539691 0.1534391534391534
4 0.4846230158730158 0.2588183421516755 0.07936507936507944 0.12433862433862437
4 0.34226190476190493 0.2746913580246913 0.07539682539682512 0.1402116402116402
4 0.44940476190476164 0.644620811287477 0.12499999999999974 0.23456790123456814
3 0.20833333333333331 0.26763668430335097 0.0505952380952381 0.1349206349206349
4 0.16691468253968253 0.30599647266313934 0.05505952380952383 0.14109347442680778
2 0.17237103174603174 0.27116402116402116 0.09871031746031747 0.12610229276895946
