5 0.45890410958904104 0.3761840324763193 0.010654490106544899 0.018944519621109563
6 0.22098214285714285 0.3311287477954144 0.04414682539682538 0.14197530864197525
1 0.03844246031746033 0.41975308641975323 0.07688492063492065 0.10405643738977076
6 0.1937003968253968 0.9347442680776001 0.19890873015873015 0.12874779541446127
4 0.8214285714285714 0.560405643738977 0.05158730158730151 0.1807760141093474
4 0.7286706349206349 0.35141093474426804 0.046626984126984045 0.12786596119929453
4 0.6956845238095238 0.3461199294532628 0.04712301587301582 0.1261022927689594
4 0.6359126984126985 0.33730158730158727 0.03670634920634924 0.1119929453262786
4 0.6009424603174603 0.4673721340388008 0.05803571428571431 0.14109347442680778
4 0.5228174603174603 0.5405643738977072 0.051587301587301584 0.18694885361552024
4 0.4303075396825397 0.4797178130511464 0.07291666666666671 0.15167548500881836
0 0.7631448412698403 0.7319223985890656 0.47271825396825357 0.34215167548500874
