5 0.324269 0.804473 0.008929 0.010101
6 0.6255658077994428 0.28342618384401114 0.04308844011142071 0.13788300835654596
3 0.31728760445682447 0.4038997214484679 0.04543871866295259 0.13649025069637888
4 0.3466660863509749 0.43245125348189417 0.04935584958217262 0.1462395543175488
2 0.30866991643454034 0.4011142061281337 0.10967966573816153 0.16155988857938725
4 0.3987639275766016 0.4227019498607242 0.06737465181058497 0.16016713091922
4 0.4559540389972144 0.4352367688022284 0.05013927576601674 0.15459610027855156
4 0.4876827994428969 0.4505571030640669 0.07129178272980503 0.17409470752089135
4 0.5942287604456824 0.4965181058495822 0.14180013927576596 0.19080779944289702
4 0.8570682451253481 0.4610027855153204 0.11124651810584965 0.1754874651810585
4 0.6725713788300834 0.5772980501392757 0.14023328690807788 0.22423398328690802
4 0.2698903203342618 0.7054317548746518 0.11986420612813369 0.26601671309192193
1 0.784993036211699 0.4547353760445684 0.4246169916434539 0.16852367688022293
1 0.2843837047353757 0.7068245125348185 0.5687674094707514 0.3050139275766015
