5 0.308442 0.396825 0.006494 0.017316
3 0.428894148020654 0.4586919104991394 0.12198795180722896 0.1497418244406196
4 0.42695783132530124 0.5542168674698794 0.08326161790017217 0.16523235800344233
4 0.5871880378657487 0.5129087779690189 0.12101979345955244 0.23063683304647165
4 0.7629087779690189 0.572289156626506 0.16458691910499126 0.23235800344234078
4 0.8853808089500861 0.4896729776247849 0.10746557659208264 0.25645438898450945
4 0.4961811531841653 0.3717728055077453 0.04743975903614462 0.1755593803786575
2 0.366932013769363 0.45611015490533574 0.18395008605851973 0.22375215146299499
4 0.24688037865748708 0.5223752151462995 0.11230636833046467 0.20481927710843373
1 0.3732250430292599 0.8493975903614455 0.7464500860585198 0.3012048192771076
1 0.8654259896729777 0.523235800344234 0.26914802065404475 0.2650602409638554
