5 0.454779 0.604683 0.00678 0.008766
3 0.16939484126984128 0.6058201058201058 0.06299603174603174 0.14814814814814808
6 0.13640873015873015 0.8562610229276896 0.047619047619047644 0.27513227513227506
2 0.07341269841269842 0.6150793650793651 0.11210317460317462 0.1613756613756614
4 0.4962797619047619 0.5414462081128747 0.0669642857142857 0.13051146384479723
4 0.5141369047619048 0.5996472663139331 0.05406746031746024 0.10934744268077601
4 0.5952380952380952 0.5502645502645502 0.060515873015873044 0.14638447971781304
4 0.6572420634920636 0.5908289241622575 0.039682539682539826 0.1428571428571427
4 0.6845238095238096 0.6335978835978835 0.052579365079365205 0.1719576719576718
4 0.8169642857142857 0.593915343915344 0.05059523809523824 0.14197530864197533
1 0.5344742063492055 0.6071428571428572 0.4409722222222219 0.16490299823633067
4 0.36433531746031744 0.6723985890652557 0.11557539682539683 0.1455026455026455
4 0.5538194444444444 0.7297178130511464 0.10168650793650791 0.16843033509700178
1 0.8802083333333331 0.9506172839506172 0.04910714285714292 0.09523809523809518
1 0.22321428571428562 0.8831569664902998 0.44642857142857123 0.23368606701939998
