5 0.681006 0.6948049999999999 0.008117 0.015873
4 0.9268353174603174 0.5974426807760141 0.13442460317460317 0.2107583774250442
6 0.3725198412698413 0.3311287477954144 0.030753968253968225 0.12962962962962968
1 0.5530753968253971 0.42768959435626114 0.4444444444444448 0.14109347442680764
4 0.13516865079365079 0.7204585537918873 0.16021825396825398 0.2257495590828925
4 0.17782738095238096 0.4223985890652557 0.06398809523809523 0.1763668430335097
4 0.1111111111111111 0.43342151675485013 0.038690476190476206 0.16666666666666663
3 0.11458333333333334 0.4025573192239859 0.06845238095238095 0.11022927689594354
2 0.0652281746031746 0.40035273368606683 0.11359126984126981 0.13580246913580205
4 0.029513888888888885 0.5141093474426808 0.057043650793650785 0.1569664902998236
1 0.15972222222222213 0.6900352733686057 0.31944444444444425 0.2901234567901233
