5 0.8400970000000001 0.422078 0.008117 0.010101
4 0.9201340529247909 0.5132311977715878 0.13396587743732583 0.19359331476323122
4 0.8351323119777158 0.5926183844011141 0.12691504178272978 0.19080779944289694
4 0.6819724930362117 0.5194986072423399 0.06502437325905305 0.20612813370473546
4 0.6145978412256267 0.5863509749303621 0.054056406685236744 0.222841225626741
4 0.5558408774373258 0.5947075208913648 0.05562325905292475 0.2228412256267409
4 0.6271326601671309 0.9206128133704735 0.10419568245125348 0.15877437325905291
4 0.5276375348189415 0.8753481894150417 0.05875696378830085 0.24930362116991645
4 0.5060933147632312 0.8189415041782729 0.05954038997214482 0.2980501392757661
4 0.48298224233983267 0.6922005571030639 0.08382660167130931 0.1894150417827296
3 0.5084435933147633 0.5424791086350974 0.042305013927576664 0.19637883008356538
2 0.4395020891364902 0.5626740947075208 0.14885097493036206 0.18105849582172703
1 0.4062064763231196 0.8885793871866273 0.8124129526462393 0.22284122562674075
1 0.8809192200557102 0.6155988857938717 0.23816155988857898 0.22562674094707527
