5 0.8417210000000002 0.42135599999999995 0.011364 0.01443
3 0.5060933147632312 0.5348189415041783 0.056406685236768866 0.1922005571030641
2 0.4438109331476323 0.5584958217270194 0.15276810584958211 0.1866295264623956
4 0.9142583565459607 0.5160167130919218 0.1410167130919219 0.1935933147632311
4 0.8402245821727018 0.5807799442896936 0.1355327298050139 0.18662952646239553
4 0.6749216573816156 0.5090529247910864 0.06815807799442908 0.19637883008356552
4 0.6138144150417826 0.5814763231197771 0.06032381615598904 0.2270194986072425
4 0.5456563370473537 0.5947075208913649 0.05719011142061284 0.23955431754874654
4 0.47553969359331477 0.6901114206128134 0.08617688022284127 0.19080779944289694
4 0.497083913649025 0.8098885793871866 0.07129178272980503 0.30501392757660173
4 0.5292043871866295 0.8649025069637883 0.06032381615598886 0.2674094707520892
4 0.6279160863509748 0.92966573816156 0.10106197771587752 0.13509749303621177
1 0.4046396239554318 0.8913649025069631 0.8092792479108636 0.2172701949860723
1 0.8797440807799441 0.614206128133705 0.24051183844011115 0.23119777158774332
