5 0.3203001579778831 0.3932584269662921 0.01342812006319118 0.033707865168539325
6 0.9401114206128134 0.24094707520891365 0.04700557103064071 0.10863509749303617
4 0.8856633008356545 0.36908077994428967 0.04622214484679674 0.16713091922005568
4 0.9875087047353759 0.4220055710306406 0.021152506963788228 0.16155988857938708
4 0.7477802924791085 0.6706128133704735 0.13396587743732596 0.21866295264623958
4 0.565241991643454 0.3245125348189415 0.05875696378830085 0.1532033426183844
4 0.4641800139275765 0.4087743732590529 0.11516364902506965 0.15738161559888575
4 0.4704474233983287 0.35584958217270196 0.04935584958217277 0.15459610027855153
4 0.16804491643454036 0.3266016713091922 0.06502437325905291 0.1545961002785515
4 0.31219533426183843 0.7520891364902508 0.12926532033426186 0.24512534818941503
0 0.06815807799442897 0.8983286908077984 0.13631615598885793 0.20334261838440087
1 0.8503655988857937 0.500696378830083 0.2992688022284107 0.27437325905292437
