5 0.430689 0.6189800000000001 0.007822 0.009158
3 0.024057539682539684 0.6075837742504409 0.045138888888888895 0.14462081128747792
6 0.05009920634920635 0.8641975308641976 0.053571428571428575 0.2557319223985891
1 0.15525793650793646 0.8910934744268079 0.3105158730158729 0.21781305114638422
4 0.24231150793650783 0.6600529100529101 0.05406746031746036 0.15608465608465621
4 0.5463789682539683 0.7455908289241623 0.05307539682539677 0.19135802469135796
4 0.7750496031746031 0.5683421516754851 0.04613095238095241 0.12962962962962968
6 0.7725694444444445 0.9492945326278659 0.06101190476190468 0.09259259259259267
4 0.6294642857142857 0.6022927689594355 0.04067460317460331 0.1463844797178131
4 0.644593253968254 0.5634920634920624 0.06299603174603213 0.13051146384479947
4 0.5612599206349206 0.5568783068783069 0.05704365079365083 0.13139329805996475
4 0.517609126984127 0.6097883597883598 0.0620039682539683 0.14021164021164018
4 0.498015873015873 0.5507054673721341 0.04662698412698418 0.11199294532627867
1 0.3864087301587304 0.6067019400352731 0.4365079365079369 0.1640211640211637
