5 0.446429 0.60677 0.008776 0.009836
4 0.8112599206349206 0.5890652557319224 0.03819444444444457 0.13756613756613745
4 0.6803075396825397 0.6322751322751323 0.04513888888888886 0.162257495590829
4 0.6589781746031745 0.5824514991181657 0.03918650793650805 0.12257495590828923
4 0.5989583333333333 0.5515873015873016 0.04315476190476197 0.14021164021164026
4 0.5054563492063493 0.5462962962962963 0.043650793650793676 0.11552028218694893
4 0.513640873015873 0.5987654320987654 0.04414682539682538 0.10934744268077594
4 0.5310019841269841 0.7336860670194002 0.04613095238095241 0.17989417989417988
4 0.3201884920634921 0.6781305114638448 0.06101190476190471 0.14285714285714285
3 0.1450892857142857 0.5987654320987655 0.04315476190476188 0.1375661375661376
2 0.054563492063492064 0.6186067019400353 0.10317460317460318 0.15255731922398588
6 0.12177579365079363 0.8633156966490299 0.055059523809523815 0.26631393298059963
1 0.2172619047619045 0.8849206349206351 0.42857142857142805 0.23015873015872976
6 0.8628472222222223 0.951058201058201 0.05803571428571431 0.09259259259259252
1 0.5138888888888873 0.6009700176366846 0.42460317460317354 0.1578483245149914
