5 0.6599029999999999 0.704906 0.00974 0.015873
6 0.4429563492063492 0.3346560846560847 0.03174603174603177 0.14373897707231045
4 0.1111111111111111 0.7305996472663139 0.15773809523809523 0.22839506172839513
4 0.022817460317460316 0.5083774250440918 0.04265873015873016 0.1578483245149912
4 0.16096230158730157 0.43915343915343913 0.04811507936507935 0.14285714285714285
4 0.22296626984126985 0.4312169312169312 0.056051587301587276 0.16754850088183418
3 0.1755952380952381 0.39682539682539686 0.030753968253968225 0.15167548500881828
2 0.12797619047619047 0.3941798941798942 0.10714285714285715 0.16049382716049382
1 0.6029265873015873 0.4285714285714286 0.42906746031746024 0.1569664902998236
1 0.19146825396825418 0.6970899470899464 0.37996031746031783 0.2971781305114642
