5 0.276786 0.633478 0.008117 0.011544
3 0.3866208217270195 0.6441504178272982 0.07599233983286907 0.16016713091922
2 0.3427489554317549 0.6385793871866295 0.14180013927576604 0.19637883008356546
4 0.31924616991643456 0.5410863509749304 0.050922701949860746 0.1406685236768802
4 0.42030814763231183 0.5250696378830084 0.0916608635097492 0.1559888579387186
4 0.5221535515320334 0.586350974930362 0.07285863509749305 0.17270194986072412
4 0.6169481197771587 0.5355153203342619 0.06032381615598886 0.16295264623955433
4 0.6016713091922006 0.7082172701949861 0.10341225626740944 0.21030640668523687
4 0.7983112813370474 0.621866295264624 0.1034122562674095 0.19916434540389966
4 0.8272980501392757 0.7910863509749304 0.12378133704735376 0.2089136490250698
4 0.6169481197771587 0.9526462395543176 0.08069289693593326 0.08913649025069645
1 0.34588266016713093 0.9310584958217273 0.6917653203342619 0.1378830083565449
1 0.8346970752089136 0.7005571030640667 0.3306058495821727 0.24791086350974947
