5 0.493011 0.63331 0.004897 0.007123000000000001
6 0.6770833333333335 0.9514991181657848 0.04662698412698418 0.09700176366843039
4 0.16542658730158732 0.6640211640211641 0.05307539682539684 0.1851851851851852
6 0.01215277777777778 0.911816578483245 0.02430555555555556 0.1640211640211639
1 0.07316468253968254 0.908289241622575 0.1463293650793651 0.18342151675485
1 0.2291666666666663 0.6097883597883587 0.4583333333333326 0.1684303350970017
4 0.7643849206349206 0.5361552028218695 0.0625 0.12169312169312171
4 0.6473214285714286 0.7345679012345678 0.0813492063492064 0.162257495590829
4 0.6473214285714286 0.5260141093474426 0.07242063492063494 0.13844797178130513
4 0.6245039682539683 0.5789241622574955 0.08134920634920625 0.1190476190476189
4 0.5751488095238095 0.6335978835978835 0.06994047619047628 0.11728395061728399
4 0.5357142857142857 0.5670194003527337 0.08035714285714278 0.1463844797178131
4 0.5153769841269842 0.525132275132275 0.066468253968254 0.1049382716049383
0 0.9880952380952381 0.9034391534391528 0.02380952380952382 0.10493827160493825
