5 0.6258119999999999 0.720058 0.012987 0.020202
6 0.6028464484679665 0.33495821727019504 0.035254178272980496 0.1434540389972145
3 0.28908426183844005 0.3885793871866295 0.047005571030640673 0.12256267409470752
2 0.2600974930362117 0.39275766016713093 0.12378133704735379 0.1364902506963788
4 0.2710654596100278 0.4491643454038997 0.06110724233983287 0.15181058495821717
4 0.3497997910863509 0.43523676880222845 0.06502437325905291 0.14345403899721446
4 0.08225974930362118 0.5466573816155988 0.09714484679665737 0.17966573816155992
4 0.17470403899721446 0.761142061281337 0.1190807799442897 0.23816155988857943
4 0.031337047353760444 0.7430362116991645 0.06267409470752089 0.243732590529248
1 0.2550052228412256 0.6942896935933143 0.5021761838440111 0.30222841225626773
1 0.7524808495821723 0.4394150417827297 0.46770543175487433 0.14623955431754912
