5 0.6728899999999999 0.539683 0.006494 0.005772
6 0.6507936507936507 0.39065255731922394 0.032738095238095184 0.05820105820105816
6 0.45486111111111116 0.37918871252204583 0.03968253968253968 0.07583774250440918
4 0.28447420634920634 0.4012345679012346 0.02430555555555557 0.07231040564373899
4 0.41567460317460314 0.47001763668430335 0.032738095238095254 0.0881834215167548
4 0.30952380952380953 0.5229276895943562 0.03472222222222222 0.10934744268077601
0 0.21453373015873012 0.6679894179894187 0.40029761904761896 0.2407407407407408
4 0.6267361111111112 0.5004409171075838 0.03323412698412703 0.07848324514991184
4 0.6215277777777777 0.5507054673721341 0.037698412698412655 0.1014109347442681
1 0.7966269841269856 0.4519400352733684 0.2559523809523819 0.10670194003527365
1 0.9541170634920627 0.667989417989418 0.09176587301587294 0.1878306878306878
4 0.4595734126984127 0.7522045855379189 0.05803571428571423 0.14462081128747797
