5 0.6866880000000001 0.864358 0.008117 0.01443
6 0.22170961002785514 0.2869080779944289 0.045438718662952626 0.128133704735376
2 0.19154770194986068 0.2896935933147631 0.10262883008356533 0.11977715877437327
4 0.141408426183844 0.35584958217270196 0.04622214484679667 0.1295264623955432
4 0.11202994428969358 0.33635097493036215 0.0360376044568245 0.11002785515320329
4 0.3603760445682451 0.3050139275766017 0.0564066852367688 0.12534818941504178
4 0.5722928272980501 0.27298050139275765 0.028986768802228512 0.12813370473537603
4 0.633400069637883 0.34401114206128136 0.10576253481894156 0.11420612813370472
4 0.5899199164345403 0.5041782729805014 0.09087743732590539 0.16713091922005568
4 0.6952907381615597 0.5905292479108636 0.10419568245125348 0.1504178272980502
4 0.7446465877437325 0.8245125348189414 0.13239902506963788 0.23398328690807801
4 0.42775069637883006 0.6566852367688023 0.10654596100278546 0.22144846796657375
1 0.21309192200557125 0.5591922005571024 0.4261838440111425 0.27437325905292537
1 0.5652419916434532 0.30849582172701956 0.34705779944289666 0.1490250696378834
