5 0.7729067930489731 0.5470505617977528 0.01026856240126378 0.023876404494382015
3 0.6436011904761905 0.5308641975308642 0.04315476190476183 0.12522045855379196
2 0.7048611111111112 0.5255731922398589 0.10615079365079354 0.1499118165784833
4 0.8048115079365078 0.6719576719576719 0.04910714285714292 0.20458553791887127
4 0.7242063492063493 0.6807760141093473 0.07142857142857138 0.20458553791887127
4 0.5778769841269842 0.5044091710758377 0.0436507936507936 0.13227513227513227
4 0.5362103174603174 0.5083774250440918 0.05456349206349209 0.12081128747795425
4 0.5473710317460317 0.5815696649029982 0.03819444444444436 0.18253968253968253
4 0.2586805555555556 0.5568783068783069 0.045138888888888895 0.18253968253968253
4 0.35391865079365076 0.7442680776014109 0.09970238095238099 0.19047619047619035
4 0.01636904761904762 0.6710758377425045 0.03273809523809524 0.13932980599647266
1 0.2321428571428571 0.5599647266313936 0.4642857142857142 0.17813051146384454
1 0.6922123015873015 0.8443562610229278 0.6125992063492061 0.31128747795414435
