5 0.803977 0.41919199999999995 0.008929 0.010101
3 0.5453869047619048 0.5379188712522045 0.04017857142857139 0.1728395061728395
2 0.4913194444444444 0.5383597883597884 0.15128968253968253 0.20194003527336868
4 0.5803571428571429 0.6027336860670194 0.06448412698412696 0.24426807760141103
4 0.646577380952381 0.5643738977072311 0.06398809523809526 0.2380952380952381
4 0.6837797619047619 0.5158730158730158 0.057043650793650896 0.21340388007054678
4 0.7921626984126985 0.5930335097001764 0.08333333333333329 0.20546737213403887
4 0.910218253968254 0.5268959435626103 0.08134920634920632 0.2054673721340388
1 0.9069940476190476 0.603615520282187 0.1840277777777777 0.2195767195767197
4 0.5362103174603174 0.9140211640211641 0.07043650793650791 0.17019400352733696
4 0.45510912698412676 0.8664021164021166 0.06299603174603197 0.267195767195767
4 0.4833829365079365 0.8280423280423281 0.042162698412698346 0.2998236331569665
4 0.48338293650793673 0.6662257495590829 0.05605158730158743 0.2054673721340389
1 0.4536210317460316 0.8822751322751321 0.8189484126984126 0.23544973544973555
