5 0.286172 0.442952 0.005342 0.006105
3 0.802827380952381 0.5753968253968254 0.059027777777777714 0.24779541446208114
2 0.8903769841269841 0.6018518518518517 0.15575396825396823 0.2213403880070546
4 0.9630456349206349 0.6847442680776014 0.0669642857142857 0.27425044091710754
4 0.9771825396825398 0.8029100529100529 0.04563492063492063 0.3024691358024691
4 0.685515873015873 0.6049382716049383 0.08134920634920632 0.1358024691358024
4 0.6220238095238095 0.6869488536155203 0.07837301587301582 0.30335097001763667
4 0.5741567460317453 0.6014109347442678 0.08085317460317454 0.2839506172839499
4 0.39335317460317465 0.45679012345679015 0.08134920634920632 0.17460317460317462
4 0.3038194444444444 0.42636684303350975 0.06398809523809522 0.2001763668430336
4 0.35342261904761907 0.609347442680776 0.09176587301587301 0.25220458553791886
4 0.19444444444444442 0.548941798941799 0.10615079365079366 0.16313932980599646
1 0.25570436507936506 0.6481481481481483 0.5114087301587301 0.2504409171075837
4 0.054563492063492064 0.8752204585537925 0.10912698412698413 0.24955908289241507
1 0.7388392857142856 0.9281305114638448 0.522321428571429 0.1437389770723104
