5 0.264205 0.49711400000000006 0.005682 0.007215
6 0.01860119047619048 0.49426807760141095 0.035218253968253975 0.12786596119929455
3 0.11061507936507936 0.3902116402116402 0.028769841269841265 0.09788359788359785
2 0.09796626984126984 0.4052028218694885 0.0699404761904762 0.09435626102292773
4 0.22098214285714285 0.4770723104056437 0.08184523809523814 0.08994708994708994
4 0.2837301587301587 0.5908289241622575 0.07539682539682545 0.11640211640211647
4 0.10218253968253971 0.638447971781305 0.10912698412698414 0.1604938271604935
1 0.3697916666666664 0.39947089947089987 0.2475198412698413 0.09876543209876554
0 0.8774801587301577 0.6798941798941799 0.24503968253968172 0.26278659611992883
4 0.8772321428571428 0.5136684303350969 0.0689484126984128 0.09964726631393298
4 0.8053075396825398 0.4012345679012346 0.05406746031746039 0.08994708994708994
4 0.6421130952380952 0.4876543209876543 0.03422619047619051 0.13051146384479714
4 0.6212797619047619 0.564373897707231 0.055059523809523794 0.13051146384479723
1 0.12971230158730165 0.6133156966490305 0.2594246031746033 0.21781305114638422
6 0.35863095238095233 0.9581128747795415 0.05257936507936506 0.08377425044091709
