5 0.6519759999999999 0.5548429999999999 0.008013 0.007597
6 0.8797123015873015 0.44620811287477946 0.06795634920634924 0.1569664902998236
6 0.8799603174603174 0.7821869488536156 0.05456349206349216 0.21516754850088177
4 0.6798115079365078 0.48677248677248675 0.0431547619047619 0.11111111111111115
4 0.42311507936507936 0.5304232804232804 0.04464285714285715 0.1243386243386243
4 0.43129960317460314 0.6578483245149911 0.05704365079365076 0.15873015873015872
4 0.30778769841269843 0.8042328042328043 0.060019841269841265 0.23104056437389758
4 0.20560515873015872 0.5030864197530864 0.040178571428571425 0.16313932980599652
4 0.07564484126984126 0.564373897707231 0.04613095238095237 0.16225749559082886
4 0.01711309523809524 0.5088183421516755 0.032242063492063495 0.16402116402116407
1 0.7991071428571417 0.628306878306878 0.4007936507936504 0.17548500881834236
1 0.9707341269841271 0.9431216931216935 0.057539682539682196 0.10846560846560846
0 0.009920634920634918 0.9417989417989429 0.019841269841269833 0.10582010582010631
