5 0.6704718417047184 0.581190798376184 0.0076103500761036 0.014884979702300427
6 0.49159993036211697 0.3398328690807799 0.04935584958217277 0.1559888579387187
4 0.37486942896935926 0.5167130919220055 0.1778377437325905 0.09749303621169922
3 0.6204735376044568 0.5383008356545962 0.08461002785515312 0.12395543175487468
2 0.6623868384401113 0.5090529247910864 0.13866643454038993 0.18245125348189417
4 0.5946204735376045 0.39136490250696376 0.05954038997214482 0.14206128133704737
4 0.7661908077994428 0.5264623955431754 0.1128133704735376 0.2116991643454039
4 0.5503568941504178 0.5410863509749304 0.08696030640668533 0.24651810584958211
1 0.16961176880222845 0.557103064066852 0.3392235376044569 0.21727019498607214
1 0.6615598885793872 0.8572423398328692 0.6768802228412251 0.28551532033426147
