5 0.4683439999999999 0.676768 0.011364 0.008658
4 0.8306051587301587 0.5776014109347443 0.04315476190476176 0.14814814814814817
4 0.6877480158730159 0.5507054673721341 0.04613095238095255 0.14197530864197538
4 0.5310019841269841 0.7610229276895943 0.06894841269841265 0.1746031746031747
4 0.4494047619047619 0.5101410934744268 0.04067460317460316 0.14726631393298065
4 0.39831349206349204 0.5784832451499118 0.028769841269841195 0.13580246913580246
4 0.36160714285714285 0.5242504409171076 0.05257936507936506 0.14550264550264558
4 0.20163690476190474 0.4757495590828924 0.041170634920634906 0.1455026455026455
4 0.06175595238095237 0.5282186948853616 0.06398809523809523 0.16049382716049387
1 0.25768849206349176 0.6966490299823633 0.51438492063492 0.2028218694885367
