5 0.22867298578199052 0.5632022471910113 0.005529225908372837 0.0168539325842697
6 0.8018366991643453 0.28064066852367686 0.027419916434540285 0.09610027855153203
4 0.5123607242339833 0.30919220055710306 0.045438718662952626 0.0779944289693594
4 0.29652681058495817 0.3586350974930362 0.08382660167130919 0.07103064066852362
4 0.19272284122562675 0.5501392757660166 0.07207520891364903 0.13091922005571033
4 0.3286472841225626 0.5919220055710306 0.0603238161559889 0.1253481894150417
4 0.6463266016713092 0.41713091922005574 0.10184540389972156 0.11559888579387184
4 0.776767061281337 0.5285515320334262 0.06189066852367688 0.14345403899721454
4 0.8805710306406683 0.4909470752089136 0.04073816155988865 0.1295264623955432
4 0.7583565459610029 0.6566852367688023 0.12064763231197773 0.15459610027855156
4 0.35959261838440104 0.8725626740947076 0.1206476323119777 0.21309192200557106
6 0.12534818941504178 0.8920612813370474 0.05954038997214486 0.12116991643454042
1 0.05914867688022282 0.38370473537604455 0.11829735376044564 0.11002785515320325
0 0.6267409470752092 0.543175487465181 0.3885793871866296 0.19498607242339797
