5 0.3870458135860979 0.5660112359550561 0.015797788309636615 0.02528089887640448
4 0.8649025069637881 0.6392757660167131 0.12534818941504183 0.23955431754874654
4 0.6584697075208914 0.5543175487465182 0.1370995821727019 0.1754874651810585
4 0.5264623955431754 0.5097493036211699 0.0830431754874651 0.1532033426183844
4 0.40189763231197767 0.4986072423398329 0.04857242339832865 0.15877437325905297
4 0.4383269498607242 0.6789693593314763 0.13239902506963788 0.2103064066852368
4 0.35450034818941506 0.4784122562674095 0.06345752089136489 0.13231197771587738
4 0.31219533426183843 0.5682451253481894 0.1323990250696379 0.16155988857938716
4 0.3094533426183844 0.7110027855153203 0.16138579387186627 0.2298050139275766
4 0.1476758356545961 0.7806406685236769 0.15903551532033425 0.2381615598885793
4 0.06306580779944289 0.548050139275766 0.06032381615598886 0.213091922005571
1 0.6314415041782734 0.729805013927576 0.6220403899721448 0.23398328690807735
