5 0.8314307458143074 0.6265223274695535 0.011415525114155257 0.018944519621109705
6 0.9491208217270194 0.44568245125348194 0.055623259052924826 0.1476323119777159
3 0.6314415041782729 0.38997214484679665 0.03290389972144851 0.1476323119777159
2 0.635750348189415 0.3955431754874652 0.0963614206128134 0.12256267409470752
4 0.8500174094707521 0.5229805013927576 0.07050835654596099 0.17130919220055715
4 0.4771065459610027 0.37813370473537605 0.072075208913649 0.1128133704735376
4 0.5276375348189414 0.4547353760445682 0.05092270194986071 0.11838440111420617
4 0.4861159470752088 0.49930362116991645 0.050922701949860635 0.11002785515320333
4 0.4539954735376044 0.5362116991643454 0.05092270194986078 0.11977715877437327
1 0.2221013231197771 0.4401114206128133 0.4018976323119776 0.13649025069637846
1 0.701949860724233 0.6441504178272975 0.5468314763231187 0.24651810584958217
