5 0.5505529225908373 0.7745786516853933 0.018957345971563982 0.023876404494382088
6 0.6040215877437325 0.2785515320334262 0.026636490250696383 0.11699164345403897
4 0.6302663649025071 0.4345403899721451 0.07442548746518121 0.16155988857938783
4 0.7857764623955431 0.6699164345403901 0.07364206128133702 0.18384401114206134
3 0.4641800139275766 0.36211699164345407 0.03995473537604454 0.1197771587743733
2 0.45282033426183843 0.36072423398328696 0.07990947075208915 0.11420612813370472
4 0.3274721448467966 0.44986072423398327 0.07364206128133709 0.1364902506963787
4 0.22954387186629524 0.4491643454038997 0.07050835654596103 0.13231197771587744
4 0.3803534122562674 0.745125348189415 0.0383878830083566 0.1448467966573817
4 0.43323467966573814 0.7813370473537605 0.05170612813370475 0.09192200557103078
4 0.4398938022284122 0.766016713091922 0.05405640668523674 0.15877437325905305
1 0.46653029247910843 0.6155988857938718 0.47553969359331455 0.2395543175487466
1 0.8223798746518105 0.3857938718662951 0.3552402506963786 0.13370473537604446
