5 0.274973 0.6574070000000001 0.008814 0.011396
6 0.7651289682539683 0.421957671957672 0.04513888888888886 0.15961199294532633
3 0.38293650793650796 0.5992063492063493 0.04067460317460323 0.18606701940035272
2 0.35416666666666663 0.6353615520282186 0.11805555555555554 0.1825396825396824
4 0.652281746031746 0.6534391534391534 0.0625 0.1710758377425045
4 0.8933531746031746 0.6512345679012346 0.048611111111111 0.1931216931216931
4 0.9429563492063491 0.7385361552028219 0.0505952380952381 0.21604938271604943
4 0.9464285714285714 0.4634038800705467 0.04365079365079353 0.1772486772486773
4 0.7318948412698413 0.9334215167548501 0.06299603174603177 0.12786596119929455
4 0.9399801587301587 0.9594356261022926 0.09126984126984126 0.07760141093474417
1 0.4441964285714285 0.9104938271604942 0.7237103174603172 0.17901234567901173
1 0.8263888888888886 0.6450617283950604 0.346230158730158 0.20370370370370353
