5 0.945211 0.621212 0.012175 0.010101
4 0.8084958217270193 0.46935933147632314 0.03603760445682454 0.08913649025069638
4 0.6941155988857938 0.48328690807799446 0.06424094707520894 0.12534818941504178
4 0.6529857242339833 0.4018105849582173 0.06659122562674107 0.06824512534818944
4 0.2260184540389972 0.4791086350974931 0.06345752089136489 0.09749303621169915
4 0.17392061281337046 0.47493036211699163 0.02506963788300837 0.11977715877437327
4 0.26479805013927576 0.8370473537604457 0.09557799442896936 0.15877437325905305
4 0.8171135097493035 0.8537604456824514 0.11594707520891348 0.15598885793871872
0 0.776767061281337 0.6608635097493036 0.43010097493036237 0.24651810584958217
1 0.1402332869080779 0.4331476323119776 0.2804665738161558 0.1169916434540388
