5 0.8009478672985781 0.6348314606741573 0.014218009478672968 0.022471910112359696
4 0.7182539682539683 0.5277777777777777 0.06150793650793645 0.1701940035273369
4 0.6728670634920636 0.46208112874779544 0.06200396825396837 0.16225749559082892
4 0.628968253968254 0.4329805996472663 0.03968253968253976 0.2028218694885362
4 0.42956349206349204 0.38183421516754845 0.042658730158730195 0.17107583774250443
6 0.02529761904761905 0.15873015873015872 0.033730158730158735 0.18342151675485005
3 0.1892361111111111 0.39991181657848324 0.07192460317460317 0.14021164021164026
2 0.21205357142857142 0.3796296296296296 0.1314484126984127 0.18077601410934746
4 0.22941468253968253 0.4188712522045856 0.055059523809523794 0.13403880070546742
4 0.22718253968253968 0.52336860670194 0.06746031746031747 0.16666666666666663
4 0.2661210317460317 0.732363315696649 0.04613095238095237 0.23897707231040563
1 0.2735615079365079 0.8015873015873016 0.5441468253968254 0.3968253968253969
