5 0.609172 0.569264 0.015422 0.007215
6 0.356067200557103 0.40250696378830086 0.03995473537604461 0.11977715877437327
3 0.6995995821727018 0.5153203342618384 0.06737465181058497 0.1114206128133705
2 0.7869516016713092 0.49512534818941506 0.11516364902506965 0.13788300835654602
4 0.5566243036211698 0.5445682451253482 0.08539345403899723 0.1364902506963788
4 0.4661385793871865 0.5612813370473537 0.08931058495821724 0.16991643454039
4 0.31023676880222834 0.8753481894150412 0.1472841225626741 0.2493036211699163
4 0.03212047353760446 0.5348189415041783 0.05170612813370473 0.18105849582172703
1 0.29652681058495817 0.5188022284122562 0.4536037604456824 0.1824512534818946
1 0.7567896935933146 0.8307799442896932 0.4825905292479105 0.3356545961002781
