5 0.41476407914764074 0.6867388362652233 0.010654490106544899 0.014884979702300427
6 0.6165674603174603 0.45326278659611996 0.028769841269841265 0.1128747795414462
1 0.612103174603175 0.49382716049382686 0.2936507936507935 0.0970017636684303
3 0.8707837301587301 0.4925044091710758 0.03918650793650784 0.1049382716049383
2 0.9402281746031745 0.49470899470899465 0.07886904761904759 0.10934744268077601
1 0.8702876984126985 0.7041446208112875 0.2544642857142857 0.21075837742504405
4 0.46329365079365076 0.5864197530864197 0.037698412698412724 0.10052910052910058
4 0.3005952380952381 0.6000881834215168 0.06746031746031747 0.1119929453262786
4 0.33035714285714285 0.6353615520282188 0.043650793650793634 0.08377425044091702
4 0.3524305555555556 0.6172839506172839 0.02232142857142854 0.09171075837742507
4 0.46701388888888884 0.8664021164021165 0.08085317460317455 0.18077601410934746
4 0.49801587301587297 0.9598765432098765 0.0744047619047619 0.07319223985890645
6 0.5999503968253969 0.9440035273368604 0.05902777777777778 0.1119929453262786
4 0.16046626984126985 0.753968253968254 0.05902777777777777 0.16049382716049393
4 0.020089285714285712 0.646384479717813 0.030257936507936508 0.13756613756613753
4 0.014880952380952385 0.7164902998236332 0.02976190476190477 0.1155202821869489
0 0.07465277777777778 0.7552910052910049 0.14930555555555555 0.2213403880070555
