5 0.48963699999999993 0.560494 0.007050999999999999 0.008357
6 0.310515873015873 0.4832451499118166 0.0287698412698413 0.13580246913580254
1 0.1793154761904761 0.6164021164021163 0.3586309523809522 0.1728395061728391
1 0.031001984126984124 0.9219576719576721 0.06200396825396826 0.154320987654321
4 0.6321924603174603 0.5008818342151676 0.042162698412698346 0.11111111111111108
4 0.7001488095238096 0.49206349206349204 0.042162698412698346 0.10934744268077601
4 0.6378968253968255 0.6485890652557319 0.0555555555555555 0.11904761904761905
4 0.8717757936507937 0.5396825396825398 0.03918650793650812 0.13580246913580246
4 0.9010416666666665 0.6481481481481481 0.045138888888889 0.1463844797178131
4 0.7948908730158729 0.9228395061728395 0.06299603174603177 0.1472663139329805
0 0.9211309523809524 0.8818342151675487 0.15773809523809518 0.23104056437389758
