5 0.5663507109004741 0.8925561797752812 0.011058451816745744 0.018258426966292093
6 0.5586273666092944 0.35370051635111877 0.03679001721170394 0.11531841652323582
3 0.7445137693631669 0.46815834767642 0.06196213425129088 0.1514629948364888
2 0.7866286574870912 0.45524956970740105 0.11133820998278822 0.13597246127366616
4 0.19798838209982786 0.3597246127366609 0.04937607573149741 0.1342512908777969
4 0.21299483648881246 0.4991394148020652 0.061962134251290955 0.14802065404475076
4 0.5077990533562823 0.5464716006884681 0.06099397590361456 0.14974182444061968
4 0.5625 0.49655765920826156 0.06777108433734938 0.16006884681583478
4 0.6186531841652323 0.5774526678141136 0.08519793459552502 0.20137693631669543
4 0.41001506024096385 0.6669535283993117 0.15006454388984516 0.15318416523235798
4 0.5997740963855422 0.7882960413080895 0.10746557659208271 0.20654044750430287
2 0.34321213425129066 0.4672977624784853 0.42889414802065384 0.1566265060240966
2 0.7463425129087783 0.7504302925989673 0.5073149741824436 0.28915662650602403
