5 0.35545023696682465 0.35323033707865165 0.009478672985781955 0.02106741573033709
3 0.5952380952380952 0.5035273368606702 0.051587301587301654 0.18342151675485013
2 0.6448412698412699 0.5220458553791887 0.12202380952380956 0.18871252204585537
4 0.6959325396825398 0.4470899470899471 0.056547619047619124 0.14462081128747806
4 0.8348214285714286 0.582010582010582 0.05753968253968253 0.21516754850088182
4 0.5406746031746031 0.36816578483245155 0.05555555555555557 0.14197530864197525
6 0.31696428571428575 0.281305114638448 0.04464285714285715 0.15343915343915346
4 0.20014880952380953 0.3386243386243386 0.07390873015873012 0.1710758377425044
4 0.11755952380952381 0.6728395061728395 0.0744047619047619 0.23456790123456783
4 0.5446428571428572 0.6860670194003526 0.10416666666666657 0.2098765432098766
1 0.17013888888888887 0.5317460317460317 0.34027777777777773 0.2962962962962961
1 0.6478174603174602 0.8853615520282183 0.7043650793650792 0.2257495590828911
